     1814941626625976917542701426232126310543629736127140834896633806560175     
     8364406356512802341133155437188560746332337310506479797270431674749780     
     2090397391856876648715929280628223394917642057102299810742580375393488     
     7398203996542609260897624408688809922285669262366053785390598709471506     
     1298005809365600577410805969361249266498378771362321178689183364496257     
     7128544453363502874272191117988946523608592961999107710739741194748370     
     7385484361234440401270592431829871553884084379615968943566950783592398     
     7574359074018586244925003966408425978278635000763806117617892463900744     
     3485227507865896627254334265277699402806217083648388799915340942944947     
     9736558418059577949004112056216901238781377449598393912901012418058583     
     2147526417683221618294155720032087282742950251728643897597053225520693     
     8670413732553371537079762004070557078686160235516341712132522645866543     
     8717898876926609247265387495661250334820098594673047997380366433683587     
     1172626259258639912848020284164500999057361843003304774587172456649329     
     1032014971326787130836173204841120082590637866721828336820473090015472     
     3326104797233848114305578573953645437982671237190790353938559970935666     
     2064314801343668630286557556064532335627023977271102259292035140957602     
     2284277338307274282009788514501467199869694280713479967751937892371542     
     3618991988191763685405563216684873220781912515851134153090466086785945     
     0525317987443461066376412792248220059828998008903566402342249197585911     
     4014109371156805863314598714140407476472057937466906358806228665163258     
     2098373909816104973486541589477447213342160723532330269336303597829846     
     3741909576048015907861421541594086657496885450087971786588515818256904     
     1325491533652721975530240567117173529202851525687399526957211810971286     
     9065197889419929029881407955841238910129335386260560963722820311242693     
     9283139098496769402128217923035355197146702502557803313694049170225038     
     5881798690404857385229568100530439167629741490703738571512159542058548     
     3775156605531590001810572475933414742568941617810467865521757647825003     
     3051294969882683483606507813915463578096881533844126557473390261414743     
     8204546704734946945543137685245134659197467795192259131029501892027931     
     3995244704087923128980264756960042526153582687780755784381650535417338     
     3258838636505171570108712162604385396813951035761046297087351642279920     
     0019545493398463588219135725346700218204339760832929246051619896071742     
     5327205914287925846938318957227015792642960011468029887065981081305231     
     0355271511052772060580232390495530191222142345162793974888773051699739     
     1159079365514488278883166488879209557464857956782729547372593583621069     
     1077657083171728329533873468841789311093245400161364759887263966482524     
     5184825677158732487217947226503852049260001624180007522416073187846471     
     3701552810510172163385873082550590405149862500916067912076655044359780     
     7003132234737672355504050956776978349718481705740857875967545457345663     
     7535831601599846856438351323094661013049129595893704445025220599551231     
     1674221328332608622861179222235176264131910489850763198167633905096928     
     4104997417920271079851442858420874980880609551149458491043261672097696     
     3284684420598151343744410235584358529300163612118814597793598573164739     
     7574362624355781089509324119950762645098222943336956256852543933402648     
     5793039121832935340723269435034337794004476013897925054410624393935311     
     8336330972238355736469172000569093111456975717184325503849862045312971     
     5027504911334064430959472221925401241933113537280256086374672671306810     
     8731124889100654094738768763611946328675002231938267989246976837186664     
     5199066483383355219741657518333786543426771547927634645654878091571788     
     2082646106482967916343129874549020246295689225376479666133403705035186     
     5373531053129220359660532345906483688346140308436055552155074800224317     
     3951379169271204236439392243767490432714473046163783574936739057388717     
     7846810873664536190993927159579104504795592222056069361638514761809599     
     6963693257967259542001605384946041873272161182927748387994825776793438     
     2719983724760183062352353819913891364318988707048734491468388222646980     
     7836990352327361804928516279387664081090979899504457079004851477153881     
     7187494902041185859040666562302215311985911340413397916169624779812667     
     0519425931471930414589907331355215099859782883425843822818247619962084     
     3117296750363364309526913060222265004969365121621111612197183038246816     
     3738350394202373955145723191097087269144344905317171866442433654445553     
     1730445977955849015770298406763256332611229940802290032374454759132066     
     0349318643008007122729452162903982939857416706552538496085434012598312     
     4267742350755340206349465739502351352104055924465877109936598467478256     
     6139636004523354482088921342320951758380397099869099840447574538670184     
     3309319953970913416898765509061924401751370444284625548146219859138155     
     9040530130258026076815411591951677856148598339608995156405833169027866     
     2183133784464112548389252860333652262731159768345868753965438950653545     
     5796542737053023074217063291347894749430984359351118613020940036663630     
     3722680049997476415112505948181917154315646019456893799693180615115740     
     5022191220060392580851554376159612128134385950671902894875994005265730     
     0506449137230174124611142206068508951046353391568409041006425279223404     
     8703045258166068310021106992112237549224931180521221037483206504896716     
     2474990845131647185511481034877002291991479057888309913078903477860718     
     9026755791602838770100679688122575966143717472816844999473849992491009     
     5155386169937010093690432913624081573292734211089039877586191628745522     
     9997689882318126727829759688898659354510731303888539921223208010716980     
     5222628595940501210845160708395465707651041885253240929392445311415766     
     9326566529218271454836224808262937129618946637621542527585245188082190     
     2352038722056526804477803939065769220686165580460888118543295473728964     
     7006582431323904634663624401419763268791914250592166305981875210109295     
     9380233523611926944614428014542829538964623709124109592325127498954277     
     3578051725652273010873722916680975293005102669647760354059927193435071     
     8559112343490154658476343521811246462180265918290831337778723287051348     
     0712017356799868908298781677219421297031287012604436161895060406829707     
     6780782428421442418347890300627566771004942090543583575887873506365961     
     1038750706266833268383789396013837470284814599407204456525434586916435     
     4617789500471534245767636743023604536290436728565291892010439601618658     
     4845311948245315045105111288035794120122699206799584431218958181862175     
     9073161529516685101308590827743226434890821108292035628214011097120372     
     1922565777178003357844172174272708088855423526418321879271949737514708     
     3992134001204178962218996254665706489388772288463053601768551688940978     
     0585385385739320627896579117026688705423568541592680604176493885010565     
     9881753831202038045601270894171134723521562099063720702090219365901275     
     4249809048071435690319677997206934293125793775451927703877999352552371     
     5905094821572256509287330847684197011545111783361425530368534670756757     
     0866539130562040450793821001993854302547423475606627885128374949172601     
     8277360866647154812027467977921244511010577855337537345371798046758072     
     2014253163609385468125496324744602539523001894024667095848857750366697     
     9886403636241234946848670775544190884912883491354858442403044917018369     
     8564868376293277929658952905414622695747538310509429788665811387203762     
     7013232219554485782218575218516184717193850389682578195333885776672031     
     1840574364420140822331269527585046832760790273866487205610981970012471     
     5262326800461088651044040599575137977566102419560849444857557006578184     
     7603982698809223477582419068600322291233491035447482274997482368814894     
     0691731711827234682852747589571044357333000524460143264300308194467314     
     6735064793207329972551584282628090590806743611389430140032410133243751     
     1619054482099872415551949277089014138457965852253411540844896223649872     
     5523640484674780784908968962724682131154359088098506518286058963379527     
     1773674955219754750525630845295856945931388259858669395857893485080936     
     6279478435752247512078422421691389362541046406277065968801559063120966     
     8976486719860383959946414851128538963948536731339410555380471066274921     
     6593793450462288246015450057872402954660963270283427433756323666331744     
     5967222416879865317126514640660548914961094662314294879574128128478372     
     1855276264628480434556205878282632605365766613587313670750668031555099     
     4378036986620607424321483051613140621668124627505543488820397311912184     
     9134804594636454057585695366631357970244301463938700943167798376429189     
     3498704807097672001722107679144636949244073149404972809797543859769348     
     7394302306685984378296415811712345626385155017051961942054700944040157     
     9124013882627921361518666977978747109162167298665977896327015395265506     
     3811781768608698702911284172168060996862587770619390268940814415498831     
     2811287957142660156323477998579033835247947380239035624443638222620430     
     5259034670345679771023457540388135361244639391195377300997072314072870     
     0071816847178879899722735434817881628722001573760326661308513715625666     
     6609108498212372315664090731518749521114607271360029149948196977053448     
     7145358687883407210421727466930877460474916477070947133589509634750152     
     4864625908252463167116149136114833648273947451617355984127691152516439     
     9708819844635540564284411452418955476495853047888881595458446252832666     
     4021387318049380706254054516038020481509515090978866904603081488503571     
     4105046490525644724667066968457870716387641133424626512687372509498882     
     7639789614964672960604653486548073636572531445734849819688262326281515     
     1032836095958531925335799011133364063290195101943462920742329988070990     
     2043045880942681166406959105766468032076075497949120977922898014019632     
     3095497111427371581690561394550352498471144767281952160497644964280680     
     5722893055482473587804847087118636902982460038322533116700472383271495     
     7609983300840202749324727521157720546214047957928142307045517181285221     
     2218412111143368857179070578119758920904080259131735871383851603163006     
     7838438643226050396728598314815498323775244488437267479996081545077047     
     2443646741618852602220938251833711239434835005842953779836572056647494     
     4959077690894655955441798786362723099083216843261152568841967475169382     
     6929562874565927850608418626763573118223336422662099462549222835719631     
     2779664824250176690996346310146146037829149259043427926223990864413865     
     3209629848349846906861916407371029188525698456049312877668451743352939     
     8475663234067552346565352245397496629905446646118990244734085896650179     
     0031641234002446130932276572462577232398638070795463080247113836323605     
     4760094548652356038374073850722049474872721005804721357527241554372476     
     8941867602833832680009497190997288207474557478976385972075750031387495     
     2900116875653469459333172484477004079598037189464212372669197645239463     
     3843082401805425411660269208502472672707692904421713757894953767988901     
     4307228517378390180971275263839397796013272786158514299763451971649636     
     5084765540339652013394719895341595558738634590633674902068120419829259     
     1061544260962290289596642398783276143163747670143210009654252299106912     
     2354269639748152124624291663210169869241028435255125290770951550290893     
     3460036627130163159630389410804037742160817765171177457539498525714321     
     8539580208377757009061194255153113665837377562098982964856004342508909     
     8347196711158373258947323119017600357240340286015347254211369306535286     
     5278655253130463937764880463249156725858679553093294824328223997711749     
     2084744525597338842135157141347006446342432245708351042422550889609569     
     6911113673276803981992904304469757894648923127845016191372680671874567     
     0149453436306595332964988875780410679480779215856500923639691475104406     
     5506443812932016112748898235176442576999235967037272261750840095934763     
     4305512792420420103257894621570319330861049798060268239055476555164057     
     7618026354979542535837247131530027302981292485849225468655152332833179     
     7744687597735562990656391337430419030951734945126894591800838001631387     
     0681538790564388298804582267614981264786263676555728994662948944568459     
     1228402074523005055610587507684199922770189622173594454335640588629115     
     0576454541409381245777622670727261173188339515058593006534741170673546     
     3406780989882147339292830740847690088444974493638208295600362386759115     
     1719290509958751213182539475805835983105513251916195807572959197899636     
     7929587051867852807406389036106894519263821416628005192361650070057387     
     3699421159352182983254222278127687879143570778991692379536727727588356     
     8576820703127142553759768612704158837738719856317590926960262443722026     
     0097815364469499414254792626617542011461672255287911946189974751752241     
     0653542796160398502036997039818896148455939476138540784341198481389212     
     4170728662630400000000000000000000000000000000000000000000000000000000     
     0000000000000000000000000000000000000000000000000000000000000000000000     
     0000000000000000000000000000000000000000000000000000000000000000000000     
     0000000000000000000000000000000000000000000000000000000000000000000000     
     0000000000000000000000000000000000000000000000000000000000000000000000     
     0000000000000000000000000000000000000000000000000000000000000000000000     
     0000000000000000000000000000000000000000000000000000000000000000000000     
     0000000000000000000000000000000000000000000000000000000000000000000000     
     0000000000000000000000000000000000000000000000000000000000000000000000     
     0000000000000000000000000000000000000000000000000000000000000000000000     
     0000000000000000000000000000000000000000000000000000000000000000000000     
     0000000000000000000000000000000000000000000000000000000000000000000000     
     0000000000000000000000000000000000000000000000000000000000000000000000     
     0000000000000000000000000000000000000000000000000000000000000000000000     
     0000000000000000000000000000000000000000000000000000000000000000000000     
