     6062714730904256864165921913218657593325524483928793671664490520233471     
     6009145049428307057097176417618427930531300257256226425355137518117091     
     8679128344492023353894931544773406753038313532367582500195738883414061     
     8235587459122471944697570420466393022702438508187797390235803090377374     
     7791681622856662222679092629668039665400634655740947844059220317726460     
     1503214418559292141936917314334007537962256969203187113298767670411849     
     8944330945961340688148083376724963052242607002361623882164812245839539     
     8385994432106326635467589104452575715112229821526101277353168833095317     
     1994408561904539850409549346422951094785630676025406517526627113183642     
     4311958466434116432153732041257419457786924979735607954651292235945565     
     7344684335306956294156683656449110535501090662272035368225176049376538     
     0920433198170367622989571453462906783442372851100429531596837131421041     
     3392336406310630713372122465166952563981416101126491069392753912799475     
     6495425327399197141769111766015133733989843199755145992054376090742018     
     7944631325443044401968807790457212863359865224329298652778863583431526     
     7485894010388635381920016266004337734765106211397191850794692910517822     
     4515639179464963437685876683789790357265251798076791852148171380574338     
     2538965755812640005529182625344279988428128090747401910319365734225690     
     4714859534043826012602601836619896615239399491119748621123816582848365     
     3911232947166530861185718873718669514904728695741008934967945323438474     
     9050887910352143836641678191120409944361075248307267037212960519018069     
     8283655016744041765733105519147580111801791911847151138834774883538930     
     3164255879317904076999020628040031671902480034576000811865380652307364     
     4039006515500258034132741770054272569696748396062654626139209006794579     
     3416065136954107944842096455356171591049940106800432158768501667656746     
     5134861672432555426133915309013514390176520347840768382232822710520376     
     3177496905704046776032362278385547860198144802332674275803784991447442     
     8546243511910221248205752008826617407291881995371336449094772698791237     
     1095135601782100785138729714629933450102606650982652253698778031145052     
     3147297411311182627180369152714723372711825731265289837315701208390841     
     1969560223054478501781168392861851967071823352032641875034171767722481     
     5230158308988092181494600626825936446145041312047783248701302430813388     
     8000000000000000000000000000000000000000000000000000000000000000000000     
     0000000000000000000000000000000000000000000000000000000000000000000000     
     0000000000000000000000000000000000000000000000000000000000000000000000     
     0000000000000000000000000000000
