     4953259965878746398345246384094737689033066236394086096590535493894109     
     4315542824194755784469819386593678317134616823565180433530162607772540     
     1673581568868381252396946968660607317574498993160631381441233780137398     
     9692256450640785579265846059691945794193534141377156966716165903164033     
     8080509283082090237073264620086679736912709057003474201493202362879340     
     4021099960180455913406577146803850854428952943584227718777089932305974     
     4527661698101032322743733742095560252393087790301289655252539338861472     
     4250953825304427711217189453273538321181922599956132246916189414418706     
     9851703702212934447907905893649896177196188386348106126312791076845845     
     5241453374454142677800691471891626140401001880250610485251080714963327     
     3450837340379253757529701235770200589202988972278285358721277274396596     
     4264511812135766001404141227074915271912122502574179122690068925563215     
     1793929473896924548420956203589044048256715548262880596871837756440970     
     0788895243560217139639199739008965226440190757034110628779303223217860     
     4924903309121416082782276859707371528626821198757515594208441243256536     
     2693308742893919121145078122649339858964476684556421621821972316433630     
     2305134685661475337924241815625070477153481524593735888142603981674983     
     6761178441241427022661080149269341116417173385457125048113353114918581     
     0032696182698178156065141950715506747194902030440377385340066666945686     
     7210589495179765669711302557193391012290950217857312768851287377190700     
     7214678283670212968999840912028979817599687103852131636346200486626325     
     4370002237510861636946724553373193953188777842716672445883355398495587     
     1273411698293963664837340667150148269369205472069090165430060189969200     
     4180791986338740371872293139059803338660332507392748241771603007852981     
     8979548272583641341048927602172335770358897163759028283069842961643453     
     3520919244151899060316452937531392000000000000000000000000000000000000     
     0000000000000000000000000000000000000000000000000000000000000000000000     
     0000000000000000000000000000000000000000000000000000000000000000000000     
     00000000000000000000000
