     6494601680019263416826575813252376411359318551470429954043173578779456     
     4142486312303622984878098315477027610185709390431541132782907575541596     
     9769080722287256367463420193415874313898384075415667170194785906557014     
     2425879572926563834241213010243324875044474139502974160521133821047784     
     5991278893015069979755280225840945541920825134349739023356161428620593     
     8038428102847627829411774414132053227503929147167542344506294269033936     
     8794902958642450360367965352639862341228485398538301770193020509104283     
     9054128708569968465390456996192477092733287231477038076026329413616852     
     8040864438657244415483863235510299558183859568151109264726801367336270     
     4621514332344953674397513595949340490272830225583526737474454431745880     
     6173317647566176875329148258338330854513361371097615427369009211154391     
     4757803396122494455615561460150503757281680101443789036319244370339765     
     8475106337066312634955165227054363379850758292274487453603477407539281     
     5690555337345459305336191206990293717500545884096587788715949760865992     
     2365204647526408867225297370952829878694822808439834548852152441298708     
     2368778257151807562772333841782550749207932904389452516058098325800931     
     7032739393156249140368836780410444077289164206134777516175384777811979     
     9534525354840115839966891244881741401292800000000000000000000000000000     
     0000000000000000000000000000000000000000000000000000000000000000000000     
     000000000000000000000000000000000000000000000
