     4291947879550948391144027465645485185146369949504223978112928325775860     
     5422378108340102161418011451671202378915632566377990030511279925502669     
     2104705602868722714183002270920129689682759234895646556422943702378651     
     0104409862683160892463372848353346095034461306451293929171869624496937     
     6128837749166342125774532365048535466896530227333666567205287861473645     
     1604927698426570917685069911819056735506334151448695797627602244192580     
     2378291499134657407576697714473591078322151181578106136026437534493378     
     7600534845418193840289303075918159733515019614603138949436892013861792     
     0211277490481201588016738034372964693269914162298342299499749665847966     
     0269393087263911000126054277968625807780047015425161651429617018196627     
     2120130601201982599441070655761264571902501092404357218912665820107039     
     0203740932893135277119040623677330844846783102668284141215367589334548     
     1507152831587769485872003744889150641969704175409091662278180387338963     
     3865709774405344173002572535560956443133394656870436918494539759948748     
     7885972557462567980851462590962657839949074677386266467831468140947378     
     9787814119561328015822429885531418919403625330134349769615620947153120     
     7680639194128807536232605424145255523100838499311816875604737886972391     
     1249562053115760999247972984075401458243662317650998780340531225900005     
     6263992663769510766564455807435591873590365150572797699920311154964785     
     7101586067619356822368668293664597314249718300365527856550977725541864     
     3677782064485025063952108785588489129811845930877921321516295185165579     
     0828973906394474683830084516965184077777902291157292952008981293841462     
     9818354401942066145772426246924571499659880744526331383344185525790845     
     0594903791249242320822153997837508251946078501160464443929122551335746     
     4143623058407868824214418594661418664368083811177779411569202043324624     
     2950972753486659031138099746203655840790842376434413102066813827950415     
     0838851218829617346372055993713407707333670970952560005904328912817673     
     5955344426069000352224793658431614166121270758330440409727945046470013     
     2820520989778688814854160755734335967236226806724169621179468969525627     
     0266520247859255264806659324346319497825112159574092953238927665975593     
     5102397143074944048161071412289914337682735276882487775602529974027856     
     2538113281820625835918094201087295721693647836858864710624541529994439     
     7972177446503372535231009964381376760605369104566805526654531249119018     
     2609380389396667268743592232175091377419037279769294805645399870331101     
     2315640067420808186200136613073255900189765900712015652792378619350217     
     7248623943642686815267160152321031511898857726727075406110887411820894     
     1399931687575497090302306513145489804427221538017056267421820598000503     
     5640901400845588644834398075566419377003156475378605097900114604031125     
     9485572369595267477459031198485508758930638850390842498391926325189302     
     8496895466088525017754588703714643025914766296927739481760806215613806     
     1711524454758831253876377772744063278200470921926916816660413697158282     
     3709926952814914903135860047381248365307287504591427997364384104563918     
     5314535817757202205473488616798989429413467805536724441627049810410662     
     6428199493866852250770031282730879721636631205339607889389160472761255     
     2077737558720647287586086602134401315356058924559791117273717247879202     
     5824251236773337502704370996699628029714166065840890412322122641830123     
     4673723368059849843940112376521837629213344100048690269817824310888014     
     7049244304405503321007957460895316761444293476361766948935194348479696     
     9507540996027161363192901923014657116269843059568967648792230621907047     
     1876697632694021766248041728298854829868577368379702489807408826364227     
     8739038342688043157740223427753078174862922984463657040447340872786578     
     3104461653563100791087213880562446204676138206508780263345178362075174     
     0724220431580830339986376926696568258287787672271073726068094378550982     
     8054057992173510104737088021872879898088120861422686433228093133940573     
     8787945765437748595371730782079736604935734489142194389181764862182175     
     6589785571254162423504089655712853500975454070367107694169927232249035     
     9442334646544085270647956231913158391329914864398141395421956970692756     
     0028280984235052893269591860708854990422517770144770342603915737766631     
     4230463662497238655807659639994809985978931635026353203202665695796587     
     5306800235475844816954471072611423996488821319799802567761984676424546     
     6997294920495413364280990951723531378270041088853263944901842739033814     
     4830432332333975872461591057843948122012503744346312594892111355645617     
     4067643202668643820106906669565135355684577434714410255590930775451803     
     9514116844069295901855753663422420503884971232784832765450774022875240     
     5931674542273589157736971512493312314970144562472559339281764259092246     
     8432541385498270231415054054408373912726059181966390765568470391750354     
     6675862881069959237220901619424255282587947664098107103809533009729253     
     6523048431000486356150517115564441048918324397514848775699249595086054     
     1259193908404422943462757696567162963606891297680543376167935503693286     
     3672015647802718950365623868559553869458773056931775519440793259840829     
     5991853067578195319186189711489652712783893074883650166530691853405529     
     2204643659380301372989731874077765998502015706018045209534465183791933     
     1719390392420816424171867997282452816384234392686383523842932014189405     
     2899932173517503279631662479357587700996752990920885361810520139164920     
     8792260586367172000501928749414374603741767287222202264962886708708589     
     2243372578394129736093979140785305687664230109346598227891861397022181     
     9540172310715194289954450794054710949223928148985921079949980980471054     
     6587100629326249709565576655139678034386237585024090353754505368962841     
     3562408619644979210956076579240258412649569595638642899425965047875986     
     9923157329453488549883819701660416916242413502735005035044766157869685     
     3925260116602896256798758626158649212724348268697855792765171319972123     
     8515726840316260377051870634038543677070958112564809596984961368024830     
     2295835190015162140679897332642914579807438918678402468517855655955582     
     1650150072825672541982752150472187224807556202176578221324233272987969     
     4379073128292440014992498155158462227727503567630436858828914032087557     
     7924969453190646362115891636132698925525105925929837980523657696425092     
     0391899550350802022242337249926480281364480437515041933716279694218459     
     0035624573512782518224254661536214742604621105886892075932275133430528     
     2360477476460233217739298221811884970242660615447173130390836543759753     
     6800972452877701730439140511619722407859586900889268145846625258185220     
     3321438209307098877952627822066265620232636980277991012148874783627725     
     3128316727902477433031097121324167988470448033987192022737671429760348     
     4400350693958717229879960986354457827998725892685912062278187985461245     
     6422327541523527843322142156570829938404721203317375129898707650233355     
     9213337380144253622718354296646496422956307647831760609426897918827122     
     5141871555220994289198295662846531261526714062834023875425736952541091     
     0799891979064272773536604015205392753296319001269172233891314830686080     
     5145292654191352474225396109929672333586115046143652821450967180248805     
     7339803278631455363773619362088756148173690104635324887195920917623731     
     1343020079143741726302000946383043624478186491203619564544945454840721     
     5147627992459145187581179104178686418976433384991829043574703502783827     
     2150953456808035303789346874226264981471617218758729703493892162364341     
     5496779901698160307058658167677092965203510852892795571938560273213877     
     5722845365593697337055097627818075783831612406203247506946823434472567     
     8717459767974116330193184955402210416012633767436219872638726212316470     
     9849537298115353631382160883559379909388521361648750790581168243349987     
     2414485767082200030616921579231758631865167213125261320099565070475574     
     7276813009233822709433805301160885827102479433622397527224175392068966     
     9128172040607878210473590496380869175564153611733348495478446946964076     
     4396972960545892472121904364659486239648738385483354389842693247654570     
     5657149904997716554481272112483900762924765134666872292649119337404095     
     8353634842427835453853521780737707458641339208460094386201464216012374     
     3776747546799395462934648732066411354332050138668250399828339315744926     
     3676347904944891099526068716598477020907389856783018752369278271667551     
     0829512817233363472472856955618298607339102726913365544342692555375104     
     1580282320335875466042175695589081320086489406414295265321479863319675     
     3179898178802029629247465111027947114561393181566025922918991955115600     
     3776864707666481809956604315452756212665095076997732122965139908267245     
     9582525231386060175107570931461237343679715277763829360648219513078844     
     2091519810905082371949259993385079538203381834454800473358871544225770     
     7627745779661135360527040861688530593524774583512756527584551762500416     
     7064342587429404756859474636786126188353877598358149735086990345695245     
     1982068183877774502814048265948429299466482000350212386947295249520650     
     5961797764025038669306635198254455089947730106150300743544844973675546     
     6813102846516299003688785224845824085969094611385847376417609508922999     
     3850740988135170810624614851794871826085421882740614077435229251824262     
     5036431385869399001761989297077306885068138781260200141738319862353427     
     0634560385379122178686061837887767082964681032203981823650985374222431     
     2468852719214208472569565784852199446818884700930412785252135367662353     
     9506466220676805782285486404744646674031418703073845116409391856587353     
     9179557503915084014552408038820969511367357294713088354829484231367271     
     5215029492937308442067050001474914720261337522104554276552203300910657     
     2178690287355552815048652737970186541438710459910454254793518992291717     
     1481735546415064112014275640597091183419572050295344061699628425989081     
     5022445723535241771411787118110014137959737656319200823277526076523830     
     9969259956018562881872320172656510916807052020113753916086587366365312     
     3682371726746726916907611666764430274370252553870588739619821087480310     
     8441208917951800216151670600893652878411172541588249018407956837516792     
     4054426264179191569775381790495902976301744942914128408502586629469589     
     6295311665757890998984982780421802401320365766113412937870628365037446     
     8684276504472491406409081707854582716950308441273307341342739415308946     
     6306527945288382668715325964409100512628733722107754812403301836288408     
     0685634801083980219584866305656140698670044073855924378850658047180163     
     6883809626283612245731293126292084614780400107138913428698928494043117     
     8976762172507851415547070956167443487810933284797806299276247314023713     
     8158966229050197509308975128721667389968882246773181974928134845001394     
     5807630432562341296553528409967712388520066169719974063744867184110872     
     1599123262104127775852664995259453737762777498112767420912096596043156     
     1695841576932921755213238629593356388015660742180235193366490979283046     
     1205862853729828819737602553413792787904804137925177180918945526606353     
     7218283976049261826900377324942866791249246031375028399743032890926651     
     7789278249783339224327340234125086463451691554425096188680287737195036     
     6509447655492549045914898618454258316569202525897959539138115478779535     
     1236060125527293901523294491231110504938498532025404288713985260797252     
     0914128102343708173216122578066401001904067386952838638349381136762968     
     4245378113241767544024982581675215280737841007476618681137167101746896     
     7732561861509117943473567104428846951684109864456146281721244416685056     
     2578374698142095296974640033021296382571330970453202193134105390985700     
     5235526882277746689406893119528766754089920053810270789514659366591679     
     9917095066741426867933305539985875411275926244525688293318306628710583     
     6091566214440683030071054340549704090701982427094048541897006610227615     
     6936131342471184803925422044907343671070878449752288476005903313682868     
     0892793860649141052131363225448462189938455981531546272582060682141744     
     1939788316670590269294000152678932345971696354090355224795583757631513     
     8574504003984689869697012385164437881389486219273170968229800493895272     
     1988783244957550240720744112551495805136868487463395233781093503292030     
     1973783645929847381762330701975420441038671730121075032362981916311267     
     9477719632057861592412485073720245381033451694005960229702330010217778     
     2170360523986058322730511510184532652545416975223533523604300567622498     
     0942005149319848545976319682837894369033749646013259691405612327948017     
     6991214668997322607404110085915548203042418942511731383739525368787610     
     7487055909184354037368260446893646849043912772374975180149936966632681     
     6171187677501007793187789624068032999826863988484630710982369700471202     
     2326713395160487406107550283765804615804879290794300775299141762630813     
     4801560301640977432815834470581768255149352112398836038286629025341269     
     1546748460368820543085681254438160381206790763854775565997045568223326     
     8349022178865109090710466845859174292201972934734095836203497160254759     
     2185667817304306529935319954984005886902757437171494180404586788425490     
     3327240120381458324359685956840014986448053018147628302827865112699481     
     9588322954552641479918472153087510590891982640446019879753360306674872     
     8488364746938998849805246603494941181247595449969883392541435022117103     
     5988475884229929555440502704861342377283914082769542748677623301882664     
     5005487902812530963033475808881053568685199140124514261280818067395998     
     7463594271938209585797396092303966478317172213509593110637159355736134     
     6414101851736533539733790240924158524072339780859785788378169590872157     
     5715683963604596252863180976528864291382382157527228374964299626230280     
     8560668036062447482206215778238153265074997989196517973972008992827955     
     5673953677227177698784560863898788339545244401239968033384718269200893     
     6036714693845777647379617345115069483388357531609553206465967453009783     
     0663291634820036891538312639647302537496917210328981670353926393814519     
     1337584807631570947935347583511594232913068669579316263571792265889546     
     9009526129798378313026125584503409540124934913913131183470455127497816     
     3616092435417522854580352322378866882906805368664024586159318432519456     
     9965508089797154797463695065046966588714583260293447176191460868632164     
     3787931200909823514065618831943392646683699899852290709160634917229519     
     1619398889392294746746626439157983586389781984658946864069229740699162     
     3209904127766511644283501989911977021129876297213465646344790570712461     
     6186919289290122071379775666897666437557005227175848827192913675352507     
     3570436902960211017139697364896879179316725275184541240550358603099438     
     0671072595028694338776966723343552922414433460846612119220003827009676     
     6529574779309440752609706656162327897940236525722166633442481229329358     
     8803888194231947413184481345966416004622576642796267859482256635701390     
     2207485499286008419739785485518519027274864785169460944982410400117687     
     8242415014420188207573852722935726849524141127129890786838989295899054     
     0501416486216126772964458015425095302929894179561155682422271472053149     
     7058852249958499907984862324832749295961866920419789159657625511808470     
     2567048570926276769262808029415271201672763154418702297260514197731630     
     9733982134655124756327981466242414012218195446150464194658610622025072     
     9923772047957290431984853187537953097509539924322224333771029670899594     
     8018290098010887298796454247863805470621573256655058436296430744671717     
     6104703249237325438508063993732413714630618263107303102526053918216330     
     6699297912424046642308347886885813224378248820178198908535844756150646     
     4635010049946059794969337178548319896092140362627023461817989413256148     
     2872672215455846558094519330287329203316034539766817168674964257011576     
     4925827430485983034537692163279046825602328187133590479505289809716958     
     3913053062741814879646187854492991083410023852309653277770648895151063     
     7606173838516324923164004364821649910065600724754152658348819483318303     
     5113703463871254090551731419335196775989021360148450505572205631054981     
     8891501672118879608035194383082887581176206687558154640013282991761701     
     5546881418504608403902046799413571007491366169562086846653258138726539     
     4896639945348118256862887671578003757865033412765291769429336457915918     
     6350365907823761563224927388536900454703636929455095649768882851387017     
     8418672624258432441732480414512200964329185924149337571772504878755497     
     3204156090777488780261200509723373656422870086495349841711221149474933     
     9529318568046618108171508702666717708610961206970179795017432990189997     
     9181982530987452028835706990759555405336031092105629677199455829139998     
     7025890647817833483209908711126041148195961958026509876927246811102153     
     9715075314732370763480893333939198120345450218957662234156137749191029     
     5357723851840432361714083068890480505212118933349042943827413239844982     
     0963100903678567084923461735750415865722554336262040762780217240762198     
     2635029098317332641418239905445712365983289495693669508586174025087520     
     3120542049879213215526741144758436524355216898415149045899414981831073     
     5334181356113402558675531719809141692297383884563556647812646152251594     
     5247194734112995345606600220499383514554749091144473968151133050839008     
     8390037844410251450897806932544926356987595038089302863446987309746901     
     1454180895316479947866440020528753743131023373239811226317530883992236     
     2103137706783179147865552802140252498235297921243957375776873854403872     
     1718162143467425094756075180234480854669095078141399245068734298344188     
     6666924194780578858210611818252154006391606301344266387554799219981896     
     0010375245938164884958849983469386634084347376767091593912928672726832     
     2472996355221863231097544679129741019510155032816885776276640077964609     
     0346318202562649392173055022538056401614941202991088362662725340293976     
     4326668708511211928257191467877785785429972328419836342287873835908311     
     1961820457752067762371072248173370177946971274841767361248734090771620     
     8382483386287626266313995350487065247603422523420631143512308238074843     
     3738836873432260169966226402275009688338132830895579409953345507328526     
     0960810067874351965243403025605683320403278359256579247607671464321241     
     7103602240520554913316002978636316590294491585415305409011234993358319     
     3674641525129288232264937450136588078079472371828090861236685121508480     
     5488568154450779264170952867316111445915604321988769288706126094484583     
     1554072759706008380407228175211498730554982739063265280994433646711268     
     6752786535804470159796526101120803097499043507274173889755350262469670     
     5218339107217991219339992982499199258841449924524151691897870349427982     
     4184979290090563322288183797500930451937257672883574854060865720682626     
     6053097343304509763744641996345080755387636815645716576397167642691292     
     3961767307981425164416347818529980652315553500965224894561678038871200     
     8944467520792792309770102903054063303477234958604942319221102309605069     
     1796207307237005630448052954707103508003392028660141879954687194561275     
     4208316241183655441161195758575982797434788774423244039673301532695416     
     6947309626885638167186535561455825653389600004026692243928441250498786     
     7973562699191110215268083061870692336962237138143870909252747900960297     
     4594539592092188086430660706246630520464729598965505383576894421633657     
     1741643404469510838916634897412901561356521645048572243553108674560566     
     4929752826621852640498281365000569989378339113039224099784269966887395     
     2556297069263868083277217768954627909210726725866708760793241895686449     
     9208336098614361150070404907568544536238570400427388939731908745287064     
     2928441203367839032976166471569601446746195297389860804885440028510785     
     8870219295465610501952769168555082141413185849302279242262514539721211     
     4137697167672467456067002433957772553822962457190972065711084897523994     
     8663865011958584309508118663387843694803478676667360202069045857704787     
     9646781777705211015436366573152936337083516084720465044681216363578305     
     5712794706952441744220277795651926379138900510666482677855076828321678     
     0620921151054520006760010812568625249068538039017288856882972507385338     
     2129970325171397939716701620230415466138378049908175678095526500676615     
     7187397795247364379050823323415437130789220418149323132253347725870636     
     3197541410104146931672982594316424310581092384172667201126400000000000     
     0000000000000000000000000000000000000000000000000000000000000000000000     
     0000000000000000000000000000000000000000000000000000000000000000000000     
     0000000000000000000000000000000000000000000000000000000000000000000000     
     0000000000000000000000000000000000000000000000000000000000000000000000     
     0000000000000000000000000000000000000000000000000000000000000000000000     
     0000000000000000000000000000000000000000000000000000000000000000000000     
     0000000000000000000000000000000000000000000000000000000000000000000000     
     0000000000000000000000000000000000000000000000000000000000000000000000     
     0000000000000000000000000000000000000000000000000000000000000000000000     
     0000000000000000000000000000000000000000000000000000000000000000000000     
     0000000000000000000000000000000000000000000000000000000000000000000000     
     0000000000000000000000000000000000000000000000000000000000000000000000     
     0000000000000000000000000000000000000000000000000000000000000000000000     
     0000000000000000000000000000000000000000000000000000000000000000000000     
     0000000000000000000000000000000000000000000000000000000000000000000000     
     0000000000000000000000000000000000000000000000000000000000000000000000     
     0000000000000000000000000000000000000000000000000000000000000000000000     
     0000000000000000000000000000000000000000000000000000000000000000000000     
     0000000000000000000000000000000000000000000000000000000000000000000000     
     0000000000000000000000000000000000000000000000000000000000000000000000     
     0000000000000000000000000000000000000000000000000000000000000000000000     
     0000000000000000000000000000000000000000000000000000000000000000000
