     2213651027161131807413719829369338799375988374494133425070674839467483     
     4947866727420663540178743342829662232154604640994269436684090098880604     
     5139771641310848220581747426503515718750150061869905207231288220839897     
     7789985975900983806466620256489800385668368481721893505887789029163435     
     5973607753291038638688465669428633265833033813273590514637581860957861     
     7284986364001108820967184366678804110494896079631001574096887116520036     
     9157660675739878502598498737907980982531257274798640737797359640839650     
     4485323372039975331102482120237620809321702230503112932037849542521655     
     3592503247978307255922963762272238206591000196816145648555649444275420     
     3384337474003338481330069208785540530546972306386492620763859555282756     
     9839812055414194811604010128555768782642201602119501452382951275458597     
     0389042383399414795139290997216683965046627241302667291298724064065889     
     8674925104277535233402695615748444419940090910984126220082211404079484     
     5859408972117750555193712978992780167174695470672380059022416671628184     
     0964435670479282187549017876426201412187185601478799085704794965109188     
     3722022263297868517245895761068155092922386977208415364958041861211290     
     3193520354335394466439030555391527797098619091896694665489028067780855     
     6140843165510203982599582358715886159338749963971315213684344727692361     
     6915817004463355760963101386832533331890494463653459171894078347702196     
     4630476680927003618585163220756554575359292212266223667978195446632079     
     2393943145639452331777722890168466029160728482346525138876155615332078     
     9769478418200148259987610880036006099949430028992695021398659071833842     
     3645048008279817583071529330395800462492195552363396178594859241227887     
     7007020039560825969068971991674909492250828199210305843565834012772969     
     5362101323526313863132075525097571632819431118469198811423596327365786     
     2637786506464026196079194123690647489800017690896232643696972186431577     
     7070880068607356872044417688731229833192682921555436800475762995433027     
     6838997491637458391860428859729273761890328674755285389516584556128305     
     5164544866045382629983823239558188947646208667182192558185392266951301     
     6042244159251780924539279188866142398164551986103742023676275183868340     
     9692007340420167739601490914632849798340418030844894974324987096847625     
     4298104948546567550037239046218644638630997947053467732018670908843050     
     1351301532401477216554807419959005356534972918225824840391156815925661     
     2687144568489141407134924265704441534757931060381023147494875877007329     
     4306441846472814034408990179136065209118046207137352814561534765432894     
     9018945937920898189435324131416073706732061916796953287966074838356188     
     0270024419422791532003942528980667884459400752904320914783055332608482     
     0536430947901357758087087817672529587580212464070827865273255342176392     
     6473859878924911431131010674748556737722689677522416335270654478140408     
     4233122553580410545274413571211782206831996721577820631454601358404720     
     7556852861776165789051547531822735063163052092704474287948974409654852     
     5907678479159300453343445580098081053520818733295373491172343618218681     
     0248841163565552099848019487311073273911629552050766572213092591759790     
     6303939130348030245122784298628588361247056901681939468738092850536907     
     1549756100164560490385067002629825447490007193901491406981279214564235     
     6020480237435953545715699589638286580260979065088678390968193660450362     
     7333771445617409969156746415493970007791444082888035024686217092793990     
     5666313498882290236088582372379252324583588897367017458271939814393525     
     4222398203781901308294886593947315636495005583366783829297983324015288     
     8963305311029919142561727796966214879695376874356632993201728486419941     
     9766794830748096913762499147114500871674061993850642030316861398038112     
     7277441315578201445410547779721712233073002984943623240364520357826465     
     6864745555628344521638252407441541312553448149455888591657332035410848     
     1638626144622162985826801262972373927777374494585941022535145884050105     
     9720106287531783202086966203305446818264098714800169251240235818135206     
     2992303378316374157097053614043803999788645611951079486908760005842832     
     4615142536636240639413254567967888592027693232220904978835242932821149     
     4775454481710704290454049419192041909338432266189764437558820246414249     
     0291244131109254904321622595061154581509319126631928001166537713419710     
     3987791032133494891142826584964751937991219410623717072443474913500493     
     5462291136370242462099996568368168121828243058925080981354307071257204     
     3940781887880625440779850938716564735346886724121003374862046050211383     
     8009542999896572253569111774398548893431259006227784368066560669957805     
     4896075649430720692078229949457621506234963612264301859718806775690689     
     9578547644371743508628135235899336885643003553028541800770106373321758     
     3617414842639607534685348155805706079080538894336204679922015344625819     
     5802661831809738606383067050887079993209175819983410663577158746268844     
     9995650925862795120251906207939438816943714913847707797280931185780955     
     2713445052480346924319214933497918480718557616232512851907195548017047     
     3414594473859495061623349588842903734025715780845983613933067087520129     
     4790719161981927074055606912977962120777989351850422015229906933652756     
     1605106240846779157221523023105489965194908013709838077963844903668470     
     2250518719552361335115931725991357662026222687943298382369846941708909     
     5951435866122237335452837725384897314648475911076724660247159023178440     
     2518844382455729156585662475605197017002295128676769511270649348910241     
     1149567701228099574946481580748306082383847951960242177002073953559754     
     4472246165842291313080399313463122962586165993362642428170278969544717     
     8355818326575285541839433087384949309466326301267172788891705718712685     
     4582143371737442969014140572765136978472515088536196544478668296538256     
     4410114695587739755874859488070501401734801257955918793717217686588964     
     1028007140781649338219799179161490592895047440377760994924834406066427     
     8071083522420609632310865061643858947436061814688048317813422664851757     
     7867780060102490286902223344930435320053870079113292293939418422920871     
     3073580204906550087676507419916923540968325895063677526587210807571336     
     9489183678134163370717038782069354848413058036609526540914584651125707     
     5848648132159155734199611240234194023502712841087444959490949357641689     
     7290930716821410486030476780782280182363270903507326224922662642242177     
     9772907178223938352121123069260840102630930049083086974801082438711496     
     2935097879087914981892696980203742532736616041552469877299724014073990     
     4006353235240587895505561093402317391280403063738868513910664058246151     
     7084037888514147407695585926593349005853900927350479593550353353800609     
     6049344216913894856395732199186447487441881880223692381384750481668620     
     5739520847236597560741683321489298571069805457318577278457578568370486     
     2544069064529769967846133291772784078357324619839885997683721071835584     
     5028872515781261900628096955959491985619187392345525427939842094193946     
     7506278924767313169251875832060822454840626220783693438861300962099623     
     7839278178561626198111684882181890919672845778554685158396750919171929     
     5485133626439576188406466150038572979495630278399413195320840726624812     
     8662875560171674472074850082423839473475060524187704066213197618939850     
     9715534809718252888502409895247081805644647094773331448884964782207114     
     3230383140205705953117611514217876633969379325434176581788332861142001     
     8684277285051257432129054826105238580936692796173740801291705088548547     
     9222313194673775118776363250157314886603161156276317951430669838770238     
     0655251454933930720986829752338657013758548021628157613859377227876902     
     5645267377874920052180017093797996955749327579845099488871804533455252     
     2427287683103074962176069379774027981021890381386694241994447528783207     
     0606901862799021768984921283391346996970515337817806640019592792662764     
     4367735404515660136448000000000000000000000000000000000000000000000000     
     0000000000000000000000000000000000000000000000000000000000000000000000     
     0000000000000000000000000000000000000000000000000000000000000000000000     
     0000000000000000000000000000000000000000000000000000000000000000000000     
     0000000000000000000000000000000000000000000000000000000000000000000000     
     0000000000000000000000000000000000000000000000000000000000000000000000     
     0000000000000000000000000000000000000000000000000000000000000000000000     
     0000000000000000000000000000000000000000000000000000000000000000000000     
     0000000000000000000000000000000000000000000000000000000000000000000000     
     0000000000000000000000000000000000000000000000000000000000000000000000     
     0
