     2411461400049600936515684788441469746144503375877929321624756005896385     
     2365575026934463880763634106752446612830338344090019524578526567254199     
     3712919506877122056577153725764358392367622568404859582105558517480538     
     2969403147841439931372464722250000449995392083075256889873480944846333     
     0077654072575475523378239949128810379024606782236371360229961507484405     
     3944905570444324676204208872514018781497052444805636763715613447847001     
     9361645452663424132396939928431512578493479847923710019530384473499194     
     2441138974042162355541839542608851741042098849910895723403607162064490     
     9674991635918110808085065486155320381538113620507028221629365492216977     
     3195736698605706321628170054610546851840000000000000000000000000000000     
     00000000000000000000000000000000000000000000000000000000
