     1376705338084913622610578167070035724179381181728850955571931065422085     
     4978576221960069238478627411841337912117445928862278169922197259477474     
     5462815434588593269532861427463175755324842336773120721320717204819202     
     7832688879534270580047926731812740886721913225848929450205608646291272     
     6720279101049075979999321740615132782734037027335702041312945631354050     
     6935976781197002681397499777418193142593520700194547396874553479264731     
     8498211836785157843880269468920555049789021710685580599884797693461882     
     1577966871585184880458343743333458975843945574859233980980916542164320     
     7291404406732365012356085060320000572032217414627963458380822459942576     
     4883091449506267519124653319964945268719011651972842728481224142422085     
     6716921185273272477459200370373074342347236010870344744170780376755193     
     5018803591270673462655780017176911104730790178782332110400874161680443     
     3458420418387522673773865823684693024402617114433558639775713186148566     
     3666724428439117879198891116063735484711893849374513527036844194857195     
     4853202138838938633493716502550198848545732512551603696102444341974818     
     3157448180689575243735165455859685218514095638057113104250784566724675     
     6185337671428227642795854748631987240963684230420667042572216183304367     
     4596633787085992866160096076417675973221534467835236889753554977190032     
     7277359898970029302895013799076980955312065824898107523861050173955490     
     1827010942274202107732035816662741228216668347250720601340941234725912     
     1896886490619592991958430278441557755589147513015745960434648438066442     
     6957504468189500699099192530464576448880341624426841949368952628965489     
     6732529138786034505303896283506065612772611151907806075337364901059417     
     8419803390686056551163745176539214462030741320161559144782799221283157     
     9343561704126634301167289320089640695014410514524942143361474444667869     
     4183581156533199686502996569192588902655936834368816242728730338752685     
     5190620405067339280339894094994252863921919922229322486360667004541270     
     6999271866966158885179572648962886156038903075733489172190107922539852     
     9727362341280716021989511859505378541823645936137621790959096771606151     
     4533293997625248774415515105020023935684516252029941469784699064923475     
     8473443663403537605345611470490811378576708480196324692621704845013390     
     3257208114165904706536648925828200671741200198723284916224292955788367     
     7300175440843044509478447701123962539422782033381612280889045042494618     
     2352334164469523593762397039346091490340661257208594464053292370782302     
     7444192131322023094985303409952997209812134570494445010854373481094669     
     2742594776653146397206090622085053119227131531730892590852838996625143     
     4262971059037630690410277194804100563024735799789816160576383758654276     
     8676059719308424751967585788951493989065902444450830688326878007588479     
     0424884613866879584696748626132794733664921745550384218174595814875439     
     5857608370315161098314716124639007873810841046194607722406796424097004     
     3043017971750063819117239196319192606898618394378913099343261060183189     
     2868247858571095508698310236470303439842575318701874930203150483638941     
     8000730200286391015526051425774584788832692802893060134340425111221890     
     6168089111528500605245151516294684456524804519273707821767254925618818     
     4945857056689038342070262337673887447125402781196163923604088742386096     
     8920469749308655008428214511098448298948038711195686733135279614706859     
     3200726400436808087660564157765350166289668867750176369902106203376171     
     0909263540750242829024048449422411277687855549443071371482507715632617     
     4974547847103111669230900313691385717206348064286127521098280731328666     
     6305214471684386409535870023326952061342087423006831051333137792020791     
     3658021684744782059256813481112985406363252705961725647566734422629605     
     2697402244063749957862867946860512219186106273716615396254327611126110     
     1501054175260584776229758821812624736648554372455731358811041897942745     
     7978434283726137506588993085276349743326383489295832772898007025722353     
     2847058222510815775493488135141530815465230601229349245358896659980388     
     5070918675268166128025141340485754786687779657834169425067388348650963     
     8646324181852427529442180763810136434547192366883155568187027797808191     
     8205611974878529283081095019989181911386173155313641362507143829023088     
     0639624612395180863287057052774262718435429017120259269201295100771274     
     7752554863269319696602948108585938021796140487925564810142996183259236     
     5424552673975368960110068246961404273414652268111067111637243443939021     
     5360527677087754287189754199388417723542024302272212668411144772694250     
     8687840950691561162420527931518745413156176425322776429285927293446408     
     4915008597749166089920260611862424484215200241811822240157731818511170     
     7362777132033876627820133379640719061711883690812525304719914255582348     
     4857190290253427273530508695414106530437786041413908910539261931978230     
     7446165619353996153027242412512539217545817780647077446093675813344294     
     5731664741459077132952952870767079492435160234858140987077965677539291     
     9942728993812548881549812938864604561364602072996698910214781430102857     
     0038483543174198834345681741095794097110506497812042696155918078752499     
     2518891358452728884359885501991819162442388684096138017257935546845076     
     6561127984247406657687072706319814015447322514205388668154821042963761     
     2302137195130316089516242851161434939624577708292840360490955073728655     
     6695563749609575037508024034443163306348976346020408191854417715194345     
     7535759358789593968671585131396877092894273886419211911521189037620070     
     8829082382779078929318166408710717130965722628241456169451208214124016     
     8653688833139876852223571264497766469286504968982390093356867721042780     
     2628578024723523126687106702137842959785537155240230942399329710070836     
     3050283722198809305165609347894823584552271272930873797092428900728249     
     4620467849584979912975670307076966570221188834671388835113742331520841     
     4175670949436552664537204074989613523937015419977452964863443707493659     
     3627928071075617288940963277881203434556035322395465080940631670796648     
     3453076969882466409275144207102698013518291704705436410213501270700537     
     9550492890813302462010707301676231593068210504505784321238661370863726     
     2727328636181594769201125175060444133543145473414051571937959533055707     
     1592961345049789266257706836990525553872190298747995708227381763141767     
     8154964073418823360520089069892533946650724704432897227453608313958681     
     0413077940647484417875609702602266280063012272620926516718384469074178     
     9588189438191846297999742827989653645263949017290558515564601636262531     
     9264509210812747305903488819684007237200336297599095395963570028659977     
     1638803007717031748811318984005892998928118526294437082097387338801966     
     7584222022718529711226428522742433524447949072494124046035262761633410     
     2807830467486296271265610977916041492290983025358822503706019914830115     
     8867110931716496928011444370141863462051189945635416496873775596977982     
     7342911182858217107830032715435677669944511463540393245686102211285740     
     7540687781828624622455158027028356580046608274345388520093847512813240     
     9647077132837192967117719303502447005252421737688385011704088451729026     
     9588578793520684563555897047472390489680271854758532593693210182717747     
     6893852809603869611330073734238350330788147383795447513301453733671042     
     0600229182314798185979147668679679704887782870241662590520453916906191     
     0890133321676329089563847878798764836687589080458195825359783500764183     
     7818248167129582327688270788845152476575659133528123598028025960077886     
     4713137923107852725185064509328432382402735007334400000000000000000000     
     0000000000000000000000000000000000000000000000000000000000000000000000     
     0000000000000000000000000000000000000000000000000000000000000000000000     
     0000000000000000000000000000000000000000000000000000000000000000000000     
     0000000000000000000000000000000000000000000000000000000000000000000000     
     0000000000000000000000000000000000000000000000000000000000000000000000     
     0000000000000000000000000000000000000000000000000000000000000000000000     
     0000000000000000000000000000000000000000000000000000000000000000000000     
     0000000000000000000000000000000000000000000000000000000000000000000000     
     0000000000000000000000000000000000000000000000000000000000000000000000     
     00000
