     7291483342215904620755192391678414199201524391134454322124274551853718     
     1563522604040359591391554159988693319559896964789616035341758100271617     
     3918063826098163813008535699996829319402059575305875891124808031133754     
     4210277227886103864529929666014087114931312070397862334702955510959649     
     5796366286695228979270372160790930725717612603178238329449624232820324     
     0780525389971522707909383391083655271469078597781487739741773207629907     
     2733551951463350407066382211779729791302311341588359324356907916667863     
     4263046229059738625341722321974267589309962468917512497947962105387038     
     8269920528398641259386860461340565429389996770095395772758804294663292     
     6846757028576058806597706464562532488456754082002451780133674384535812     
     5376172307643142098754551754836404606437923699172232072344742703666041     
     4344491345449567843254554565611619825116554518504485764489303243073102     
     6146878568418432639887006847446174119888800665524741782030203385095103     
     0750901106522106768550304463122598782431797155144969657819847011265903     
     3003472005760880088755548609894242482511994575054437786963905984800703     
     1453997726615533889153861249371064895147943829647259446587904690039725     
     7016719316911769504816853213303155344200334751202330618629900333524796     
     1951314767422864002351850286938204645263093140916763429535097054215279     
     5777301644474608321827619752754421432150486730655412150843247244182689     
     8951984013948465341820821769850887201185835061442009838508074685705688     
     1749633901266440101348274903904252288522704007046468654465445884223622     
     0350135125709367679243788153272482163087656857857168921635132759515483     
     0450305218159084327572376019842527906205838562066615557150795207401743     
     5637975817444465578911721479209972054913931713210382930658060462044011     
     6753214937333630115787543824006959885554638187309735809433483882252123     
     0782083709030800209556777837201124306764259679734203723983658346082039     
     4372894587267092287103321135748598909151872053115688531878150406373970     
     9689044646280902691847888152910468317268161855240547150900410716328927     
     4456015999758062899222800984303818199708068673360790095212564394742761     
     1579508492106215049374251010316736031268606224446899567374328158931825     
     7521419790200591402337274372849062167352019852667253774295360744114497     
     2831064483173301060637241180527812890753040622221799182821202636099767     
     3045607951448234534126309501801090442540114140031222637852770882257743     
     8897848479836423933125699737390751543780188746470063301216167239309578     
     4267420832026543682676377841857709159387287650516344012276955266495300     
     5714470548795922100926736822797222844758014897385075657755506084992458     
     4282241675632554830529912929040743749331701186951835173500189991277395     
     7150345037065561032849983803745279277549737198649968451454713800852783     
     5997079698576853588965976061809119457791481499530073419057952318840662     
     9456612277073761642018771497320649492130193313769126103930967552954225     
     5752609879236684527587201815638036610422230980398587698887584253391326     
     7191353302635627647990266255227536361007301833721587874031718025233825     
     2267348216510463648439812149392758333625105611062751406043344863762461     
     0461647342296831796416453232955966926454472917094707123277673726726457     
     0190258839960415929748925375229081208877614241480235202838280868223595     
     8880045897314081736010758569323025970499616899764015448169031724544274     
     9244724642017770357660859019100778243601905310538887219233594567269068     
     7314696693560856350066030252513130886778255115869985877982181182804156     
     0253840187689423766525146616457405621749575558951969277656609787598079     
     5086179389071438512032513634002575452482680291548532592905254988656558     
     8043543479759439517602216529227845946526776209651526549587455706276510     
     0168916295516574212711444804807768341235544042345243699066407010251197     
     7355404385897279627491046894238055489707325000602026869591437232013165     
     7724831182709490593714887287831263877505455095862351556193230038516012     
     9820712237659879009921275159908976632017826647963272113944158921372769     
     5035782962621754346461030919035086670395503203112871007428911755563843     
     5077471426494458557161605295507071702452215954696487130584254316947156     
     9183605086184179804096299680387669428053487067612153583822417499944201     
     1084273786241872813178342386352904225813775165888984235636921783537111     
     3685066737979004134637209340097964152643904469650610992186072702502960     
     8188763871293661272968805299022297448780957628121469387661418012794360     
     4534903500209707971350718120016348886106413889082290953822944527874152     
     0598857959513623264996313313039895210157495748995168492565725170572252     
     1421345213989869787097015376491556689658079767652317268835518811560718     
     6139638299612347892370449893924054109163694802643438011161311051024919     
     0329471537694740598174561614041879205994380095647813391846821439691854     
     0832354279712695778691711500825674859886585952037982492201456773159696     
     0718882240458739496476679101832495421484116149530746613683170531544474     
     7486527539428930505518478683680364419796146382921903295111122030097574     
     7907715879843686465103247875916820258013429322227504231514561189076023     
     4175071063420173868789761192351209271220042986326928746349363876896004     
     0876011717632053410691520733229033201537440177364595545565679580345502     
     2718615024320159386142456757763425767892403217764348724290295402539687     
     2781136888352711266734735573928351465599924271680217953621449603640380     
     2685796517065719854433453042617811332997335751090235239980984110940454     
     5406683366096783046520850639160496381368564838480576325957185032810807     
     3745142692487025646159264689761721724033753275962775935303128969486586     
     1871368670562380858443978097886563762227061017366208851949119948570974     
     7206892002641836750076023128819542016497082250859980107659335597935595     
     2014457638918862012773446287399420483623044997000400389401899193232450     
     2169202406456932117733256694465359634547039691218098181910625218790456     
     9811367999347276366286691316679061573956929501428422314597392222410013     
     3734440065532537550701840217949240025854050428358616055616078842870845     
     9292821121335152668933712281414814283141941215208877641368457175817005     
     5080481157356566834559411946529965725535145802172892370815873272040590     
     2047991169327537238971387163080991605850703167558061975610669572651854     
     1667965168145966377458911043657945808821234972605061339078453436105362     
     8598994736448572416187109222374103427056274871777335559232938961633463     
     6113070798961558803341920134097285947922720752081956969329375754130669     
     3862305844873459427575383025970108615233719344482835688106227162232420     
     3474555696320114125303917340330631146697344038551743649662678054063102     
     8440128051453136539024333814796452155999548492243027507799953447178297     
     4917305995147252636071494349319709140952495138529390686892487239098473     
     2752780817584670903306903036127425739994373912762365342591602190648554     
     7528834703393180354720878746205453703082862940833348909310588640863637     
     8621981113177758003739498625036480383340467467273792510370206904154282     
     5604884221751141473861100572813206701655037223799778820581659177987355     
     2819535775683508322978154234160921152370690978641735162603365499825333     
     9159142242303305832521031818248413127793122600191630397542944628200154     
     2373534667365131694814870375724004499421032856178846505558270901706344     
     2874489037947930765866787257709878714759564494113934461106251168896319     
     5615333355160199221823151357663703502669674338939382047489446147017234     
     5134031189589775349552963016263207974495818713199802203217215009256173     
     7128090276968205313564719410985122961486767027735271171089952688963842     
     6287220913872132862982925851543782838881320065187872713942999539927960     
     5838313565120393818200726191874904067436208290157007231575033650675609     
     7647166017592700628117264741064089907917923414569348384492638699520000     
     0000000000000000000000000000000000000000000000000000000000000000000000     
     0000000000000000000000000000000000000000000000000000000000000000000000     
     0000000000000000000000000000000000000000000000000000000000000000000000     
     0000000000000000000000000000000000000000000000000000000000000000000000     
     0000000000000000000000000000000000000000000000000000000000000000000000     
     0000000000000000000000000000000000000000000000000000000000000000000000     
     0000000000000000000000000000000000000000000000000000000000000000000000     
     0000000000000000000000000000000000000000000000000000000000000000000000     
     0000000000000000000000000000000000000000000000000000000000000000000000     
     0000000000000000000000000000000000000000000
