     2086248817284957842352454182380597204536692327160523242117634340501110     
     3236846583346512980158760042716052234996241799717990076511070652710939     
     0673062422575618470226813090430788296071835330183904456266415843036961     
     3947630152394276035561482843379817558362196055647492991498718884897056     
     7479897282002530076009271278757892201223443754599082981711478905658344     
     6980568302308388142331189850689492557879647559252812756897046241720544     
     8148896619054004381194666770136072476661400432359266570226248369526975     
     0531404044383684814704315327245806519255730576392190498348316663730319     
     3015941657765616408403131556754932275908637223493115803475412789370644     
     9784520835130992327892047775775165474107753915408477378296909568602502     
     4761100801685508227254327412159169143222940039305810676582084748515543     
     7038835196002363948205247492024426996560583185718010391481895147158279     
     1607472265062268680349232732835808592892103064340679858996844407427152     
     3843980335409643272013411353342443612901586556489012431461487153951399     
     2834132224054749675521121163431824767436501612548021448601123387675622     
     3611488571407279136784021086802828217831727210548020013197322832354738     
     5348545543394421800791733262957272629264515050035744073074466598514857     
     2168059859869867497161680340494847645742331334469354005187111730139598     
     0994356310457959920872388221381049758157062421287841661604437145338948     
     4706649697980729957531155980850780950828879293541685752954163375688363     
     8813324692805008938862961739160167249132144881585956143794044298347841     
     9263789772458014355340869916014568438712700211170305456092670704530447     
     0108319407448301180033698472022189925910068908974315603153920281586575     
     2884631842362609050037304997715806568819276932648142124985192954663368     
     8633996713690515709180627650456218813328461068271036535690315294995042     
     0125381226974365668121366858633220923711340979740259853585111326957381     
     1069929557590883238002622529355453351087014485045546193042492897834245     
     0716481800752416764408372162476374458430419231456934716925355369324228     
     9338462358550386709912699527755978198132836336515937701327295717954078     
     9617819430718366694812324723315148090016926129961087950259717728234938     
     5548122838972344674314002228910920202491138168352047112415789658543779     
     4397727857364664509351514690867115386138551737833172403474414388001864     
     2769339869505254914922509314110420825817121485333947558389689359930056     
     1941710007718548154929207392193813482325760195855483667323442912370089     
     6779151724157321479905423509264279893116712683310632810705336951719466     
     0918833567231293432436041425218716812687499361076901970733194184204614     
     2004416243835625049120732269787612449201682808727329692094115601100488     
     8306294417333666649980785722454354304994137522025673719808236768124000     
     7584673385516002013104964690441316647364490124714919836747373521320509     
     1628193820193234759814121327215301461071141362877767003918077102307184     
     6469382326162603733934753195588516907153813113795215952244645103116958     
     6886504312259886940394547547465036876926710924910703821301515584917319     
     3232060978891311063564110644640065919299972789224001489019113149694714     
     7970828539532689803061611081191494168662562286465552552679115022656404     
     8050383355832752153556783080900640694833568378341382642556465957095595     
     6774000831663164293796429150820166727114034729154694196552172377528806     
     5886630765144505904077659486527392758212936977266730732067105338270625     
     8372658376908434715821953461600934330309174568647608309632722965637507     
     1681728309849472888648713591238641175459266750803928084202956994714118     
     1082276149583393859810812616083171854806506330125175420056188552577789     
     3650170269362133945208407917447257951966038547739148650932718622893729     
     7394392188903459585638271150941260792377496461035278194536206172992695     
     8202593377789812453811585592280548357811861441320418735383484985780586     
     3238008469712922163727324089346414169431939969136114978948433628924219     
     0541996812031526026684788185073247231267772291589234468097883380867538     
     7660695804183766214140906679444280670975390625775555228375029185169179     
     3880538561549937274738281068096827807957689180426824843658259914053881     
     4525070793245159798135243574429076870526430875566978771087760462085754     
     2582330829838024246581627360846592957403142686628335344990688972095146     
     1222919135567860644874311697426750584690290916597464348487764259754706     
     5968283184059206234006383293049931700529505789489091121245536859507129     
     1345048297836223141703682077370306564373924732357357171402110201612523     
     5930706618862501663160888174749822383925665730313759000558429642421811     
     7827716149156554215092033351626796728893036474092204881638986433943537     
     8426140432204536932673530316164896625041396303964804279975724922207678     
     2844968757080197012827996848963574677515966959865824440635657581586049     
     8084927854409664508751573406356153129095655052279613229639763557993055     
     2183155403879274205506209903476645618826899747249152239699517869833566     
     5608701212052781322859261600572217532923428059273526534922469663368449     
     0182821993667237716493534755440269598154523770323749880834831830180854     
     4462476656984847409442637021574073735084653759590491504807570734539506     
     1757042247540142080580132520789942412222294876250448145442765458280582     
     7168761575711283407970534894990483433203004077110863310557309352562105     
     3940578317639292849980592705579148772878805662447788839069065082373911     
     1237835085481262190917113363386051132674795498668373596490609215350512     
     6010895537679016785019763663507733650624517716562760659187614761988242     
     2228838345578098625195795027357932872709979588432013131889652555036993     
     9774490821842271265752433549210249402492323573545219311914528451576927     
     6202821168839763613770604400321787121094958247486308833649788628052188     
     3294862910871952486350417860604425849388930055034184584705705812888473     
     3454017905149532627620276188713985689146948385059851616997259322736760     
     0191404105051997461821065990542668196675215161666070237195220248639724     
     3467472317988357908849364720419704876110005609920173673976795089122319     
     1682234756319881101886413463396973176785532506788183358573277165287057     
     1619045668027461501615018876376414771556465552640459532747797182772007     
     3165091333363386967455391043969826042204405825007602727621611095885163     
     1691600207152044376541091402625523384931087346741527099915996348684022     
     2041687437714742820406442684074303215576102217388106204280391187763544     
     5579624749218268143173344901507678976839108531061703528306806479709187     
     9983875947835060604009162545405626560019020754665539921234755008449675     
     9435931669310091713375906932217838549379561819370552784147107760967799     
     3399012816640038071694321375280107299134559955760729103279272132799554     
     4070232204046535114928133054350738775389093026295837292981590453218050     
     0280415024453453745996940010290951535805917469887415248571319232198177     
     8170280472072060160434189274016988305575845185259313295731914225990550     
     4766600328454669389882796966735621427015858341496126672771629541366934     
     4166830346567205625138188617995153231732743138809069346820523261293875     
     9661826192754773517196968967307051741770421431341748116126181553179978     
     6273277093898070075196646364875681375872522316185065098257180446750337     
     5245595715897522922073373593283256929932145433991945873657741466917989     
     1594807763389473876158018164783816103127922528745831404862207988553101     
     3560029440725646710093199466175790672862432728711445437701874592548147     
     4404448362990523246375333960881179404960022454836646646074782878940142     
     3638199800437990111627249431192883810819580261764177430981033960873385     
     7288860134232161981734363642598181129653578787443577475307782113540416     
     1708596712942067515392000000000000000000000000000000000000000000000000     
     0000000000000000000000000000000000000000000000000000000000000000000000     
     0000000000000000000000000000000000000000000000000000000000000000000000     
     0000000000000000000000000000000000000000000000000000000000000000000000     
     0000000000000000000000000000000000000000000000000000000000000000000000     
     0000000000000000000000000000000000000000000000000000000000000000000000     
     0000000000000000000000000000000000000000000000000000000000000000000000     
     0000000000000000000000000000000000000000000000000000000000000000000000     
     0000000000000000000000000000000000000000000000000000000000000000000000     
     000000000000000000000000000000000000000000000000000000000000
