     3355047532177460411045306341727991256533719155136930305097593289367237     
     0831343663833930760781866443381580697405576094804492201850505271500399     
     0362752252186839972108482739277990961384987952416595992874507577453585     
     2864465509225681855330382199261413236845700221425768256301262037994194     
     0030627584617925782663872482392460713942532278689893105360636154246165     
     6746812995387109143660127381775310225766397425340184844875305623760157     
     7125684885979727442666089899647143933805243745595306912875060576333999     
     2646046297538606231751074238669405620745942325545485433499266143477331     
     2881873713658972182933232724977616686266821691161271101679418474185058     
     0443283460210675063439629633799540580181342781890442259025993923023594     
     4527288559503452306974103020145606436272398857569316512400185458847391     
     6605435102991374455088342634666220639300178270648311068429517653795753     
     4305206452005963247221840907165485265269588997166504148592967675169546     
     2825015963066961372308300024069373176051638862393305827515500408711489     
     2573005406316248397377022843916362957062505768244094287481319351939266     
     1109787270041309626856673285785420763052240724559261431969229735510025     
     3949415636814272347967189809094089721407708223503566046228461499324797     
     6548398883228092272538904421995536562008683746017552776815477967697489     
     3112985949540102683806331961584673253716565683050420657416742826703110     
     1582967459845897578826585809347123119381024760881228160726788596543963     
     7974892441609054729939139909205179310898181579498176352954444056854570     
     2137699868817373386915149295972213605320405666813986819768453779919956     
     1268150493968661353993521719846590238436599737005080711501377223188835     
     2492272065828215097330092194548099800887860934828134744945819606134162     
     0536965804729377380268162193985324615480298314401290326446253218459903     
     8523719922435616583971357324501031813043615602312475405251995558007517     
     4721910287195303279379752952013748426571822791456149631689926403514375     
     6051626283303064696159072774137942195826704360537346709755667470059562     
     8421219701583467914843578676455768331860040023863520338998583772819189     
     7171148012496162163057752436863375662399898600852723307539449170896419     
     1937123986696393541780405047420142715518513675686957052415357786771294     
     0169033363274955889551156342704239691469467922132325844117168218767780     
     4796388314859371780162783868387326995435983754960122886856353857946870     
     0988857513741871088362186377748161573728023890006207433791337990254929     
     3789236628606545411607119364741368998917013322143101078880430418932296     
     5879277572482934916207404847133732139997189901811762439273987312748571     
     0786904474890564709369030876642240670531603594396450361027782899731428     
     1293956737366982593649072686973214745115355974981453019226113414312820     
     3294791184854696751787130322395249865923138998130584902237141786869422     
     0501234838456553815009064437791444283834409893617048033015890507959845     
     8505066104170594192095245431988322691491775996350871208706731469388393     
     9352634006721845343117829667321141025202947774896158409921823958712049     
     8734197986176107306975906138963618382465092131679435968270488174081429     
     5182272980453491134137773246215043641191222926597620527281006512763121     
     3233487660350829635979291682641689817520714074207484004121082053864239     
     0972338613022427149040392288288612746109577062894270123213096295881341     
     4360758826064205882386026191452802553406359381881455680698046566710606     
     3413505461247675183447002058466598978121160309387647511353830130624428     
     7829260637255814625265695854852573660730973904844550727246364075798237     
     6219985305391881840654645377589783623653935905586159038652728213851710     
     8929741784892279682678133011653225190274041162732725258191451631981226     
     9170096042485017135543745909533612277796241099782528584915349690162177     
     7539776113207889418783371648292638194608629016408509530719073258801283     
     3443943055383944736591644813208754969332796224752029609737011454882906     
     9952251589160253576274610697611106161827296161946338330467832671034639     
     5112471492412390676216485663269164561467793349091474704501559032139241     
     2552570350664042291897043564680429439119727492884239972523887961562459     
     0230693589812699290618229998357806843768730653238723691884504019031955     
     4945004767242219136993202294441905669183697259137674547255097668794695     
     3511678104038080711608131582721329034844665795898657077763589127706691     
     3890267997275488152613025751831022610167284229098456987641760620339024     
     7383988718829730741802879709715042879736139221906286444391026047074408     
     3051541898425818867182786281245748936888035014048981592279883860965428     
     5962291071032616096002055870413287922106257599252234913754316256412960     
     8453120398609137724229685819847913284997526429508655129361869157247458     
     4300644272766603415447864711664732905066494175303610569856207280288069     
     9448874393547938726390678738873763456325310769776201354679156334508782     
     8005155122866152552726188056136233921932882460823221976740089440357927     
     6875055475627541150593527849458137115027641218067520156817521603923702     
     3645458095210251637807829891127021202195984596795825715438509085749186     
     9991981731877261843564027238561398675337043330072506340056326476139834     
     8382722710702328828849011647718032250420683483256821978873582186624324     
     1928857309809169818859245609154650937195235912901498548932532397693513     
     4650904271230741313728981472793468453911157890284241894967197518819996     
     1274283631328512662458386545542840936326010337475961805605929635630063     
     4467761101315749486524779493390323225642053391482273074422721990412788     
     7163339607437030499727763617205146991479644276346764069797762437921197     
     9751554893969216910616263785943814943290206549518390265721516594014135     
     1511112366079118601555361411387219706177637464433627364229935353630558     
     2166941220734220907410753081366343055877824671859007417873953555749340     
     2044592927131025600827016324555171396226904592198392476536976042232606     
     5358062598984109993159206870112065322327296242823706284209602567855741     
     9806549196180182906733483296893722134572665824411601673948632412139772     
     8657102076598068456161152907889622184901573083499310992816067118900649     
     3869609295950660051626891465126104199523873060245127582905245221560312     
     2203369539377653242286715664261801229764162620835633831779328676645567     
     4038888108013765896165326291288890635966053974590364712496053863242623     
     5283694330260158649174920769952511422741450830748771700900425118445729     
     8626764022620487601428819221138857162777066804026280041232748709224085     
     4338575674005135446349029848993677410355205202764721043951414448723969     
     7484726353609918196444425225987725247505772080408644628060899470626088     
     7108604298927953282449107858900500919257073970545556810750054581107178     
     5887158260732614615329683607787178016840130582808183032104093561095771     
     3218840618504791293783892786607979114185540222805215600331736150224040     
     0457178283040247023330811266909099011789577612711464318958349485580780     
     6548248519355883622124024743322034358050231589918315002861626507255543     
     0955741413515075337753275030311000045593284136241418425663142830208743     
     7355711324171374059793913434450244895346164667877906162623280783824518     
     6271286622181992685568407022678926377745039955824289637206419701186004     
     2136190447237674920747195368480365399741239532272944268328767566173309     
     1266785896354324458526408447726329491475000490537495256875478013611370     
     7897472604193195110212999824286285923379455348913791045929964783144980     
     2738223404783741422405766807628394665240312404741717177044305718558746     
     8369856265759464023204305776163252384559451751069011880323239407621706     
     2573096867068414249135215162032631606621717458853767721676744029921959     
     5320819260068135101390854690324640069916416255872411733771554513511540     
     3718481551274304077649592156051529644423711633857757066029303314163436     
     5526517331882473205952130165579303828262262910855013183666075601647162     
     4343138784379589546184281267999612909474269170604228818862339386800796     
     0363740616396017737026888378184570623585961253229129686870773546070659     
     6721928620234212051439257308375909997169316180809734772357261170267336     
     9570479921853233057638048710670280355853340998848820079784706830141825     
     4140252772459461728677536604478386861880719712852190672085696922171203     
     7675114630488297774383475590640183806715095834614082837426108277181375     
     2394650928472248123408618979028321848575025601529858622432891010872333     
     0342699420837712493996913906437012093178274746753910315991674587180703     
     2408156772881654452670490960792413455136814767058400336558610165176218     
     1865297751543097491145005224994472255544112224390668297090036562893340     
     3129328301244620664971537878965151786899411154115074152386867443056816     
     6130171133124439076462837277535235178002668291907435707694258577844932     
     8715896922323397598732990370281023439848816403309997415045988967615626     
     9399832723145447746973373765793398355317498242718734049643181710364555     
     0304337504379162436558296683638316521536853183444765743769782424343221     
     8894463983866469781002276832820787207420496555483420363662927439295719     
     9529355862919968948242868228858705032604843810268922550117068938958500     
     4569445202223152102474326875038837421426633742048485595926861171533528     
     6672486326843086669845301398566220600913433927977091176602049471760594     
     8771837268844556958521128150628150098778613111457071708240791012346120     
     9344512236414479016218259319274060900227948946110450341474348588788617     
     9638884708089183536608361831418116812968985872302009685063163814260193     
     7308713657057033904102647091240770624082563559789778200928031365873593     
     8808894343777768186128286364715689762268336368492615203986162873697620     
     7596029395181668447837984868243333888596605393006228032067098752181560     
     6391442181539188995603747525431914838127875955988581669501875703336478     
     3250095924414390090916559957709593976747683482863622984027653223239573     
     5427538895906705826678002533657939664507692317922466695909822476514584     
     1260725292946265978514312918031781420502707215720879685586387542984015     
     6663549482662392580047535493365466904317893802319327196288187557735787     
     3948864446773805561985406674773034581562622722035505159179011462595814     
     5049313420940377285619775239758363442860995408054187404758371472183088     
     7275647623445787997567997250624198955335016186966092113315345389268595     
     9633335969949562619014670596625079672200512083797344472118021898293289     
     0139993679904771872370584272471966358326100263890759542588754524255864     
     2875330986544805973164000815374246946290331433245769482791159804742980     
     6092601852573943525931108996722558389070308677538791816532686488361198     
     1228106744481385966577233193162093125219580323099423246903590602766909     
     7213754504356341502219140985809639659645298250536941374168072858947808     
     1775486306287771421823229427640643091687268548944459594320928515554969     
     3553659356762618986861546001782233164864080985898963175930461980961347     
     5941536495994848773196739744810496186874629308267233188629651389436101     
     7977595846709513273233525392955785303203725004791398863538990638219075     
     1614934444792658513678493384451239072098345283349837631313390768585945     
     2565407370835179858232293355094137155184213663564722859826126067650453     
     8093308097664367801957193457611453230098839699324152208106421357874844     
     7478301054119895218667147181950906599516641264438161697656860988768803     
     0925806014032566240943649060571713500044808704859080916022986760347303     
     8645552361766950700569820779836920376032802497331146627210553745691025     
     6931334097384182482869430417441772238242674397342353401825342852315134     
     7882617073916540055536887414332408609076096310204772998943457039281770     
     7440555385173441925974773203667374308667833179809842512685793075928120     
     9266499362728942854869264312564598839961176671694606935565679419688887     
     2640288487311691459653331231512231782437931634313237357992475400558702     
     1336269960651188652754939510716121216417283536433394766195235678497003     
     9047727014113700323853030966206185656263694515561748941069861973830197     
     2343679464115681282285766454819087527491458234296207315148574969755078     
     0640066242395635219815190731218949634513889557110483909099644358101916     
     6825094583130989842553475276580034657139885873918760951555263973680668     
     3867387074072795447132049102973847181937321588354770563031142894980213     
     5880559089628149897558022509458608593384348125235194426208548088227510     
     3797200430467168450504601791986548029407249604036157554673793131278715     
     5659777663030224275607824682973641650631510395630858747377690870415819     
     1276005227412359397560803234600716409288560521430438217185871372535328     
     0017041522316461912783737196281303766863386925922941427990727193188554     
     0855753426907799868763285263489990570724194875295485922738456713938820     
     9369885539687295709698397964448891556855809008980599813701199600848525     
     7225266115470738616463423277162062035314536687967103108938396740020925     
     0811544221303128491419168446550638621312114914237404340449068997323080     
     8492480789241534293609067220685859014651151427301888536269187641951950     
     2274477854275715094081514835317578000961458545157716162834128227083517     
     7793784603817903615914403461225546079777891658073114612929881481276829     
     0354548377084431768079505205973808811530796926440345468517671008752564     
     9559602358528293915156099104399107882407103104234218326641488805454121     
     7161354165053096878576277170383133564436446270064627827355013941683687     
     9924899320737454287658581259473391968394645567802326402206015853383309     
     2755461680743126849226561991428155345524561163540818919988509935011895     
     1280271386025639674525198385540954758757163734466960852379676818333719     
     2429117392061599388335880591590078929479133833501113859514402648097488     
     3582470852456069353647367919755322170317294541873966369393910257722686     
     9778889600172095127934369468340293754971522541025997159121791910954308     
     7655498305907752457890287295102303867385731285735983616766807888284018     
     6867718962834448146922490769478109660935239546575449481968898398044639     
     8463357387065949114765621284114146436866052001220726373419827819937236     
     0857329514300211490560814337014234803030344919764650671207881500649888     
     6905780747584840438991681609971643238159686939963128054182688331432834     
     8359761769444037606775438131889712652668785321886069654665449191679485     
     0117918233270301559963679647843863407424361466350808365694569390084803     
     3145954808496082940290547270431859192264703587393681172775896552480155     
     4582325328718021508702294609521191536803790865015596405130287730055846     
     7900176362265076890139051448085731650579348297548023342465452836307927     
     2539146399303054014572787860013567460292315005554976808686077264695085     
     9883380249586018150040641127933654903597029667857332561673193299817405     
     4853533959283686308446949010317418975130348919698082765262875490722594     
     3552985814279919021785453261727615616759217425651584864039157274615211     
     7583919781450394779122359310967235928826090770118393258428517579204796     
     2468038633928853364726317668515861781551649272665593167314258014243150     
     5778002940122418834152830624828934766586378785631789091838156304595955     
     6487855689932712777037223648382419583114039211358713198749282603552212     
     7220188102625258235479646209088594912001808151938241208677988279142413     
     2143170042638774069155723956820095613153464287222484713248587015249545     
     7415794588514699906478506979094059255945877762392136222971202388580464     
     4669251919995982800457568267100992090403136188911558626792412144861408     
     7541084005086679263580912042105339503744969297533434573988778422187028     
     8104781223832263060710480805440412355903744504866630100085761650138783     
     0106681264833579250093940905391372326134242991307455173145432969815965     
     5978739788208108960336604578872274673079273346222318439142897297078820     
     9555503676407318055229629034261683025824617844314903769245814070250539     
     6994775621553776865113179197230092130984337975244693643338794528938026     
     2504675682683568551439748086910737508758457676135956713553737662035067     
     7161053431066620034468027795272848564904873123312267505135350029044255     
     4309700574735269628434167560777191043375125459921490361776542728730653     
     6794885199999742098779892280767673849187012062479957314211235161118023     
     4103975459680469003217388375560481107895380956544725702176861703365078     
     2401834082190881789102414166566307485127951614106471605677265274385603     
     5425152240529787686463187679772156553785642292445144330188846766253939     
     4962174705285715221124575305310164041054127818297623184550515555603855     
     9292664161038560869448993351720832864926551458162634706842406512090169     
     9939785932697695980998831533516641421742237659903349022774400280588912     
     9296484292941013913038704786095052876528806054583257065961442930107978     
     5237516302550562542743478665983003742024228815216778932048079318851599     
     1384209157614572157299266677862883442664288984886448757376452771723709     
     9128113687120892210788669401792136114599402481881653001031363490761359     
     4752531090199322925122150136370865488677502153353418940911587036275414     
     1424919298002119848631642277816581684773372566484067489733109324040401     
     3203761607870655271728099061639421519225432453531940365974500391843971     
     6994006371503771108546222253695578471506117081585911957517970738208182     
     3639164449555926234798466309311810026758174062521701736928866830590928     
     8943418629229982246114152338102465404233459956667278232586230239294532     
     3530308608770849113493256331777083537815073854803623871045355548870603     
     3079516346045720804721003556272992877723143710345843026656499953675464     
     7543437735407538120138737571329362249766250040797393971995154172310896     
     5813639510561873871270000755453369107238361553829032185233951337566382     
     9648376632962067325632538733475079917375732974286764237629387283509931     
     6791806629382234737371171458857711690107531349561394913736797004497118     
     2670201363103317321509427587492988565235084677427020286377117795375011     
     0816394072601483260558559959940072642087923132897846681902610113366618     
     1426676448298473155931016972922325456236452430781344144984446239114899     
     3743620247223927282107732971268503708499638773373418410335048347913015     
     8822655263195951718638124379360342166167096436401494370185079494023687     
     5371302699936688337138442444483652782369200501011001933535394902524131     
     4545132990106347758422088057086992352999830751785153779677545149329276     
     7230449128373579283441904117947855487700203973525478942516458970654014     
     5657068740247301728146733463771374887908645342196622580448327776619844     
     6151246471727357034336962904284642801463495101663541897590494618748830     
     0149307275578894465271373421308988450109932484396212990218568206035002     
     9230719426809413855655444439786987528256279502541595833704959377541379     
     3324048629747524799548911710298661167685592667534493008023708253391636     
     5265167289329960455935631567675471934548013163766087700006409421441907     
     0125315264620580667086154167166167871811347209107478740123464934647810     
     3329905567862183859549339307609370597814069645186961554900833867411132     
     0207520482757939735953982293752174208115435417850553728857938006533556     
     2722045850892696003260636110420426109625603524330193917150196283913334     
     3611744019408539107651008767217031159165520139877074459815417840255357     
     7530003182715741478817077410970858970768490537692987724133515411306592     
     5462589792158737287410462522571898500597890667980733391019249098582582     
     1156045908688030024827106791550258993514457657407467103361103922302695     
     1904745221558779220087798189304611388274367692297061228576416798939805     
     0152747730689391546811799241752838554814831976679881482946935352731843     
     5355152708965989597096065383217105493246908228794936852775723777406369     
     5225690243169662542822103186453328824481234840184404385446817266409027     
     5634779284149194655043204843346308468567504966027009021185259043361857     
     9873495290553640263047137931435976880308574928093104110671350667067442     
     2542242499968336282051723443257319786578131707945668648508620956143961     
     2179668020111018330645096893525077499928715615588898692826247539745126     
     7653641401897714872296554869368490263018086643883346583563184601769312     
     3052109064862259531418062776287467852068759409663651174247703246525316     
     0359707364517098841868002520444572719116809590402792513902450401914773     
     0814055567013175719278788109318632921704061720500370495612320685249848     
     1334599803130949549932130214629090154550776119378604214293803686462669     
     8161502932433191917599086834319261637824661927478139812892398318446060     
     6532603235573108509564300287994995604766220748774781909190853187055371     
     0203870985026057349328155801518618268528771554630857082025898438402535     
     2946657229268703704381578014092793407180488258710387042218895622508487     
     6829028123650465760440973499501716990590976000000000000000000000000000     
     0000000000000000000000000000000000000000000000000000000000000000000000     
     0000000000000000000000000000000000000000000000000000000000000000000000     
     0000000000000000000000000000000000000000000000000000000000000000000000     
     0000000000000000000000000000000000000000000000000000000000000000000000     
     0000000000000000000000000000000000000000000000000000000000000000000000     
     0000000000000000000000000000000000000000000000000000000000000000000000     
     0000000000000000000000000000000000000000000000000000000000000000000000     
     0000000000000000000000000000000000000000000000000000000000000000000000     
     0000000000000000000000000000000000000000000000000000000000000000000000     
     0000000000000000000000000000000000000000000000000000000000000000000000     
     0000000000000000000000000000000000000000000000000000000000000000000000     
     0000000000000000000000000000000000000000000000000000000000000000000000     
     0000000000000000000000000000000000000000000000000000000000000000000000     
     0000000000000000000000000000000000000000000000000000000000000000000000     
     0000000000000000000000000000000000000000000000000000000000000000000000     
     0000000000000000000000000000000000000000000000000000000000000000000000     
     0000000000000000000000000000000000000000000000000000000000000000000000     
     0000000000000000000000000000000000000000000000000000000000000000000000     
     0000000000000000000000000000000000000000000000000000000000000000000000     
     0000000000000000000000000000000000000000000000000000000000000000000000     
     0000000000000000000000000000000000000000000000000000000000000000000000     
     0000000000000000000000000000000000000000000000000000000000000000000000     
     0000000000000000
