     3796715595729110378794091389855334853106617179885084147864455838498553     
     2970797172958380729184441756885070165582369933442040048861826736521352     
     0746403422681540848573385506536149505696609908597181419618384520779682     
     9539589219015472216337189301978243517644094295510626899161602475039475     
     3286022422412341568978087011073458670126105466787757842012899706555862     
     4263521724514692457040672370588298355015741192644251676315838307454702     
     0461789347682081710137654729811107966644635811846145553847188892504428     
     0779403049134876892678029768577743679368326261639690048663845451197998     
     6865278270146793586378803228920288308210829642722249037242453997479454     
     0989237099411596827958849738635058335750964463257849212920272956747918     
     0332834076425507548351309203418585556228701025651680986768987129884876     
     6285139977882803013389283192514076549788871033545345009421326052134209     
     4951583685180457776511998352557467385674930134914248240644538428037588     
     3066435023256107041542202739503185108456259792399864197714784316620912     
     6865786850675294982697139242624878358024927746337311658000208726072077     
     2707391243971909893931517505241516010853025696410279378206170714138657     
     7571316472217544192093208079974534928525508743601950946312121143079107     
     2524808412728995912416593110805108174862007614981595294689004853248033     
     8096942710830017440862016549201708053000208323561268801062464681047107     
     4521362212233903701042304070419646186227885960778573625874869591730913     
     1545140041715011884651589792313591750427017590676214485226707415737137     
     4167737241612462068693851472662949524737423938251715088842367926469756     
     8989367833530978133847331786076203605646433797772552501599578594523251     
     9733142972112374962036939474864004978351828220277204027233940636901439     
     1650522016426066476760917792808234465812403776604517077535938627294683     
     5146873718243493959300371662305705026812419135175419556822566158486297     
     4162834987434288913525557177094927900445361744262119176465584565236332     
     8300161713802791711493027361527884248420088321654738170889782186201655     
     4325544279183375568511511006308367689984995778215978915126119982706715     
     2344613286516376119846246078849267700288115620491755601869915147175038     
     4111555115169774829730632033430401913230750969632546972479112921642182     
     7456900189594782820083337296929441824494451719690964249261530578101559     
     4420858618174492983616447196308218855495815779294483862737555737597246     
     7942667734594709761871979091225062005168858012222422210867965132851895     
     1320064370489985552409656421405477197969782000744250258155175064089340     
     6618527485684045616834458743530211298082251416327045278091121755156265     
     6300733657996294396898449099595441431050093208289819593784188269307420     
     5773544288438892561610540428978677595856255295989508366411196815805382     
     7690401627654355805834390626677063081389650204205633761180157862114457     
     9076286194950899328475832955047167150256792670843171719484560215806947     
     9695015072703221546933106523317551461618665132614628354583769541150143     
     4386115242434057067368910351920167640524868079586593489485380871861722     
     6463766343424616794799448296954547504673266882166812314644494636274483     
     7075342079418146033919629220707845341693929540224331355184508373384246     
     8216824466640376295519228454693102479904699898233939033077977343500506     
     4445773046492304656807324434730344375059679062322243520004171888343576     
     7097009978832283871961172322757419769384902612143520840594600298312755     
     2791168724665402568295939032231059442366863031230455443729925292524332     
     3024457382245161083930312722178767040394741030595937944303744113095489     
     1609672969794905102007406686311538803100767130317156792255542258413244     
     0939213404520889783599738735787609963821921897579877133088831828051678     
     9357026783619398378413695519050902445816673970185222804291265644644424     
     4045998376889030185364901826444613076556774122392513688962779045642751     
     4402015580801401332617150813491546940583638950491036284007128426519092     
     1011039464263402576513711871935641033969258527020745580913643846144390     
     9597388026759686107156500551680981452404874147959665005842026472818646     
     8141911240859288037496400634172480135743453947826070122188142133323076     
     6484517780792558525217877782898132263615427469681460921759803992724940     
     8595154611971339329646202547350880113073476810591746834330920347153951     
     1511181988756648673244714159628970707896274621587442582820268890273920     
     0261860379934429052450080479402427948594124557234592779645100783988674     
     0603138272656732316261213462832532653641392278839160703321636017504957     
     9552619655091051189780545193915662031182079192137186205964649710539586     
     7608746933087932155398259451100767781294987851087825681852188819915398     
     8983960752285540036299353399494495590468413994113098578581266400890283     
     6623067112352123595557732799080616081148504321143867281483169646421249     
     4431820801086358376437176058163238593892490596698358139829810002657795     
     2976158230337023512003773299085775568383303996168200924723350907172561     
     5338461637673463544015911315157635184057263824633895011160525477577474     
     6717288002288510314728374315296821860215850021119788431241501547022039     
     9833734989465273344145501163002334029646915080347271865817845277150226     
     4198567452007465949878017030566026125055032409729541637278545550666348     
     9134713610121532272285975661010591331897269536093714760489268757792060     
     0742561240670539194030681499723566358433431465597273878440468478536534     
     6871820050388449076231428071983071662029820178696548365215486262260496     
     0353955944195289799345935010833378601002996807736276751336656888877793     
     5791284630650362793558087712369653915332097165389949924893375600431870     
     1162833938902384396352994086178628929452398183203184620209222712804878     
     7355664419179062875243424278311990200028748506026227555056922502411035     
     9026664083528731002579296483642851802172398852423323851389598358950984     
     1181914024728979336012656420696503196508769086425029897130625462264939     
     7413584383238793038163566372898852133422117724246083967247695178659326     
     7726548305242099545351720951281428361868320725664492881781041047051442     
     3562473562650213549001594194285770542282573050135892418866666665735740     
     2847572068937077754223771068408950339373774517344496456222314447215743     
     6228491918319510055262131841747028230801694472910483631895804930001748     
     7083674613133123221786144680627145906762462536510908405566984973514457     
     1743858954384870217815524221003646084685057260410416737495082257080578     
     3999235371993197414692021210505268338299488178731671053408829241736881     
     5551538036502854248150773074136143636510871142479591060320950319271372     
     3894865229637946745358271984855505141065317352189847586400667705989772     
     2867749834065204001837268712169136527708086216111484334450167220102883     
     1378764942223989460138747565046698134883373099273413265085370774796011     
     3166859294976306819673789540849519927576153855250605946186718223851104     
     8813819750036150687821550213673145699138437738594891217019750331154903     
     0698432657363114393110564381982510581466768014868294953608924674702327     
     4994722122606599335327549502382488534728495061782049081971190743788029     
     0215364685128117779085206310401104727694028493119530374255786901067937     
     1529436550711991266534423133687719073293692422453537587210765886889603     
     3931282951348163006164856051956071357933352052025289590563086213859893     
     3721308893755936887327292444547835382380879726450647427048594678144556     
     9242130952519328671387893070567359647401812286524519180150852525091368     
     5311234854946672801241959189361561902622858066465180857186972071902845     
     2360225863998837101812770198003453136134637110313322717840507665737872     
     8168229040756355220674613550620520274530566043679074506936594885327596     
     1247521950685087715620777586753521755905052120519384700073654782683190     
     8530808011525330630227369188508843983417909957988272903341654721007525     
     6870686146582874209618660106824197469554879821106493138053935200705177     
     7375372996774318516709042547984160212722305206230537725911878102218952     
     1110889638939417578297725082224325823608368876952054732545985099814632     
     1810288200202335484534893751042904504370173420812226375555150934458912     
     9327019088643344037251874922143214938463401715185393506841880463616531     
     1117103013400132729221025144877237849474107395486500440998273799681793     
     0256943167458398157460586119555295834571419030409481222176156321489864     
     8650914408432569941919058998817657047854367534621447319243431611850251     
     5801155810327555999923470890982867326875803539556516778021816213619384     
     7885165875456554324059230845755443940881799072581630374733318386439591     
     8174902827484657867637630935169488816807466556918768874986994205856066     
     0568375303591223050294714939552043084112142540921059640070680806877863     
     3977195926862285338780470311296252714071009054054598170205356545306127     
     9768835503234190479144083273713163629851796114934474746020564353755842     
     8388200976239236176696416689315064215050749320423783024433315710596891     
     8243867968117325268438342514529850781176755879296595696957629660191826     
     0899543467033071660849419549806714408301053612993509538044654912031143     
     4236827776256372320326963121809023920478236795468155182095141344037340     
     5766763147318258056847266037510581925442958402812350249998791172375786     
     6688215733278655090500429089235140318848321564963576073345578561594136     
     3700913278121422527766611654662726971300863337234769770403293073952944     
     9780718115064813633635441956081388555036154223617410297874653570493341     
     4958631891536335956013457527295946080953672879652881353121366649501865     
     7066905365607082453284867745231136901802464467129794917736714735100946     
     9284005080461193103239993090702517240882348868129493728872020430486620     
     3625011239758558285606049179708061196500760837462705170433617136428485     
     2366879535297958463509410103278934644512580243023157716615331935706918     
     4192411911758457925975333343463206610079241760680363579090667630408735     
     2671679830002476381479594851127551132315473608561078370166945171668335     
     7610377643666075333143482347293999059660675870522058495915065322279084     
     4099244796934911139220407008596417482090634463831584110523309728381532     
     4577360568364885006970280499656436941321872097088545574368420077078000     
     4352000000000000000000000000000000000000000000000000000000000000000000     
     0000000000000000000000000000000000000000000000000000000000000000000000     
     0000000000000000000000000000000000000000000000000000000000000000000000     
     0000000000000000000000000000000000000000000000000000000000000000000000     
     0000000000000000000000000000000000000000000000000000000000000000000000     
     0000000000000000000000000000000000000000000000000000000000000000000000     
     0000000000000000000000000000000000000000000000000000000000000000000000     
     0000000000000000000000000000000000000000000000000000000000000000000000     
     0000000000000000000000000000000000000000000000000000000000000000000000     
     0000000000000000000000000000000000000000000000000000000000000000000000     
     0000000000000000000000000000000000000000000000000000000000000000000000     
     0000000000000000000000000000000000000000000000000000000000000000000000     
     0000000000000000
