     3381534155536348967508037141812740034754040874735909965346599012014285     
     5934428641322632002362832357758038926976221074644618471223884180711192     
     3524466645377516347364691825489705458286822050649481209851182482817880     
     8774468873374949285936957679920930729773164320442358464886301028090534     
     6019779290669445603117470721427242545140437235541436212148009380664556     
     4325647643026810442743811383114713041082426403964414226495846283825617     
     3210873193231390533281515139460217440165717720575285212522194855976448     
     1210269095356246347566994765808736781095753559225304636594552895402992     
     8972571712340114200219260889566133696049753946179793615439351846180842     
     3414161502366091282194869098590769552764323692060991909408885048633286     
     6878323812551567178332204575314519838542754317716221377801217530618713     
     4766554096912652610303733328245148020670775996928733483523630410583708     
     0273713968284881752707918341855608352192484169866043616909924807688460     
     2393264911033756904837146367004862699023464614047149756731031630824085     
     3705247830610284396530942103350097279505996851112306832250990685869702     
     0739413817318737508447626621486889221152921471143955638610464456721242     
     5087999411116655468639640594146968945482783020432800278693388121036198     
     2520026150660032521995704368056533694773490796702804879615623439513633     
     5741325218811390473638436274964928899643672063369412839534182059739120     
     6698781677151121428200025363298387945002345476128404369207935717105179     
     4543508307086239367963165298895545552872494413771649136750735362364337     
     3450126319957169221392370830069006163988627336900598057379913967589556     
     1946649884981543348559946197044281892083263090811393089867353402228945     
     9603463303255911169246889520744452999317548683911475916628316498985581     
     0991193611487641720729024587996485953776160676891542895216254387342931     
     8688787324226999951168957965827372026878066650520943852712559397844777     
     9234062320525657097514062215372513148024025589940716817315229605561030     
     0752651209825603998387331810212031131393631714367875543371960977605490     
     7297128970802791585120137635802579780234060598817281208412914212355537     
     1673740103797781726272808262867678565755443877726547750065576793789376     
     2506998613946475357127268872813803559445557052893370478941724163197778     
     6879257606090668287987971945894067826859977026049287163235537151201497     
     1594854306679414336984161338116497044786573665972630304707798582479681     
     4397965033869098583123521858052908564312776379267676560048479070219655     
     6977846313022945143282160430570977818585094082539398471012001249130072     
     6741674242899894449754131823763419752517214323494385748041947998490453     
     2380333188142696212106979621157055021477162237658785620597673856652593     
     8439978544785995008723914536561534423315802276543286111174401797400640     
     1749725812726628079715851317912999615294141409618583871063338376130335     
     1063772727005251007548152384821631131846546704387669857635835267172425     
     2412511422464074446029563717635653471542752668616195226973013133367194     
     1199541047293499374965384200627524786842829477667867304440295372044546     
     5839526935704558039266171701228114056172401074796205626690606358169821     
     1602463903612439998185694584058025579776060479112246097675033795272591     
     6571798664260696119883928021222507271662786531886296370896848090180848     
     5031330850547802104841867440808064181052239226558159791437437925954350     
     9303038987586917121030456084271866364730052050576003917367096083651977     
     3846831866427574960205859353388705329207753711456817687106826391869642     
     9982390348377259697178321123188777936694058937320904002510324263994312     
     6114845969564622513754017603461376006763166626918716137802998144957900     
     4892365752245974455168223631245798749480499603172706825925745839867176     
     2563137260740428244089455859150860886234883135421821833264322275212471     
     4732464830111396015258146679687310417225360332352060531220497061386992     
     9653002353873345443966137565613019593298070409120922805466368563019104     
     5098642853817091975132264642536347179894205544004495265636215415150450     
     4265559297737195110843788904861385351973466646236002317200477556938896     
     6584076150364061773944310386154908014512961586466576995676505482783859     
     8695125253581180675050040776614534593970738348259966067123851372523357     
     4870413678451816890477338797275153672461114298518639589514138580537295     
     9147048846386017284244425462190396078710972824651301253829690980621607     
     5265252179417440937749149115112233577675967041877938396333258757280815     
     3157028088035194409453301897862651976026752385465762814899665694306912     
     4446394537668766712076986601045229667616116117776967411099973824478924     
     8916623915191398019560510981829052228851673709427908725433150647538823     
     7377725684600222078840297773793281460898378073866143192812530877322985     
     1427647246606528698418576316971113258229487066823662333733617599151608     
     8717906048167669549259540249274682712522131552316401654288333963760952     
     2810726833535778027251555847490226486186398037522764756646751627868863     
     1637411653087376939900980573676289742849730575591028849861758834930605     
     4804891304695811294641257258386936156310174778898840572987962330619724     
     1819658808817615913716298711277236617016305229352183471896715241892757     
     9075935486368884884459948421364726649916675929802023465831836889658904     
     0681439636303176005777398974913682766930065330978551019222585321243920     
     9886106307938151805122385406373364092861687976635297074676060526662757     
     7620024939617168387865910754350553853277258040207744739549005406785219     
     6853601848473452664058109216997381281747510552794085373931851852950063     
     0138083399463487590860886124090215620286953958387556570718421879806392     
     9226412879146729058748702221124355542754369845799106147935497085083254     
     6614480229618835320048930730151301722761872953749348355909821231189085     
     7417069280087961112698884970020563671337891536712902826637534912189056     
     9137209244203498314432686224563799445366342528456559544435915988789214     
     4808396875273732564033475224657427851220948115896335964402460150700215     
     8540531409192806224930955106726709859794982464194395642503186631328132     
     3598017030596291993623915102490022219854592832921002570940826471786376     
     5872774987121264754361900701818442059147131987362933498011286001602311     
     0516837176933680450487543269820934555546731747386212137320577585098785     
     2802659945458930268279012356593021785330015601081342270064610859791208     
     3364911052079345977382541268355723016949369068501045589227464065036526     
     5128656454857482968640693018534339588805949581991365581999506260803469     
     9729783188145425466006851783713258144120493584638665952875975188091455     
     3719228439122375029464300259333616658862933761849366857543091860221170     
     5995433818420215321673096360910810534226625629821879370594935638847809     
     2161807300134519950580847208559530046608993113669999463038838554559692     
     4067073366915429132372280956394397268020651570079311772218391983464389     
     6912246894130997918148604421501916922462605678739456000000000000000000     
     0000000000000000000000000000000000000000000000000000000000000000000000     
     0000000000000000000000000000000000000000000000000000000000000000000000     
     0000000000000000000000000000000000000000000000000000000000000000000000     
     0000000000000000000000000000000000000000000000000000000000000000000000     
     0000000000000000000000000000000000000000000000000000000000000000000000     
     0000000000000000000000000000000000000000000000000000000000000000000000     
     0000000000000000000000000000000000000000000000000000000000000000000000     
     0000000000000000000000000000000000000000000000000000000000000000000000     
     00000000000000000000000000000000
