     3076293624570610570464887172605024103106614098402008179791897591981027     
     6285905657345869237388133144718592374470694648077536657652220160277385     
     1235712713471598952342095603633445977758996492183425436498378969154537     
     6781922459961312238200523676636030831791951330325642703834551368369896     
     6919919260717910446970987091433472125291059825400133421941243524463364     
     4719959176735253511955261359769538498386096040304192477594665308717245     
     3523259364549264449309393563678213558583313477371361486609206165414094     
     3406497076271999115866440223686886744218610162355759914998762563256520     
     6540763602580229626179029685892073239337358706414860785684570596664099     
     3495307207398129582435836709961546814120578551796877098166863079405120     
     8970812400874546758949936659890272379861403934822145650640449073638251     
     7820669505389829062195380076223472595161840572313813870804984030045001     
     3776903224140236909092927819874712876577420859741535371452937643587660     
     7548976087082502287946859570189841378872295292947762404918094243616254     
     6334966718653501544293430045345382746830764428867780630928210038456274     
     4215172691959194061500938160168643860863689856935459659732707494233603     
     9860281000829716504012114853579952036667064994660484676717836765321821     
     4836137836287861603656094745533935662108900455004847700911620436269005     
     6895062593731025452526722678101306004578968170050816244919733174968404     
     5230989060187582061929738810103335749941177808688780018226312042231740     
     2375705586359519699601140938425740836869433119204911344858537179394015     
     3971980614878988403478464051257722983713350973700904542821384166250802     
     8604211948893954292933328907207002835980069251919812149712812222056031     
     2473832941762367263029552226330485194477608922628898395762182349701942     
     8423364336749179650783469055813412463642907840966381286548531793551995     
     5512923644227670521318021790648555934385134543864086761017938350380546     
     0388327527788848184885655849401273092149828610998710497872441923137322     
     6111701281556648026324762495322392199072621145159089865446859097832611     
     3861605888701829521805670163307779069693915150355677554223714676118719     
     5621185834777298631319127874936367091239586018654130985203067479909936     
     9023396147546524834060250044265527370924338399240793887847033166648897     
     4828225985362409132063902038089111231446351331855830696215511139531346     
     2259564000046296611150651875590722753361292540068438337768252609233639     
     1413634062503755974312436171658244413849713936748274947554486511742687     
     3877697793850056479187415801434129752603047916162692257810169084665559     
     5122611337347400674228834159931171861606174202483753201417529687383945     
     9608189716045703296254858565820900946502031763649502501024477309261352     
     8240604169300592389077731311439460501821581200326986228598300270944804     
     5112808156756640477448580097382105806061402348600748115356589597563872     
     7450888487512054920622481682499757719760946618625919984139284461267779     
     6140950812399517134934683067833314330027028123515714138453868610904782     
     0596992119336553680034105813352435605767775800602726821640308789307567     
     8390773497915578375333920502130206409256175315687832866559475774839710     
     5597200713816096843415703425965959729271531970383895500674153791632765     
     3881846793170305863211695883295175177629831431497695576970641383033622     
     9584729977672358078703836781945350020173917842391768432067927939619258     
     5817246197756899994218398844090065074244612104717769287714951986585265     
     4457994698397767881745963441965465536859555533299630903926342070394289     
     4829588794539707901321372983121285423509347983193062748926091583469063     
     1220609589795704428333803697757830971136122072147442391375997992618958     
     1300705216146661707467204005863186737808907186898632122577895574264336     
     1567924022066980259900035367746171892459496980894225187661471103110498     
     0613762626187181166110584010534465690355120678625106342192811282883407     
     4130510679339682942796340427555871654087463197509590654197013018779757     
     3915352564991910953812215755670969440142008574015879597035224111483204     
     0018077437726429792510734416463361254967376635966940252049775462008997     
     6886992345871963220993302955285537914234074836604070331521626942126472     
     6506507651792092593620240812173316316510241048102809978027567797815650     
     5963965019162323146579879779988652642345501597049672347697193557413709     
     2325260577290621675089313653960196574114463022992457448706225833402239     
     4642306355834618919949942306877692913036052990178459925726061451437260     
     3893117096421579703123446434776596918175894972381752956289244700777686     
     9494210011176470581051492214229728809478831565422270712233392086243345     
     9776560447354593146895890448377587361415841565930787439279748686438623     
     0899518992976959970276731346494485078002831701670429966087020080306857     
     3328994232242934284397491585779757813932784287596660571045167054470734     
     3539539257957876849038796346009145952984480677036407251958610835493329     
     5226256002293584584264982741979090116736884123259006363160961645156486     
     5812314080372351191563531529014155730156664697729557661131337067517740     
     4721754694047288191121866004211483420733223097571297156582648328502768     
     5686684969350428213440998393697765427681013443077454167231697957461877     
     9694125770097545389682666179329043023606798966570523808758625397625865     
     5413302111382353124782585740651028118857703033389616424051928467622217     
     0949842517809553624854814262274484983501049023028877444670890193135163     
     6379460846134254714936136530414777992969552344940510456681073205828386     
     2282755929378874056388355355956370416686845548638645583535433340031019     
     7103920452279303408451098568632652043764975129295033885686356811154554     
     8964061612880432977421300710540964888707816543222824581179605735078247     
     9224964971662218830378982049705537952599498236655145235161507337879962     
     7615641307670701912783475568695019711259376474824666382878167003059254     
     9426213904189408613055931701503099093273870286347486206083995743338899     
     1824990408788755407116460597599266411158615052982671471891851220758946     
     0976556041441412264620578596611527285204508836656832868188612966513117     
     4472395694659182293575106539640173822471262958415383864077225654344211     
     5236818593410719840762621884168220355934177013973990788833112368962690     
     8941592652385312470949652956740895090173632468541684441872770809780247     
     1009703298360543825810435907947159065574424263007039057001254047284137     
     3258855699045203768814428905746063725150706619008932602132826417593074     
     3117864514832518331862872552815874182554025411962580196050954099780076     
     0359528178011410243641283102806036528666266837656674525696654272608220     
     4695738557059518889100331961958249351540573609623457760537822115879613     
     3182687471841824815924169331914823204787672226632584592228249660877882     
     5091577262375142563705859668459713891166162021248042413381852089170227     
     5558081379897307921960671241155652582693947756291844932178745123224967     
     3893028042021491113588221266546049072812813124233998369981326096079005     
     0821601042246056579323661438037303273728944264773302621020155208348051     
     6734144197260420965725214912193778118574432814486235292915151761067223     
     8083917296469953170847157679708006549826039742546105356819999821966794     
     8327818095628748190959312784330083658300843271077803684380745022453880     
     2575791127076482957339548438826420483555413103021937071022579849846878     
     0432456922488638556236453902690491163751413492107013166638486766793569     
     3363787571834487956986583890010726264007845087877011104621046573969742     
     1832555725945912020686292944242806001901786359887691252557737337466917     
     1066560874148930951186254958596615240740060296853991379252723291174091     
     7200552053516170967618888001523566694681827280770402552286605280243116     
     7674646996305444358342056192165144512273318558246651910666134303349232     
     9126329353040456353200897958053106044923765313095529880793980463863975     
     6742072833847836704639886714602997029824464818029183721305778729248421     
     2214889307921608197566056645599094356501298693602053919312689126418550     
     4960442801370682560197469262429587073188289045514052971345518729541027     
     7476826660074852727441612220775205665432465881306092525983731698908601     
     8468582144946574024001210148515044769359411951986483610106627235741590     
     3477482352022942812019377356024118039209719129021843523167038440644234     
     9031817136495683646913799911203811658509449454327997549439986101610531     
     2116937027306278602354185458078551784429947348370212043092817837387029     
     7427938477690897129060290498428808163786930126183438108980724429340086     
     6323473278622674131710873282102328163326994137440710675760043450458618     
     5076328632912143065231805253637539043428241565069306116233134959834839     
     2420314244385429817536016355136498163706337326011147460725138867495028     
     7239701347205125646847443029913235320238045680195107153183312876507074     
     6194985232786561668322002230621243999720428039588709156753079266022804     
     4676867425855283907353157802598391188835764328002255091366354333216441     
     9426510294934357515785755493575187500887075323222695603041098832253478     
     1251400051168700733277607951618399811218084489693126799463074386083913     
     9906221706954750602008955114822024631488892647995386918429927357509972     
     3225672451881713684114906443151250771742999696845309425772626436210690     
     4597512924202582177665759625172729087688693523516328537624213385322160     
     9997216260063555075629551430886931695521960377603185899370003768145368     
     0561647819450001825929262000783783965595650182558246688812720140310476     
     2096466199766689315730274225506808958873660503723984312016179094580433     
     4012383474446356135567059018518531266714898748460715981488223833450676     
     1437919641176811625432884198415422417275030095648588799706348582311513     
     1210043280551187466572739110909090285469122545408767009035037821018276     
     3434512264822880640326724064200595793052931915478027879592769961325242     
     6860102807522938656782684450578879981079947505436500063135077086033307     
     5192954008671986353588733952022100142022702821550060625230247993785415     
     1893652152094744849383454184391486203339062265909712205300069822874467     
     3844212639505708127966542082299131158443885020156927594411548239843430     
     2604525212487626756257221385809429932035916006332610773291636345311284     
     8833970350960655007869488926093688932538003183424439393650224381534749     
     0036265674652536164588644770988046139624543330709507729393397171155234     
     9317330584291020689455917044431104991150069018369336432115527396275383     
     5354643048377738470710137500566747180121657470717044657264600872916216     
     0188173378142616647340549939758795362244163785735578306551174280589291     
     5160244480096358936201669412285506795815641118102973604011026239472259     
     0987251230671589219233394340281215052776982358873405492636607211371829     
     2781957390825132833453521233312604979657391938583042999627113231770599     
     6095432460656934111932850963468803644222256402212573644189887498120135     
     9041407738249044675021933188685998009185098398852523650703425507548603     
     2912645187783106051825602089551838676591845533723304208590332269400555     
     7926533443127020549902806679388534612467393819986525365668009960359036     
     1106173168634402301161014472216230721885307697187123400602995259363608     
     3937701647750360354097096187012471252651833867677123420263554054383702     
     4007984480043013537421691709779338517448061760963161803067895141140918     
     6338235818858660765308736428201063810657586927377308592683317892495075     
     6442066621181765144814347979328514611771026304055309265755597550403751     
     3737464953625692672233922885268332853764534934130382493810037371616113     
     2971387177111493542429087581459163856342076161611350440583417591846289     
     3127932803527186393524780942830000171631645223418866975044498531698618     
     8544517725500703383197991043089473773314054168532525594339239885462023     
     6178132580233009955169073284942328747962744526924797425394068126712928     
     2553487855824294694157182862099497333630476357949921706385315260985898     
     8253268337653563081167795411184214333494572692603296225091106028825053     
     9193851587710157642892721874398220868704941416598512908093683113223301     
     5830251804615744500480513789868364394015889267444482465248575837855653     
     0408104145768760231305968498343465804304906979097347948650508411763876     
     5347526415589140708629388044230423984097911687872861706459732685263753     
     5154794023302272386551237042308914183653373760351893409168203713430479     
     7909261523947807904383088623199396490735721757890755271365503735949437     
     5056528698604160734611190025105025440493267333360605457594452019055265     
     8772150610388450951672849318845522307017034545704205456485444622516035     
     0713791588447030584919709086131079513100970407272528225332971446214053     
     2254931403503342266740903958620130587120444956243126511035943171647370     
     6591039711915293198548887790794857282840152095800572725204516472368602     
     9073736522648769336594194432974585295922020693860292670733332187531966     
     6544244522378149270122534905220252927011184215025797502870334578979767     
     1862019111412274506463025225289508391816511850761456272838858772039617     
     9713003139687209663285018631308051805374091415447772834162807460950284     
     0235672730992060044960616175665648189808743787075291674410488597929629     
     4718112997421989539597412051304127993186742489150531825028255260012001     
     1550254634153100788973874577226053631715122122357751129882300171886985     
     9709891617095478481014915671927463136067876121166714444380793233102189     
     7205017885158967216606553205324162399797795480610799965640104427326749     
     8201895288118541991544106246029384731899063832602405241700812499351089     
     4261059392571053534585318432916181241939401493841361467933383430701361     
     1468846336223716298786038339119070112589269223222435532538875238970996     
     4143872143911360920541800203347238174892890487701487826534421238132030     
     3374641619879732186868693985668849026792030850116489533894203067767563     
     9516616824333568051514483908109417861447673002616453011932775106528452     
     5365434057842895094434958096757900807737296466246799846923812267092710     
     3184219486639291504090578408013102615100721474651004338795697519002413     
     8561086061331839769570900937217967910945793469556763995664895965947012     
     0421163931055556653723318555315649728251437920861783879888769564199368     
     4878049714292986538531177411122147018892580119159738151138407730433192     
     6626865333769851677237808740827135901660359308358218592303056237425698     
     0545821171134172900727180792850839804591084764489273939661005503472331     
     1742774313699547215157291478688647983046593628077383047556110800590551     
     9001994671643985298876831630630124405365356756458687886816958370050233     
     4653569595558161447405390647265118642851824079526630287994351653271269     
     3388101095682096576672280637614435279420521812627898145026665470678669     
     6949436454605126446159000480596851926142323477036701705480395379398593     
     8975158551759030022539706074662371061292295222604185013148225908883629     
     9383265501315616512853395322706936647514434191584209024085958339589935     
     0054512761374411349650730776552950600676517054694914112600226456372575     
     6489197549330522714342419931613549664893958325586365751993013585345387     
     9589886015171596282654852602859135732998976546970730402982312232846829     
     4900696635196992117754781951001670246264281689229785643676591253930661     
     5471955117534314533573565920183969792894191537252077819238082206652632     
     9419680658416307761756368567664106169593186683615044120956096342471005     
     0110928491410955630310319004046076275836062269242944472315833987818096     
     1461240780083200149066889707430287045920617492443976556714450311242219     
     1792044825865707723626321717194960506063527844674129956175665711402464     
     3846688879116718621856092172701213466805594756224079028453257388218938     
     9313071183723130316830039924316405998477732567615485147479576756878112     
     2878287395500557165266223953121390979192732341894373950261108425059468     
     6339307744692114842905533321125595413099035598141964747687452819431530     
     7471967926562541950069699998040984891225570222823482100274098770011085     
     9914356149632150170760002201988659412347319060310329746250576178855216     
     3664074437879884726691968263407852126202359579682704274744407669420568     
     2602561530521840085404584765650617640142017505301522763318015495300465     
     8905012109550436656532856528754478933824749352828998091298426636732275     
     6906717774363002316874175613894782265548594960014203619881962408928861     
     6758476800000000000000000000000000000000000000000000000000000000000000     
     0000000000000000000000000000000000000000000000000000000000000000000000     
     0000000000000000000000000000000000000000000000000000000000000000000000     
     0000000000000000000000000000000000000000000000000000000000000000000000     
     0000000000000000000000000000000000000000000000000000000000000000000000     
     0000000000000000000000000000000000000000000000000000000000000000000000     
     0000000000000000000000000000000000000000000000000000000000000000000000     
     0000000000000000000000000000000000000000000000000000000000000000000000     
     0000000000000000000000000000000000000000000000000000000000000000000000     
     0000000000000000000000000000000000000000000000000000000000000000000000     
     0000000000000000000000000000000000000000000000000000000000000000000000     
     0000000000000000000000000000000000000000000000000000000000000000000000     
     0000000000000000000000000000000000000000000000000000000000000000000000     
     0000000000000000000000000000000000000000000000000000000000000000000000     
     0000000000000000000000000000000000000000000000000000000000000000000000     
     0000000000000000000000000000000000000000000000000000000000000000000000     
     0000000000000000000000000000000000000000000000000000000000000000000000     
     0000000000000000000000000000000000000000000000000000000000000000000000     
     000000000000000000000000000000
