     2030075713631057032212253308250602575819566444535942874940790587949238     
     2401505852816881163980256100920502415968918579759683007030834282494439     
     8896729734759112144662578677700214162513087156316072834080187654324267     
     0205054230089668774818606985569530813475991921223572240905285818066245     
     3145184225886209345541741236487125539228128348859072666910338693338904     
     6700202755592953868783658017581671177540793674379100360712504311429986     
     0981845007233306687064459803424351470128264834953468370335919543839539     
     4242266859600870988134584812093896229545593337084561598217041142376084     
     8968162735091521312649394481731729673908877717588951212166468270683039     
     6003236162087358255148284308145628740025298474397008353122423530509026     
     0051476931529247511662627455716283537838054763100557428665407142908185     
     2523614036489787193969958177764567560683587419044521606453006920638898     
     2144860384803890888165557376729249253822853434673735867881207672995686     
     0428598434000464500146422265363846175757330191955533761332812756657529     
     9856038936211721289531795447310511972699613523082243865133556453064891     
     7401778982450190198468884213306851695839170327273036580642334186409378     
     5673651744784259203485120310120256716684728632315871330222480571735609     
     2558478243485695462701353611201288546998924999697039122334536322760287     
     8330291844498980242505954109140921598120390711795531340158851270011047     
     0469546085601321051049488216525110182645936985868548807459273479215563     
     5474877821619008301689074074859745847315909353542558151821784031515931     
     5644022608287967566668086126049672961740698120233416197561848054291979     
     3175331925280586003308287309873770551083421457390253463741693979504676     
     6066045561166379645018195922608197463715542923070143106070334229953989     
     3862053657814537576086198650508560778759946463036584415175538601744303     
     4538242674720406216961303217929782369835754197025879775166849685079394     
     1142530105430394692363754796862138741283123217317443050064296600613786     
     7104424790814405158758689476069204165751633704117753418356449432168130     
     8763287619915589391299317955927027993373285876283654198877767373181252     
     8849022956883838215129186836663311963024599011750334483854010216296672     
     9816266220026542388331033459642498237372295572002861666500205447085234     
     6051417925792017907271245817452311242455632066380410329895426907169971     
     4334583800165114191796959809914198932434115432037260446906118316965741     
     6134002930295508084550359405523956635066692975474695456624285024816327     
     8562698888989405784354115422160807520353670379373210919067768045040173     
     3035172298368794429389792553063942081942340433987923324505543893641649     
     9693049880878100740551401123328517902633383654864978406828719002193726     
     5295723841785821266169538077702789361987584170416956787179889023643869     
     3737451636740459933687344166119978994868250042115005711469373728413413     
     8229104074248104673390015879526651096790431386988681019007232991429479     
     2352362172962757714850542506953017789479079137856396445457724232091577     
     9371582263047721386836769246863883437447290886861437798020598441799354     
     8340182827478890507990031701772088609942571634282941612318454169786756     
     2280331271570020956117468260078600521333405624758319435422346124567712     
     1945439332908286007891692885863612987902289299822033211556079594952826     
     9677670715417892520412760487058587016091750082326241342357331653363070     
     1911799582013903294312223615335165950932554062149000053642129215471325     
     7459688103510164922215217701936643288371086601819141010104221740427524     
     2193066636847909456205876547464911241274358203101414816481100879293184     
     9721263174394180716853072983867542271019371444164369105554600585831080     
     6914720444984163194281444706484176742504825952200054801205290999115056     
     1064361122932349909831940918224943908028084319480997493486034034710310     
     2339485437987122606404098320498265010750083324483283416054678009114951     
     8586415712166816383009427911819795798390780433633461852615997014440317     
     4970445740396605811313830420591323254507077282129453861850127336165971     
     3416182926616392063102843282930875877026930489217807864702772396086511     
     3402139692669831946180084793188424892940695181648032331385634714473716     
     7567763637344466739129413782905356411447424170767423913298794431819624     
     2877486322342921729951667325197707043587485522547889584449154304858851     
     8503705537230075010872364046227059207883161718348599688139990076304152     
     3842832530088409868286996170824648421210179804254164195318053909481523     
     3855726587784907150897520452792278320163385485208128849853196884172425     
     1359414041088298083089407206620408493189986274018325859013256799337741     
     3480260934213557093551631481045235462053478497262715142581328094677628     
     3767436309624070960371339174334140589347539978084364183610582710712432     
     8447662262854846969658821065936100892696870828251947267904390520177130     
     1203816887704506773497324139486597268201315692772391165597102313084121     
     2317582841919998967734062889289974111649389884619793721174110078343479     
     3323666708418656585087674669407521994802732720765106784332246722440336     
     5630283726612668185557033879043417698103743938013688047902751829210599     
     6845176102130787757523189916333588238823112968925669369756438672190821     
     5480554040568778819277598967819683023548005610766427454807924009017298     
     5301681387338530333831148743987022581289204005661301755514903544840739     
     3632499842088523478874760142414138177405218211142900402239414257804294     
     1001768362845061863348642348532627783354774750710975298264877840259739     
     9781877395567663225797208308105852128041749976106552727469061494023852     
     6790931652135525807025722775313225695734284344537902435701629637461219     
     7899915968593152564353092539353411881520284552580309111041471271678454     
     9584912839885220353580213566040176560237040740235179008046425747349372     
     7137433883121709665764154502713478084895235027243755540359205188038824     
     0880331682077966302700105162182703318401911927304580111982165494062963     
     6031515130782508298037510168074355994446921535710101598080432023740187     
     9648087824622309282893512852082878497267742162678055515888694091577073     
     8404616789916357333132235486560100922435446976500859792625274467053830     
     1066823141171427497300994269982414089836282450123396638873729580269766     
     2644885488912084583828290966229247276407252583162285414774048061249814     
     0053111969147325135532262199660388709495477047377355742938662430252491     
     9960055516420046652261449861187253309244962039994681944471692532358207     
     5606909150126993326253017961870360863282421937851173243017812024109816     
     6729644708381383189589869682406229050856139656137747456662228304402046     
     5784103189789176274617978539589384378195249609774539796602193600445569     
     0918974918182040729800361321370326761140458652227720593865439910872608     
     0616387526458131523024599443307556722663741122348186744601812437311845     
     3019129600156171586536044354788429182941822879092343764746344770901523     
     2337975373615316794264112561549621112526274916653214503741710834328342     
     6485134914755871326246557793120466657132811561401194691876062983172952     
     3516939173690555668714896187305842136804482804056901105201989935557810     
     5332402025182593945726639961612607658908787677956048104938884161768114     
     8947979950558476500489642422929839948710538264999191217144479319872486     
     9371973739864004065528559868997068132863784859419611561914872328465245     
     5397177757173807040134702522688821516024933871086089346566664853625567     
     0465761326033090163407166338439638869261827431343854396330642688369409     
     4829715423397488541675073741570250989693535932655183517587306299634774     
     6310293464722528234199674907379484836491844351819890425351240758118998     
     0521755192397512790610943526026430708002500945990402470064659107375075     
     3616280306129265479048905954078285024550373043143815130771975661102204     
     2749953407330395170479423782015884943189783409673411196411378113733674     
     8361423972638771944850473650363627042081088979016997185232714024350489     
     3123510122256101203559125783752107525799871280155522310440776461406043     
     5652894526775958884155254130326574045862789151213494209844970017434184     
     7302124773030132318438420729987916422281865579739116465199465377299598     
     7224830053921445856972053983081475087673916595903631199228511750504210     
     0606633251966093639968184524954952946194384467992064787453311883542279     
     0668641059611855736235876078945069880504342195949018072526252657120140     
     5897089554467238543420936024923530764382739563259908098316332978127115     
     7723374518847176525153399333627756831657732754051491669318223023981288     
     0676704971250964385468691156049857270101169893643418007909027150314916     
     5746643141339648029205285903814109653993301242969621951532800389415056     
     7498822032582815192247317748319488532118118971624406982610312465508428     
     3763767668734243654569353787632404405277507011590805112101837791099635     
     7501617765470231670430881140991828523010829175418521149897178194720573     
     2509744060121811539082212048095533486982491621286829789653995226952912     
     4391935858022290821556702075241656374734235734779552939753383596989285     
     1437167112039267888145073221830684609074250096140548402972149654708054     
     2297783356228744863692827360590275304967837692858650211895282096746306     
     4331005142904791579455910757696705048373440560600126847079596097938554     
     8448475266742893337239059743575860304642728049001946222411527702350364     
     9361761275258986631447171442960248642989325506092968926982029012949165     
     5438268887448031633247483115188757224201835011835286890598743083168230     
     6936614753520426622631052825638657788653856668039130052350259792157421     
     4314963101497156465476380974207055401006882511567694648661467812979869     
     2457851104591080420436076516325609196932328476420071926535522093320637     
     4630106368120486012883892451021628773330018314011189472506424413321562     
     5654579636959377207437699402202903962329843996578016836511274461421037     
     6992071622523953628181510964615192835912542549397130487146604314889191     
     5961148327056923391217381170997814809631001362232463605355315299743132     
     5445258043078925834331227474295867365312271405367955487246572383163432     
     6951975932026722730241543067336719779637263770844963657907813001022806     
     7158649388770682967652951757960394304641099591623595581732551206157862     
     4763341324360675034389932075783104413293599140353609208000809871673983     
     5102824000879780059976358724304305796207667352125018888489229718761845     
     5757705036553147450951795898114998428434327699268706066548553636170202     
     9841256172873050318315008670000703094029446102285110957500079612849260     
     1140966614233230333173676981887289341704652782962147381579738730491831     
     4780905174036921172962243975045643689853413199232993172700885700555117     
     2306969117548310365948936002423322266396790795833955898468876639600585     
     2720624545199081303474798790678341743243046631620994276814680449164297     
     1325871819009254475639343713721941556352383231720597843221696494092840     
     5022158035044234546349942448623791107498280190390520032197080499204389     
     6194951125658630882600702210832895009229601190385315410511526889340246     
     1341340876337556731442737341962510738451358558287543217215285217387131     
     9633509990089384887740032052184950465582369003783531937928224257261128     
     0923354070298262470773414395035870278896186807453357232458611382184272     
     2323647090540481107044879519460901020270911556556026264993465036067496     
     8915925444300504351242459575300321653291389182454510958319758034336322     
     4833727214166526684996251611647593145331654833343679184789554581216386     
     9362287507450685148993750131874371974778414498856398445941071826611831     
     6388043530217799447923071355634313759327368837983901567292331560364102     
     5025654664151079356092083437876489435706039216087454343061709695095409     
     8785809516183805610831986831041090727715708465767662504121600652008600     
     0421515680463327295149452123728348213591660316951362244940441017071072     
     1807705861479763456743901773664977948972481436932196989702719376891442     
     7929101055490815834565250042870508528103364165886466148071393392833084     
     6944595449730209462930381046960948911795758149543486085308239930238682     
     9430567060381921140269302372936809653386765843284585643758727195139323     
     2670117940806948576915784957832594372035594727531403689470481652678273     
     1704866070272940018686001958577098225654959560345656067457529562534327     
     8208773999374229113892608573166805226888413002674334915221771507529530     
     0999785082699054761957999056994307822028254062287288018319915060142090     
     4355812838297732137047291922781611824297511804484256247388509561033569     
     3391977752734432644235149682646711255775283296336235439401770939803014     
     0177025629362044034041863636454267906470492210370998229726505656756353     
     0474506344750155700730638408417783726292422152017945173073447591217310     
     0219275562283216442823122918166028360209608507611199111101846634537917     
     6189811945205432068548051968846072610985819288953928623365839171877698     
     5526399615233690648601637540780556878059898147640337436077640360281122     
     9762693212441303916627034636364200213046662064145417708324814563785145     
     7478261629607060676643482460028552171173437299620803609896220006350146     
     2232483922635429948677358997320981144194636588267477744664714918025937     
     2335078117936263420343675951034018223460300381767069419765538998394830     
     7612035668734332359117314767884524050778408012895808417372365710794276     
     5190735034479427731306667389654567545046424014408928364605835517679457     
     9780166829605297119650318116035357586481705280039079943055673751358415     
     1812540196664020192627909031507053076071229838722260135547488556966979     
     5072729331585598300034821994689231399696654812742295268772253922789175     
     8463954661306327343722604414976136572688232308389626041584740222689930     
     3432936366821684763862065087325317202093524948061907917109897253331860     
     2073712958766198537184328900004209940266412924155573003032590394697647     
     5032697954228965200725443573076132180766166639142593560491392774842116     
     9672776126700461428748544474043806323212005882113005741908236679948752     
     1053773358096783809850219635344395682524023912692652620004589033271117     
     7681884075366437672214821512400328293126695468199705382625380096778284     
     5215482225887291850192983219887382526226246495112929995230826834185825     
     5894895795999363793904361746871919758666033239679295102827302549735197     
     5277601211707296541334586684685072296472006541041056594769920872122976     
     8905961399714107238776437463044055070055653247152293187551384050925333     
     2420107787201088432377444019979838529439276732973088145863216157412566     
     2920719231346517622515711203121839564201414583496552714353339336358451     
     7816143247473368734415394905554230087126380255901192699583393681502002     
     5822539558498750910510928255914864094821505375229846440893799796097430     
     6147298360559961860019464288142965971078461680977289337327949911966701     
     9387992978331806391441717959608021061956565151584501868107601149332541     
     3868026549655096564917515854921277325130316011350292312445986205786914     
     0769352228391168914246938236475371768062022422349666124385487977969718     
     6636649565575751856394775969807995350523300431842894987133373971518050     
     1391271136685822057264443168398172087249766006447209961909544610318898     
     8280461950324284703615882046930720528044666276507046033347740395070939     
     4434587412337319095503839143800299823093235908756214010166423644569496     
     2608531922801788140750218736453379607032942761724996912509107805193241     
     3101714895917689502058778014158852320954637532663337261911087680772405     
     7871773078927767656193443927463180424685010566748756756683200685519807     
     1716481210472212013395515654010551353187904767146613620509422177733798     
     4069425672076244927891164977440378331190379141597337078905242870907168     
     0295148496383931222801603109853805657070202936349665049302610618520760     
     2399980623236574812056334384912439557955635909400405887492928017640561     
     9048932468740125429632518515450862051088108869377418857113374531270412     
     8245074557853295503080386434581207236253677123778080932037099829316016     
     9782773833552249038790015054241491750171243233953406959347012643766698     
     9588216688445581559311541838406612125603416502663236978843332603927355     
     4435625233673437223721233478976897662877297862895139895546507475564933     
     5382397599597750313827521485707974324735647419325897797510854796308890     
     2113734060084516240445798079744821777143913091098067916470555495867690     
     0909556302914664360478673842652336069609428573560229275330634845431237     
     5033045900548795765891515261257479646347902423966593068300817165785205     
     9439698569141568113561307705686542916830655569440158718881806512323571     
     8480885179910601639566158310990468843278151594769214707487555536058772     
     0993063018714283637099442468655599680349867094446085862992903039434430     
     9825042538565345064621356474580185093256727620067920761377922120492807     
     6196730133672056188146317935093950988690956780856648985382995875695526     
     2433195371828120743281250206087751440384339213479508765353911075081146     
     1663977047715352530932651054114727818417477009303718471162899343927166     
     1433342456014126187601174583047905606654385761416129447783022833642499     
     8566051710015204323092332681577839156858667839046567898219539255734877     
     1583136533174549223729714705035453047961500320338715748475413575495474     
     0632605184945277587760732452226732696401234485479008768245573306706070     
     7367560915922014898530294409969904595807040543930877494742279829602650     
     1557594404468233889789915859220678864204858956118686897378480635108482     
     8615955109947401757450703462718145539473872174332781198606453586630908     
     1346586669914619525224176286106539413178515954427275897124947463767422     
     7124349489110212113308574544536835382861164211618002723987877537967912     
     9448471071884350568739598940861728609805855758982597847419535776986754     
     6673969252273652639737489247218553911537791742112228264760890415737740     
     3136181902492750313437326818029380177493205398849650974166980817842933     
     0235248773829479043958362255658010564976491067045169045659798385483532     
     2763593119400807839784956603056875314971690904705146213582706536245318     
     5266729273785634558066679708172617153645577594530403366811253557524660     
     7103333775828664545437868775873000332498763452401952033477533292424513     
     1450611275614839652227157951998677696489888080783655603967018612679640     
     6432904929163264335635780003462800025922144651450987200105207973954723     
     4148965270785838313328512391700195468795535235171411980712779360839022     
     5951423022157277798060952445037886131988797940104348636070972731164817     
     4223136725795208696631529299630012529821981897234496978615639500523334     
     5623157465412591213313809632536801542829431268232736869812592367151569     
     5541476641299253144113484529922208984029427110300818165676320854194120     
     1526266050207948182173729488793685819232961832349256487980321353759735     
     7380504779859575980834904114561712237575367535180679461886562696997407     
     1508846180421005378786238829484768369107732978770977061672696765564132     
     2346791574982811141716807604176900119809403829042672891224548073418782     
     8642584477219537816354687998488441629803004666737252157416766500473625     
     3427483043571991689290344860889558179046122987193576600342987088722564     
     7831856937713800713569244791703369867236382600803144953021434463993396     
     4491105490019132699664600554784294745857001684149026459248071590523150     
     8143013995232619489775135099562088304476593742999335932592450456286354     
     4203755875189977503561154894702065794149105696064235577123499181294634     
     9840787119267583806433848444941461521763758759438901069595681776279175     
     8109094070723775697229290999555455548485275141635384112097314098613893     
     0964164785441468601758231592227246053663870618720395390855543141559199     
     5698230907360571700405392426375391814384882069330881130941142800043687     
     6487556896357247476973396651776456212522739802231958500021799398642851     
     0332538278383929073937110914795055452701888303641744010509315716978098     
     4639775511778675360513574406678235886194318511106165139554296382565336     
     0703334496789488916628018792460670762898021386006049964014895803500377     
     1941719456454876997427365973272534116817884990122122684787472180163285     
     5601458319711166693112704931555632971694826750873523714515493869443269     
     5904343880501601943022609300913965673711779992684044903122021659943398     
     5521596980526965081715006242732427530208590210270243800773482556524956     
     5005939727515513376392791138434447022022006710664023507365624461748638     
     3373250129193510369776744969980165913003374839323929676125195090414087     
     2717875674174715151488632797411211465274150250984617363948989177914926     
     5006585644445342814238937425470313811703899074236525818762640912297924     
     1292900778760767777263621643525232765095399777554321817737685832123379     
     9184207372213004499458237025585907319122053685915537745528067397292260     
     9911306649600000000000000000000000000000000000000000000000000000000000     
     0000000000000000000000000000000000000000000000000000000000000000000000     
     0000000000000000000000000000000000000000000000000000000000000000000000     
     0000000000000000000000000000000000000000000000000000000000000000000000     
     0000000000000000000000000000000000000000000000000000000000000000000000     
     0000000000000000000000000000000000000000000000000000000000000000000000     
     0000000000000000000000000000000000000000000000000000000000000000000000     
     0000000000000000000000000000000000000000000000000000000000000000000000     
     0000000000000000000000000000000000000000000000000000000000000000000000     
     0000000000000000000000000000000000000000000000000000000000000000000000     
     0000000000000000000000000000000000000000000000000000000000000000000000     
     0000000000000000000000000000000000000000000000000000000000000000000000     
     0000000000000000000000000000000000000000000000000000000000000000000000     
     0000000000000000000000000000000000000000000000000000000000000000000000     
     0000000000000000000000000000000000000000000000000000000000000000000000     
     0000000000000000000000000000000000000000000000000000000000000000000000     
     0000000000000000000000000000000000000000000000000000000000000000000000     
     0000000000000000000000000000000000000000000000000000000000000000000000     
     0000000000000000000000000000000000000000000000000000000000000000000000     
     0000000000000000000000000000000000000000000000000000000000000000000000     
     0000000000000000000000000000000000000000000000000000000000000000000000     
     0000000000000000000000000000000000000000000000000000000000000000000000     
     0000000000000000000000000000000000000000000000000000
