     7117227963951904901409314905115021430131984636765909124679087337503431     
     0605594600373316819427601415010163669770980349133594633555375129258091     
     9997032914966112455260791586837941983728210357155492566151112343519054     
     6076387879859679425179897581698684289824473262773233206774851526618558     
     5612381712498607652005846082082339248051811158585689717364495266367690     
     4971154833961801435707482220117818443188605666396829433296385397094419     
     1279313605653416384088866267019098711787043395863347072416511777354563     
     6265412599928547006921410951360364074123413170662513610526875663658481     
     4550040541444061672864059117408249235407812764066442096382229650076431     
     3885075513490849061167401002644913976658605014431518559349294394514551     
     1854747721519463685310309726473834078928848232727081782351133863810357     
     8609613173724424952087481984549583013730749333883809488290266188616997     
     6359121110042077513613598841374011079173890426534044760532563115578506     
     8176486436444403650899010676234756699068416591918368525006915565968466     
     4622864306986172488470353624488039412917328200889095908613451979431577     
     1457388364539531880049550460434915815992480386146597470215556676897458     
     5630026039638975189136530272288270670692015281701765306669622619325526     
     8090317410227321229011634354072677533017567461587924102457254264931861     
     7660599788324822391919910228095937654990960628582206781421904085750628     
     8943527774430907665638783299023150528959914033848975459791014652629687     
     9881665042090737788598432999577882635266371531500984069943462003123735     
     0748346574708836683197526065277725799114820086706808583304919912708697     
     8676001572352886897876666013588883954899928658247906088244512427813642     
     2769430928467986921674929642341267789439542817607711301726062507214569     
     9644283803331137497375334503925823185936464044924565385860087468049259     
     7983790300376990515167003067147245473406898532613150992648375759444679     
     4911790989763851492238407235799322373352282988202087954690805947875016     
     9454633700194531695870942709056526352012299530266600547380553538712167     
     5902390147623354228074395907389234389920215596702537044718631820357705     
     6548260722672732107781535518495547380005388104117257563067175128239447     
     5654763567467054086307961608169154815645396045167368879899221753024042     
     3779709384201722692178209178547954446708234945523266912241867455210303     
     6480433143512050171843816834229966568700498148528449154869386181199551     
     3111964992899348873071282520806208680996806060669243140064381308932273     
     7410193935665247545139823536939934968064465473895069562607182158181016     
     0748802619465171670820039347857610215205031647791763647843222564382202     
     7396784797548033025282711237777558591399092762248344080792860516174713     
     6231963309478670351386147335238792367070718388033009973300004247229526     
     0089356796728090663895875109107271412493611079555233444182937735217327     
     4361158143127129953892256823264864216080188143516531467767644133284303     
     1299920198825415129811624609186369842035190756598901438520558586389931     
     9469830591188986912455283133642278184718864455467223837874790954098396     
     7225766592672082787218329226870329540664363131807269212443993078496717     
     7458708964855937278361813696867654925508395675965003387652831296850178     
     1938436226543075845724342903752856923940242457732352557015661597752023     
     7731051152736294423684339213124693438760057162183656611673758856949703     
     3885723701409474502010228154882530997937828667697866351270534040242018     
     1290780424934004692285818812411358017751195427907004133247069665852894     
     7024920495524302403255815249578898110610881536776276933079743338966928     
     9848128506467298550734289953241577696131220959588779407406107087925666     
     2399722377221588698696336401906188528697995325457036712124068617152195     
     9939579872032003231435673799011947724350964653240767073365993178915201     
     0458658764669224457306859180833269843794097544406772645014519606506261     
     1816569186682434283672537418907301055728328355768526424873124073215925     
     8573842268750439494418096501132183402220056231322696979321604983539847     
     5744396456216453150420176037077899579717090290336357004916461398543069     
     7596983179848613895013964467844595989197293948667895354553505824034752     
     5443871890930440843674371992811054839274023532598683587317276482959997     
     1465636738145638564340492595076139027604199268788330128920181604370407     
     0038054046129457001182934148782840180986301328850051086359010627838690     
     6193272280767566109117839120825574699619328838773312923054023663920373     
     9594508141272637830614824915681319810531262023898713853000903901259021     
     6573472318436494646037491001454412057830269572734784647260791134328067     
     6455103873056525692919841161398167383304234749552782164726197977188272     
     1005303001826941203919492243275184044598295665477497828698657374936449     
     3931759996875691875434258089910993982113045163602531474195638928223908     
     0625530595793678610738405458607946449191457332200045330700847432432156     
     8280526112615354262810596124009245107081035578184870056472493245070582     
     7769266580097289481943236024664555542433828768435878450641638849523936     
     1710189681125892138727170942259154861558590121132967121840997646896551     
     7547765474984972829637528425788622466427883141419857578534324722952079     
     2470772947179681266415237685783478596574807061739076986769367500910018     
     5585418003969522910842680929808920529753769426831286169536117602568965     
     0410406554708882928222444967150613566650981272433135770884527460714066     
     4579623279804232922558055587220183573650533391205245590612967551175275     
     7708464073335807399306312387379191068722306066229795264239035054705843     
     5880233191004367362628453376107790198652144204362650947882535544393724     
     1731407636958124294111551475029947353425042274821097607248220664839667     
     6002477223165951028737606318949360593669056035946867104495423549014262     
     9753974915925956475119790332182517082032477182172797026259072581541060     
     5522135589137620672360975451683182934272946500177426442407649992133199     
     3858462174188333092956072153989029196619614891315873400383579221696922     
     4299697638325892569838265555087362988063073859094133674690787607686838     
     2317844439919498640451098566746107644985687992494042352887090315065170     
     0707980763483290072696373719134782698329287502553327717481462849016720     
     0383300134475444700081656481910100823051352762799483402060723870395291     
     8260647253480298314456383527729848746497642440718830327162824731035840     
     2601953622737234715036566413824141356635511244071418942595232852434599     
     7622779262111797720699208828237709531485590322327918257711534268274325     
     9896534289829513675668911976207208799150250910927745185338743106189611     
     8494422147868464882521775353785050475699935726029668098889939675532990     
     5969448758247684669891761657078874600824304917157324626242651538150621     
     6496442054204588812426055646472355423612914845691676024016665937977712     
     0714587456209710170449915617490668510055957243223975239233716170779494     
     0861417065334413633640602964788764065202839646662540478005707342371291     
     7760137327115526153634351071813399922909826964833749584512717572375102     
     2272546245173055426846124684151960659124124236790718234563749262810763     
     0543031528626223767078574156692833277508897745139401540680846621721627     
     9775823272942410261383963295768409098004366484644996287722412078116437     
     7924175416695978808996426615178682611509844931952467447329353699441003     
     2435825494413447276595267691587757925165534911661801361903497011075801     
     2012385801569217817086241515619364486245381944755563436257871438173445     
     2077802165715596522912441560756354186878878954096991831663583287963824     
     3235407823343974643183262566774920279194481814515694266171565613054984     
     9071434829353916707464706105905151397873640875662267828770342403978107     
     5824433598876824287454135438084216483938766353258229451924283540763016     
     6590028777690244649075503053981358922912749612547872101529896879472873     
     1888413576052123742838626374909858812502026259996597436162319969604660     
     6357719483497076668412216566855041139153216739025455405896303151834651     
     5041635601757958953399101197164844747425898366094925154704588919748822     
     6097173923498048732464850811093724910323693789448152880906749048233737     
     4634389536377522923979569949962854278014579614975423779955839865908641     
     1278768772624643828304191401986795430668536753941101121284046544380640     
     1967869972815242203863068196937149187418282390448943334163280876641362     
     0837818999134099682448934067292250871827626528138855299876117305578742     
     4606649877400634682480077463263468219001670673897536064562392204529385     
     9305020090334558591069425436229177228742951865287908039453170123828012     
     6449919211787693823758138368907260015553393513501304331103009214768311     
     2399309936266402827432045836884700813300569842407885356594164286603481     
     0548946692918601100421198841277015011313349126668344279026938117721945     
     0202444874361548694246261910794251518679618211356943182322870571381148     
     9555218588185094518151378614005972555195615830877387447763029812666993     
     2210720993557438270854781593476539891581670752561301440595606827441987     
     2854330325785933825025932603953822596844232193480780547513361386354766     
     6869871092966927506973514636418784348703585906351447606696696387325129     
     2660180088393481768467874373375237958658549898037409982825785338825099     
     4128998186728371965511572478060461717070793972668774925353248514264568     
     6427244807762619440642059216666913143497687563411095115594729017121042     
     2352061100495131396323019411371035690197004172129744960134312009536120     
     2394095564267049606365023551571212969144835025463966303760237156490025     
     1125186025378138180866847158681721464828127355708118811658512880149866     
     1468644953339879252082952518214310423925426941453234358870778559611816     
     0424096793752775925085921112003215769753898744939429079578640357740695     
     9999878226161843111414920324025344887393235226166291507936359700816124     
     9635115208681341656137717346998718439035269318966601181955027680405808     
     4873621941982807117740697468096885021498881283248091631745023591164965     
     7558725521839449288463098781303580070145964062420065028926576942612002     
     1209293192336726296784446794803214446725500847916798027816168459364732     
     7756165120362550049366302578360108502391594757928647171137787840646532     
     6721880249741620841280301050641908936819752292626814783325422163295473     
     4064682601035588636278521142128935205888923862136414751785586327954581     
     9167268841542590368617291932449248522933840860979789253981095088633246     
     1892495459826633028388056359490013144530090715861443759842518224406060     
     2313987426603366699749159527229077662783908953466578416410144636398599     
     2444787570897667847319024241930942358127160955809260120179485729169326     
     9429717445680501140575236753168675454615346022011152883182666484716980     
     6340552882067195359371005835393264077667044933555380021696010605663046     
     8073304284543253919204509686658155522366946526102284935399784144954817     
     0297783872929153473344792275387383084381988866851783916479950776740558     
     2149999489670060482445784374964356358688295472338719176959090886182870     
     0163042113316832683574859032662910713685941130500916116266150329943366     
     5119955017938809338280317154217411536803318060275015165789981252021238     
     2073978157113497015670260928732021032066207933850787871253821579230571     
     9195083851785771985680580013549014737383573158990043323531018979602905     
     7565009113226245064310006472124394031964336292089189118286102788387693     
     3980305644450424736148085759106870241589291784369196239905520059933562     
     0536021061045989774188912259814459190250010065286882568423046870157116     
     2824523160629957464993469022969358584170095593410515054676148596552687     
     5998742123630123109283910071973655101588650516864696996959340133061216     
     6482681806376204030730823485492953314814161448090541399168363233873209     
     6487995703572765745873723947068862341103312063710684381225309294789669     
     4156032995537571681354856145730406829864502059500796841094405230849050     
     3335044249534045786426846286742888090677652169444821685471118191412196     
     2408932789477360281928501483824294230350307311992111953546597825128390     
     3919513161436661814651286786168005608280061325101400622725906887013981     
     3606703847827561693739595982599180023048948769073205337769370162636958     
     4053616319949198263600905846043534594282952987137297498013662052599257     
     7633519721261386676217685287775787311229917084853581971785811866402088     
     9635745573884561809753398823245777780675785356810636834810461165997110     
     4411429605938161963004131905439034799921345067529884171426590637780036     
     0931679971273187863240321905692273943577686058465861926825787883339973     
     2918411836353762751503993689901419107052928022206845993240322634605255     
     7782613399088763371407159036219813167208491603749136618079507049607055     
     5194167646643440314984692143576286826585144223320378932645565838938904     
     0257779517669215252277461609952105260219800625968663553596592930504423     
     3081095227917568549857620401260247614294886212096749148120226435008973     
     4279565888354370861465310620936116207417138589709485747744740269768820     
     9949014031354011006198872014583114433010722669270345125556556252764595     
     6348607080465152243484399615052594618507414089375036009630857623993247     
     0103553932892696347719400030814134056058436288932335386402376013410911     
     2684166912299496696631240041601103754345662720887928180445559223491420     
     3202628833359335439045801436827060140648753627876025189349160842838010     
     9550417641867938484655955868001583729745817229346065293935153951115026     
     7154615263707316644858804296017799049356380721273343626702639291598291     
     3058960661289973428908504340483527988277898788234488814555126283121158     
     5081057602783227858306290747226628102374153968953607204842536570164537     
     4726111644563220798711294081399291997362205282903334508978118449033444     
     4775566393833263131140441623248946901893840712645598734520892151091504     
     1703696272934730386545505845706019293243228125159204920522139440869381     
     2736877543259288270560584299984020205155664225566174514166183886930786     
     5490998254849206611974585510205984933939454422820635477326134527752660     
     5112321747730718507361394614540590674277334991806243596495670312737107     
     4315137281863988778545058452194396204723180876564204652364553684475459     
     5177431853655742415072318039143349660026512999961616155911007384853662     
     6408467755564778330111798637189302502948663937660493742171066508725678     
     9344254055112714723249765327455208099978866518254070889379450246972229     
     4513746498206729458639716761299579247391793389280103370614221152891884     
     6279671652485564230837086562645288101606961474641970004765003385259648     
     1944801727294637061322450997821206386158264566318393468870574048540159     
     5771373115741999194203186126866932570476453674361637552833431886989216     
     6484565728223235887167423607421835026907779232998737652265432253992286     
     4773165958550395923506179562505022993165313208380910433439385929272199     
     0714682409596898473661519483984536910187759868037174852940101823321695     
     3294893879416103425076393438917039846952747950985685717122373160505063     
     1158705982408878165471582152299267972690083263806105281398964861789342     
     9632524991760804196488765102565286467431586383889845139521355373619650     
     6599170538327380612030442531136287475547326087204714500995662032443076     
     7318644239127680081068327376482697153073195832745552443709557908398390     
     9656597765235887074103440327720296080841352351834666951630612405858479     
     6727931679923343064363604472643883928613629660304858127951844505419119     
     1951219403952005039392844756291682304000000000000000000000000000000000     
     0000000000000000000000000000000000000000000000000000000000000000000000     
     0000000000000000000000000000000000000000000000000000000000000000000000     
     0000000000000000000000000000000000000000000000000000000000000000000000     
     0000000000000000000000000000000000000000000000000000000000000000000000     
     0000000000000000000000000000000000000000000000000000000000000000000000     
     0000000000000000000000000000000000000000000000000000000000000000000000     
     0000000000000000000000000000000000000000000000000000000000000000000000     
     0000000000000000000000000000000000000000000000000000000000000000000000     
     0000000000000000000000000000000000000000000000000000000000000000000000     
     0000000000000000000000000000000000000000000000000000000000000000000000     
     0000000000000000000000000000000000000000000000000000000000000000000000     
     0000000000000000000000000000000000000000000000000000000000000000000000     
     0000000000000000000000000000000000000000000000000000000000000000000000     
     0000000000000000000000000000000000000000000000000000000000000000000000     
     0000000000000000000000000000000000000000000000000000000000000000000000     
     0000000000000000000000000000000000000000000000000000000000000000000000     
     0000000000000000000000000000000000000000000000000000000000000000000000     
