     8866561501431991697591025800112598849822607542654541092746043835220370     
     9193261742787279072673199636121448380178141174809331395015947632184245     
     4392313207664522408345932269222881739609202628558285602402723753117407     
     0595841175617737639881406804670051386952745705103407500143610907469754     
     5615443738862745798196083469951900479102835607839662923445945545641890     
     6226903245113506758652363542250479241298191136532457610236311624729809     
     4859549732599305671405211885420073450285672201784306359058841239158779     
     2333131601325150708799045543366223111832955430316561093421748368548856     
     6346507027527976824728284578729180387634244702338344822305693359241385     
     7420893274843862728315699364016480922478137022961896640307869590394488     
     7293576043326070128872767416219674516689627486242314184213279974433662     
     5115027515455230272162356785823208255988452919996527411200000000000000     
     0000000000000000000000000000000000000000000000000000000000000000000000     
     0000000000000000000
