     3066813243440626831265894005612636916101726788600942875514193748688639     
     9289341596810157410828334868030707571124670528428243341505142607433692     
     2010995272583899270734531621628762247245685943026772844904012859964984     
     6108704347516854786108703894201566080652267877261629411569587693400748     
     6993713646087864566251519044559638016644469296109017223353208345285711     
     3288816744361869333228931751423839575275595028562439161541839504372932     
     3159121854548381885519416323601594461634053699063417422905740173994898     
     5097700383852621488917295951928416402473370399164626626493070154400770     
     0262671429511667408723687754807932126976965139370256473532872770157298     
     9495113800880136119706652092313581613366665314333998958609205481466934     
     0881387584815060563259001261646015362975700625221468692050352601465267     
     9173195632921491627292471558493450781210806622814834651413148623269218     
     7507107951201148232619264085002717464596401241906645197778013769219866     
     9290031912613773118423285312125575504244458092402191999458639807932878     
     1636657380058126706975910908390806457604176418631750792315985413127234     
     8008501756924471090622689109886243835841778052867561501351357137577321     
     1608431676982508336747535558412346151506196651854816584365257891576482     
     5501719185664885613508747528909107537940031321032123633883857848004848     
     2446906183288533096277734855271706076102968702588279330942267686546837     
     7821052243697022257749387788765241023426812754384507652838679894466763     
     0389075577332999160685580705673991600086374853637461519327928694075166     
     2668771715204951268134367602916134638868831618409201089043475369115080     
     4837302218332810537213633535852653929589249939913851112141826284403319     
     9208699439809081508240417213414357929439503699940873769272906772206633     
     7391760311971262469181816516098153165079576723818292185469387312199466     
     3550418455582431599996013124130174505976103911192781632569111401041610     
     2790542852073419886735002305616939612760473678941950770179174551596649     
     3220576601787986217328624996250101174479091902547198217437462961866673     
     4600108772948346332826718830648358596741305880389375367306871192083707     
     3728988620207614220997799116400993945831558635050735983968720781149100     
     3135482891537972414482162736287820667808052185263545828441031166515287     
     5257355399435168282357753655224021116193686665515810228735489097154267     
     2374559508705774999494198243900012249298759735366146746365711978580434     
     3636711224809078766409888770235700738368942752550644321845349938257257     
     3807481756813306861903454527319035204030074807303982392935013505635060     
     1991455084455537901797571489998494021212120525554743658004759022113785     
     9450364773361577578413153505998478925963397592055640264905263721443951     
     9967964020055386027631138696656688980030174785374126782251731233801143     
     8261803283798400278856100008665171262494054291527863250799236635017464     
     0227589892893270793110116232180492834114952824077476806307567608497511     
     5503038233226408500626436826236432346650099886155004590416792450446758     
     8239576288074354825570737980448798509192673801301422185901791591487448     
     7748535176619464562114420839052989586222771629200737225397741100406679     
     0351667392202642140634156225873404287830419430710842993945712709372106     
     0748347490771402550241361478201793258447026719071006176474656708998616     
     7532747928595145516070371093876364478602699087664599142087113508373892     
     5939752727639224605738089769095795199395591675703627549715693402479770     
     1191922834670843196095513141123344095791220816215672498692894582645936     
     2190986497953773159070053059348761039339945162761503441471026819002168     
     6861910838386616204466845852361547357840631505081333233080010940603910     
     5536722819449631315201558572225517784251247929368100132480499366096580     
     2237198677020133427524107820517481665795685157829108056771146108093207     
     1215302241676060265829013798138793869797772954420147473264348664098603     
     9425618874813725305946628102899724648694211127451377343796243839058623     
     7647399002642810026598954471710226355924040396429729866894850054053310     
     2905548759580366082026023422991610252405832071594960213213894702612650     
     1254840280670625900716607210966549297192401994191487827670950621998901     
     6171247913348465657350818610237300112725328144994011141912070690269337     
     8469260382139442617193142003823304396232967491834664521844218951292831     
     4180680271673840811084716456496185685368481766604452705233981181049728     
     0669530310977778514403866079976016290333488810118504583817598976326113     
     1890997112108681953769795865426841012843936998114344659507587233244356     
     0484119974360222859192882792132718844939654594182865120587095685970910     
     8752116131274285646783406419402381444727357811347600371727210351805163     
     4627208922807327140922975916737709424921954183285909748383869590618001     
     9257396289640495954034202331041867718021982454372676489967858492908415     
     0427726014155083315831235111240165117324459924554419949351941024070835     
     1646045338464501971550671065746307494484943301982718901382584864010826     
     9956326046894349352231419747903025004066193443629089911586665193649313     
     4034382835481500282249221791163366902031638120888926447093217691703238     
     7360894291212083409195394926095030292434593378755620360749999779423269     
     2867681050867637862647550553175150813564708204005048677785870213243506     
     4077423309634309801501315761207884574548671440861467541644142858061388     
     9280866103343949703222949236511930939445038500010237549544354604110517     
     0066889208793965138666489960779508755745560596756709666400702204601303     
     4641363512124239065499786073956818056184361760712357593545184453725812     
     7117187118383450254623540342909431391236740375251357315761034122477296     
     1057640630057061045978195225265551412903004840428970519618348289485051     
     8305359846382607952417266503325843524470261419375292282260105676957762     
     8698481183304422973850306624591183683343130565832000039624507684032822     
     7994905625484319526726163367377878824800221449737186320406231306658751     
     6283827107375182648239821744147788353642792377857387367111648051673102     
     3057466165710691398689645160397747721663421371488700561968214298918369     
     1480978739604735640466576271314956065495235215490318229576528809368983     
     1736247520643963535755748605257859454313487027042464100548263095978579     
     0406871006628558587781438795834869276502877074222829392775522186897722     
     1798793439596797786566417451850086377521241005345687238618304791944997     
     3874471422646651581933305831069215393626622543234930218823450640273072     
     3984453449976007054872176832519836908910835930549825278227439279704008     
     3412908372341938080116638630760554827630286019249600869029491803603041     
     2660827498003188534743228381282550493236690252250362958892245455922835     
     4131639970306962695493595649089381518843884840714842372122797414298223     
     4340666110958940166251046512178865340822029210808665614374506814002200     
     7771828787028579154235606578321470454277985220992139128101942558726530     
     1167775457216302549499645555903848107915999084797250693393386074187452     
     2780813990451087897756351508674202227710014506056166505219770184832227     
     6918018120414053288540921739931522071795342201975745936748441913947316     
     7957030851276922456742227405419206075234526260271727182067373875546518     
     2017898794227966084982681137338362423311196552971358856937760502656557     
     9691656650439478557390619951207409149644342370057243637251438798407955     
     8545711756942692506942387326976650717094867171574960758786088819637846     
     0188936139466456912413981750586352246294409752565714513298792292187147     
     4688781712701382746594786494888997212019716406410588441183174365786974     
     7923047696569587105520466619946826119681675023640091088755920740080935     
     1626019999578274041081290979266165198911543738604750781041171747458815     
     7779287202810390865598158516024515769774091660649270270318756164552041     
     3811595819759076530939223887699488022768189848554370040338124486822205     
     5593602581730005249201969642136054873620849468221224183275796871442971     
     6511540447623598727054199881692527797225778496471323689197138339245388     
     3693512057655952917817551136460990486616861479800835100314585775610032     
     6478645814259058012399928450608545882042073792621431460503672729704356     
     4531862697356856695310761578894058532598093921741954150863099252230683     
     9681306472844470675983081395536227830123575561518634168217095326236495     
     7992002253924570878155359472377934186813434499415050610418634716183662     
     3432659215115187594324095712628460626437243730750151470654492732974727     
     2165747060365747345033600347483451946587960315689291531559085052785328     
     0031712871728173398830502172683258849340749008588829841647974899995785     
     0030305322754458840243253521472052181041173314555156759015442531667235     
     1847440332178066013081544434253968905694310697207622043483175756703783     
     5058748829955853218869044443757344361958735409856897905421718146055355     
     8581053081918512940347184883112737706581157471611678538708887706234994     
     9560500823162298097101486868744358464497616684496047921388073686142164     
     2224333246670481798236200795772407599869708544256438196774567123541964     
     4638784450330189466203486617729902710393301144760717851475815805952718     
     0528895111325513901646966840018017189288493539113310731551093076160362     
     8241917909598365459068138783206529986558526845409536702241970591970525     
     1130472701021107477382050753049131252226552388021939620861162184783993     
     6860727001778219855165895478968445166353301891203335431466079265384208     
     5839529237497524983206518773004922146507413859635850063851782615897693     
     3406338775916206485679866160347683027733435481425540298507893405195506     
     9605227493360714195164763712376676271893855281001030795586528755131083     
     4578453098632703865126932428206882244460496774453686990221124264386497     
     8858504642446910145792805469983018136558845496396979364454824552338249     
     9651268226235163560413673687109301178171436581799668248235135331521011     
     4470892105862000272467322066790045676683934209381198468298412559211157     
     9377348930227495875037646508162665953037419385995199288247349053279435     
     9510350032518153694479263988638237588267956794949075994579111085469271     
     3851563584451936966270452751826998229035671583722290427411161464457018     
     1808812427502714156122617120366268075600747905401255226685747599759883     
     6351897638260410211408949633909956505294909800052703234599694599668536     
     8896550320875412416203181446592962966463255975212281125968753925707089     
     4971966218779089807920579249780183781288339738925428045021224662234831     
     8704794929506946107055034165759884959042508668834895240380754431088982     
     4441963422605638569119670068861769892382372186885540780883159768949301     
     3827106495223547556224898118681808968349925148146306054782848611727088     
     6153644854985098201228971211800384247385043259098225256556063070674813     
     7137999482405287384691383419558850691698548354961213088316977507008225     
     3106928444967526577467104857729703673993322767924082966275144322503884     
     8289679466420937305845600252234942998007381208830651068781525019134866     
     1402586161290136956426966576123638266939536964674618537470806120162979     
     2252541252476868524503080020727252336117439221894320841277956222010736     
     6312244974951111168042360705680146931114339972924420397521579422574234     
     7106431706546255920155883092409394043595558967724773494468911916626117     
     4300697774964742313241978943553795559653497388425725650041875592670960     
     2572461468862371565381696510615449479973927605621298775824397384679763     
     7012223552824953070669794710880737844175514770258208719731108108984416     
     6936324579945468908692106053179361043303369279345782591939155747250091     
     7156040282127210257000558117321472147123532959761901903155203417458898     
     6705164817324175194027912351880649015955550710399252502026245986252730     
     5175113349917776393205255588161217686251676237449929155576460520537727     
     4581036802172010385094550278355320226025190867958829318706901056734351     
     1194552950661700162980730045783963875458028720504217357508440848064128     
     1889270011989921195569517142753872945302844452834122006662205088087644     
     2417754470988805288520214554994424561184628630778951011331087124461917     
     4445483993703442485360817912640392326688931556307467538796653742263412     
     7694289444772713807792071697051553566117474172160813893709723469577831     
     0567791228595220191915195063246248130310919005581519211870100356642433     
     1368710419968579798151639469942431242968789314664770319078024198544446     
     8131245875984047871870970572471444067372169106123189122343244162572416     
     0384485205358995563909928953115612328840085114689280028751878115871661     
     8260667632478888356393325314655980184852117607425710948850474587458892     
     6228995358383204742465959270726934783373173545512722991922996442269406     
     8078608374128029665688408694075636794340756562027711846671642833236171     
     6421607954447872504330262974264166827291370814706733305607521390528262     
     3152335045986303626420615880203399796289424481982565810223396499694465     
     3085724548256734059168095890220910883816940698771530018023156379350050     
     5557512813159478002262638922338560660037013104618628328314248794785422     
     7313740731424967472609851601965117331424153152623434639615251448826156     
     3129238751407267283760234288490508554944419507098289060768561702793890     
     0447375565805458157149681997476023093974178644679444278325107380115099     
     6056882311294590164822598352679415838515295246298918195153500411855564     
     3376917780297621246120338531087722440827223595528066329538470940306967     
     4894269710083753672289506669975711653549894190397715361312578983860479     
     2613512892274578969887726082946255410382611991839470940249486460361990     
     1150437610151543909967620283925593974046517950320375691276195594498221     
     5030079924004973879650290056457434922940300663297383539631932613003506     
     3937508532073545585872615909659143183354337091795235883336316375538817     
     8205118869379703353999978802846571638115005353019448217412313777927088     
     8457549233377349256007479515230121919848244505485510080782423808302462     
     5642383208803624722262645099351661201558622349805177794857291250316570     
     5975620819443273803453111581076678468231647394929445923408157931234045     
     3704870948779666477560571185884837600558385584921861644395696449427681     
     0888326633144827928783909424616961636487859296826499390040294420427391     
     4463847273410036548803122279693734794364235751156220257852903638715223     
     9793346126048464571713883385076139286770367570991250019127290624257114     
     7793424504381958069953213231564312590095480524342849827557902077214300     
     9053807933609365066088813785426890400157236291395788543404525596059303     
     9195764348392887817947821364185205867847253546097627457697269244602386     
     1004945092226333695334619102739916293638947004447526529173672750867934     
     6329392925771486103723996079378879491066363808818114740806850377914550     
     7763530586755293589889894986055795210567919982709111209672509584577884     
     5064530063236526797612064716406530107217949202300993079621812350323984     
     3077770044684139736386786571741813876797228362377036715635743346306084     
     8466710408192773486955242762663304650116316380166129302699722393533236     
     7111493241102472543006835220477585834009574960537224359520095794695442     
     8938266016242639533726448889552045697653750198089430218165426653533905     
     0430579400346892625266681023107998512772848882515762865268650752347992     
     6060986787901557841116974585933017978981119241631365178799772616579394     
     1508360419068321680175767835849726584989430109606830480901141684798680     
     5178264091425941194326814626288714618903636122272084421823367918361437     
     2361057207513870434192094062667823267378538466376959449538578722870748     
     4022672346900308469753141373696651608455154822668547828472847088400994     
     8139091682312125448637079736932148935573551052747827034410841021708008     
     1908472674635207456642519376818706524768945874389581553845884244416958     
     5978843350630218998381945302570833413312219221765411633765558499369865     
     6951570774668897152134568461773647263529982841778029058417593774348731     
     1360996484612968064443842341814670693744355176270191597149968463077852     
     5201513344205473839845667804489500598160309982670455965350790899384953     
     6641196742432989631685545474714181955284739040117602962276566823530628     
     1063223301618312549504653774409961389022818854112834295433882776593756     
     2011297944617673459405034469259636390753839876474306561050379868561212     
     0570526691690052143547196766581667974494330768096700292411816292087017     
     9069438894406340264778774229994784999705500032913278173364573958529289     
     9403615289333714686993248637885821815525130094539954857523377758095361     
     3324196982273276649456530214524631312218621679720948578815889242994085     
     1388177685810002962915448879612735836271518199507423978299781634819440     
     6114590104152572994996039405256802872089531664288153043577366877636527     
     4140368999601006741460121866907399885682222518356242119339501643879018     
     0247693542814750948913458603941573555705223142932171371271080474909577     
     6306073150994227829966866776245843012283481228475111003033318196787361     
     3751032215531585855895886880000412067467393473323874873642633459740071     
     4494527089774530711089189532795466699693154101282582264598707279294246     
     9737553968345055758089437105703395461768095509070500264047391114647421     
     5189860100794865652418584185055459888121857380988636446008788166754275     
     2037410088861003053467050484291374638203195127109148491911951569836126     
     8990368737345218388925403445138318952723302681918700574130996981363183     
     9986813426314805072520136015960511982993210361766112514514656929727908     
     1362532736371829137329357782107739645636117814437972371467270420380051     
     1386791283503799919851154604691446640744181390605756336015267772006789     
     9428880691676616371363780789627740240281674293236527701410790359971914     
     6662078071042546715696171057229530495244073339722231809394447545209875     
     0248920093491213809065223075042898876321941513788249461932194351274800     
     8954122773293898510316588867501531046880770218372066610508557784799013     
     4735256618383863375705016712614457274546841202617932366453849157144848     
     9520109420077806175761294183099479225974627424356718015027156555446033     
     4510429066528906389361786069448107834117995175448399165279654402879737     
     3443999195817707892487096334208560701199987055763615605861000307142098     
     2025525701701347652490066704329313670716334091570218521807611025591981     
     6211711858930787883310752312144038669070998663905271350193238060907903     
     6347630885198898045077061101592623764884617383564887711161631026387381     
     2963440271240864759192651525950863400753061667430125168854590840424990     
     3471804816983938097076520375240695968102913662386995549179627078046656     
     9923250985161919188605933519888935530923346887297388492335533140687800     
     1425552380573204853029121900114798095528642419191407810883823013953437     
     6842091521872125156170005455418456154329407184743332224793660455739801     
     7620193690060237288427488005270510351125042407023365574617573096545400     
     6110892121462697973277962206605702924480147255974976729213367946558411     
     7846805399196964829745373256506672490681552339437785177849986528847671     
     9172491624569675872556422003463395047134102847050849131497423549304061     
     6125615332214521492538443454897834897948698796522013927303945172138658     
     0077216269709885349036642978417370408122787905438829536644680371236219     
     1308660318003292988213339256208489952243658124762528214063972704019033     
     2271652188810140181521760040259606615586003078402750705550949027761823     
     0776053374000251033404208741726163637125463730996856375536002309388209     
     8242555715676105545872521023813454893582868906443318851844892469627252     
     1981097495242090726795370792511667383855777397406364451732680751745802     
     8117055564540274312259836795290907311311392713566403387084330962672947     
     1191719857910673792596858195935543652821239623670938214730202839091955     
     6688886245645526639783834899007356085525812408707775157482514743000555     
     9533370895209455871999955868110459367284866867939077598457855918610448     
     8869326214081318283628389449895227079815772028553338075051504074103769     
     7885234893945188006802899975778344184420636247468860617540853090126404     
     1378932223805299193060436405912560703602319601290389982451496283486864     
     1125300483059927629398620956866493588344340505989159933404203911390152     
     4671272745359440007798415644739763519245374930081982656663454524498232     
     7871099286250545248408048815416981272272274205803705588036285419274515     
     0829556183436183634332086856554151788821764221730058867705741911278358     
     9957152123161904317983440696873945458318719029044806273351433237999987     
     8319633797905895883795256482616919423632965165373707831899703746005571     
     8660141516281357058119558107969464335564443206381383050913866908029212     
     0640843308049913195989128390682201095987874787604470728218155828159413     
     4855680000000000000000000000000000000000000000000000000000000000000000     
     0000000000000000000000000000000000000000000000000000000000000000000000     
     0000000000000000000000000000000000000000000000000000000000000000000000     
     0000000000000000000000000000000000000000000000000000000000000000000000     
     0000000000000000000000000000000000000000000000000000000000000000000000     
     0000000000000000000000000000000000000000000000000000000000000000000000     
     0000000000000000000000000000000000000000000000000000000000000000000000     
     0000000000000000000000000000000000000000000000000000000000000000000000     
     0000000000000000000000000000000000000000000000000000000000000000000000     
     0000000000000000000000000000000000000000000000000000000000000000000000     
     0000000000000000000000000000000000000000000000000000000000000000000000     
     0000000000000000000000000000000000000000000000000000000000000000000000     
     0000000000000000000000000000000000000000000000000000000000000000000000     
     0000000000000000000000000000000000000000000000000000000000000000000000     
     0000000000000000000000000000000000000000000000000000000000000000000000     
     0000000000000000000000000000000000000000000000000000000000000000000000     
     0000000000000000000000000000000000000000000000000000000000000000000000     
     0000000000000000000000000000000000000000000000000000000000000000000000     
     0000000000000000000000000000000000000000000000000000000000000000000000     
     0000000000000000000000000000000000000000000000000000000000000000000000     
     0000000000000000000000000000000000000000000000000000000000000000000000     
     0000000000000000000000000000000000000000000000000000000000000000000000     
     000000000000000000000000000000000000000000
