     1149319017010924452921015803653718789423150968924519137073243024231321     
     3979893472495057524747151629983534330296549184761423800876717203841487     
     9021011407754339410613726480219554239867458562695284216938116965288775     
     7463337693145832380594755134835872503524907025204971915966151844153935     
     5768726281407369876060996565616474035896747469726946882053049754308928     
     3015869339273107023189268382259703470386977812474129479842386883735985     
     2704895206343266039168888362958404335697801544867320983967843745240115     
     3553012247770456271613580209072025837275330624029890155923177737405626     
     5653689452729295534396860680227554064782509218591680428732838848138419     
     9593973608327469681111042049776864791611423329184670957338025222914913     
     1357685106118362385380884351313982664512293396387239644010637193342638     
     1509837111281697365193071288852879699517516547284550210365575079462343     
     6741018575687902119488009132651326809704720623473875745352587866280310     
     9009589864659899469485961962574762531184371219591991834810116785835631     
     3694254743881469243509217795009123601989271052535218623368910423503579     
     4440740709451244469650235897107503787008882347272225425792301533074488     
     1882881737545786208540969916475609320813609900598517273424663574466390     
     4587996727351558479043232119171657745446375006959644830876105163723014     
     9028237852098809661794958873473857109814285365821528524383446963408804     
     4732841259626847300947475302093923867068232219262660504837016219765281     
     4963936379267023555933477953202742096473598145004575246255544454859750     
     5759241087968551545135991591411020819772173090397420073708290299477112     
     8212837633295956932098490756910614079371283459100241919519092803940049     
     6731996390670972566131566013407439893073925446674019172090592405938398     
     3910212927869721301188591411732191783207156733924697307812801885307553     
     1205683794966147425300787864453474810624765543373514528227020346967564     
     9627037322074313591124270619069668104968396532479372931696754355842138     
     8955694802879569076947234984470533821430379115998715787180271664799125     
     0499762385219455304312542546791005897244440712422635671775670066382490     
     5581133797625178533459344357915077255211132039255013262487962868922747     
     3783041294250962801458912468722476555186908362269287247249543297739998     
     5647438977938039501671296117779379077536777568474124386710371827360806     
     6706660831642308003360848829340163107739472038137909828813416359351200     
     4990590757205190142192541388709664771700368267719263104310337021161871     
     3579602094428470333128845181025701882688412411440285256095761983802705     
     7318914633325434245194148684088279544623619670505333742356328684743258     
     9031891085687419803398046621766521100014814952020683514266331469774886     
     1107561246133139637421110206898916787128306854846345401486665122270223     
     5723600759844155046164083397189915347533041796613180619928546943621524     
     6810266710812033817896135447639814946753905421637623040365718687723967     
     8284306088912219230297866959550697224464370742791321960462175585911294     
     1568440659207148621130001433041215679687543210019698528436799166705939     
     7962249203298408133879967793773246398993994463378590053032640044406688     
     4830110723668196691235616848055928829925733622848526072072598657410332     
     0477309260745564788378344269203212918724445242306351860837406601953439     
     0277876538985371904515261930836960247581009727104616679524224096894271     
     8283023790093335378944890875374525067184219801285011321652066909564901     
     9321069193936693729945401978613606340209935168677265285886484024901342     
     6777191764141937868481129379824921872922173087102720985323039215191453     
     1804049286341678868846549345440248177782819729858422842422739582996563     
     3852252206615313186230482492406250900272023624971809233766330789581173     
     9759050814569886165199902282340307250566710540088846515655422991747862     
     7984910309788596212525886656418287642710821375188274410379245988686823     
     1223471465390965728049803072860829084937029391941545887479474527123512     
     4391771867302973415659164336827232510439983486027079592617487418062589     
     5973114997125138083760025080824834285059636017576020534633000839651546     
     1280595945810769615311943199908707444151721685811725030682105084033983     
     8746586558380408282097296014905988206285607083985718829085516595719744     
     6502120182632809021780396435234952821245094969863863666020295009476709     
     9577092948864804303974397303343954246646580133006045392526396823067165     
     3731119029533998236857545867963951337909760859716440715456664693300168     
     8672924799507607345199280505530074161962956609103284934222815442735037     
     5097059960600615068183557091753362075560905522370126524147522184580900     
     8409957870728939918669444632728327129629263197526736972231999266409489     
     3958733701954657825316574853909181383363002808926082636139044581189591     
     8474248739145150283465478042191743974957612860122552072920457061443841     
     4364116724841996123082476547634361698908442485752111236057887841320781     
     4881351367187050065205870557251896718217036697826759944146622362076402     
     5489184525897825652659207065800921106908215360634595251079249445101119     
     4431609906889310570613856341722336837834776792911595942815277826379498     
     0639819167341581630071271924101340210951988363857076924964584382222392     
     6503984971492889015441553752910933197827422605056804128991620048904225     
     3804554839524083277960367073771649948090084788143099450317312274436565     
     3173911102561061995137924940668756403816852982745151506354828883764599     
     4563362497444527949446434573524438230477087844296670133595083330291392     
     6134933425713545212763598995780573388710475210353468913440924571928510     
     4069090493211542614891380298723127332049997802457715015309520436969759     
     3788513734787414394436691485704863037315190969352648338484085534831920     
     8043406410961348153437717087312670042954929846672383797254304529086470     
     2942445568337337822242167616205525418329260564072468682049594432502809     
     7154259461962147327469070103630989063524956997345339914233146232411853     
     6077731387841349061663909315295404196232258820915081827071376605554337     
     1356084579869447105051889438612123409606019412825365484052725137436468     
     4954183992639604800916225852320576979972239148534127111626969988821337     
     5559553470757112631755308734031883863225265059429789019387070712450262     
     5725953172861029602919505957250191848126055638343381694093995026627181     
     1388029347674603660373515024739664215506028103133380192670686096493511     
     3854768526576384402319470819899613081345521117383120242598992243951937     
     6321604139261795386675217982634247461170730012482437266155092419004822     
     9093496416651468301835015131036778952034791106155066367354582804427154     
     2366736351255670706464841298071586508576627623487833895143220189268627     
     9956772143257133256482730570686659193108912981586296565006940902566760     
     2271832186181858375648049427936343721847930925085126883428386609489549     
     8144277298742143209312875170003019060501523104499452411748863098908835     
     9697071615813788942450817118011958207100411692830129579928244226717393     
     1467115218078901053816718267697214860336582423386185049070182819374174     
     7573564078099913296754181008456681282835438197154082323092084346520346     
     7806883987231369564964809041807737166843068603213706218130790437858770     
     1468052623331936536501947814989970874911485241806987603254227597944242     
     8114510336860083010099888193765410114462480035247028475319068704915305     
     9131628301709943817516077395766309194935650646936511964170313390223392     
     5996693520417705573574233694814511614932426955991059266033640786605123     
     3562674924934486826263526946010250335972093496049508767125693331241803     
     1476968547822604793431120111913989544618573031393310026960167185196266     
     7687974274130677925624200770680153511348518951721682027788445836825949     
     2780875479459327086054196195652483761223391828315271236400289930853426     
     8016611988965063868772384288362165508214427084551028329206913429017651     
     8591551407813056429380696751979879570610521836358974695696024858256832     
     7803209208026346396934562354085414535981378928563410589030517694652319     
     0462204096922947976838229853588086726862929495451191978388035538311883     
     4618807512985728270164650885049589708703478696983625222621518801312905     
     7164427978129626758549199774981407869102300753782564745514954301677602     
     1782486755957773309198964300341326034541098436249320663182812708403408     
     1650684869194958744655159254877420255865200348967028725090979157791504     
     8976357544207442609624481285052169038269337108405216483813916779972262     
     3421601656897733748489442940618119133491448108605599017696105480098002     
     3623984193989050169067868690003467447164976307162497835917299129690586     
     8229914279667270334222852733654260094212123483895984007630637744197352     
     1227261187257076182449911299288323046615944714093614471779149595882685     
     9226082690287607768818312261201962850682672319580249774597089063473919     
     4387998198510698370792903425784950046779943588863796783917357552621971     
     8811194583862150179184162582887167947967746529424307075636768778409679     
     4042780702398042137726592936453227276780585771063527459387266839019750     
     8100658948049991636674177947084729495906021825525371216039857255228753     
     0711834930365048610415062389700537713828167285836012970182285845269763     
     2823286755714292316320814954196487816478697425880033142612638527797614     
     3734876738233102036923466762977856417387172047633719317169782149505167     
     5118790078784398741874725808894279144475094637107098866097128684840694     
     6724501342232293738419025422399080370476105289105114757698400842446761     
     3980455973559534382722496592313645749598096903840526074998825956952454     
     8580296781267058804976283429324174307420842820848597818276712963797358     
     8032852399353767945751457098160572047116630890543054606371746406421749     
     2532976016950123624667340410665460957841218134696163564308264785108439     
     5153994068560460816229598826545468703359028622128977130865397628400162     
     9931352239749800976434684549177913812260974487685167773772901051602074     
     9813644001711354346135460172652190530673079254012460341397009048298275     
     5083820237379617906473930254681136178540664191284620610437567160375674     
     8280042346931390766512241487824530163413684815205493975117613779533265     
     2088099446323655842201600000000000000000000000000000000000000000000000     
     0000000000000000000000000000000000000000000000000000000000000000000000     
     0000000000000000000000000000000000000000000000000000000000000000000000     
     0000000000000000000000000000000000000000000000000000000000000000000000     
     0000000000000000000000000000000000000000000000000000000000000000000000     
     0000000000000000000000000000000000000000000000000000000000000000000000     
     0000000000000000000000000000000000000000000000000000000000000000000000     
     0000000000000000000000000000000000000000000000000000000000000000000000     
     0000000000000000000000000000000000000000000000000000000000000000000000     
     0000000000000000000000000000000000000000000000000000000000000000000000     
     0000000000000000000000000000000000000000000000000000000000000000000000     
     0000000000000000000000000000000000000000000000000000000000000000000000     
     000000000000000000000000000000
