     3607766504832589070652829381827052338006923976468173005459348708277787     
     1991808663609508866118071005798104341864690121223778663473533924035024     
     7569726140948749024505821164190140699463420137779584124405989562218869     
     5551410164788019610661222517166538497782325634653069976799299664275062     
     7229319360865629403130552227933907506317347417557748184458022143867430     
     7597112347270238251954066256495053863964698157036816690265462541441354     
     8164685866429242095641989289917455008891970363575142681157676156285298     
     7771367783280257657764431349103180293785333670322455269141462939479889     
     5705763317526674131053613366263073843894578059515838321352579446155628     
     6894560631836995090599589540736221545794196636399244629203277886891537     
     9234984289746836185160547218437897305604912533291536898992193735846230     
     3631183252145973378372708466885843337053940152283836824687348882712962     
     3368210403921150696742177269529442689750797902281213909822454920520316     
     5330119649716938482391219926992779190990049973500466339097845988154477     
     6473260603820316023810088076325649278662950317892196081598758018520466     
     9508111463889585886138835230150815277406735890071020144127221995770733     
     0664152431130929140993283368634167878122356705456098932896208119996106     
     1355397259907367653325430901040463224044915866105031121340431302523436     
     3701924471605399213337577313751423696747108939382915050558502613479756     
     5368741677978357054422246772230344822143900812135337700164179177876774     
     4607151629106783367264059874491939073548382234524887607121512837028585     
     8489284889326274374465071628158309448144837230482081963319177894816776     
     5366835499872688706756920917821780050937578855107298482993768004266037     
     1702161268038713766837977639528973953587209519323596078975837368427979     
     8315473054037048459104489098782322577117957793997522197399003846141259     
     4230597737025662295314716420403930236261322330159531765527756248166747     
     5699871728017667847008586014981226387505353309778124434991341460827818     
     4656047567781810189031277420617647804609848478448245353678322024888832     
     8968870129593034332899144901044229253600496104232299914313939426299993     
     0312391641748201683854432616113901920090470136384010259355128092431050     
     7751955970927962562478226111624703377408000000000000000000000000000000     
     0000000000000000000000000000000000000000000000000000000000000000000000     
     0000000000000000000000000000000000000000000000000000000000000000000000     
     0000000000000000000000000000000000000000000000000000000000000
