     4487603535849676093225449127697637029940841284995032315707624330568777     
     2553575722696341967557039297833655922046783403659065442595765319632225     
     4073449267514061818347701726373107911137224534635344477695673432422521     
     7300470655414078756507180864883625958947584853039717702780950853123606     
     5998311946194984619867741388887035182066137588737769373908004773173290     
     5251391738341621059218015519384463589411937382211215309301073444335533     
     5783183646913900794790562449183784423854640458126252324207316443197554     
     8253135307398084477202246416130195116814926354251252952789136663245350     
     4394481976815525776988806174138545014189604142174296700925852834927573     
     3757276068249825541038024380742067411982950461817050036679020583849481     
     6384719615268366702743985599268039710524357444229908863493893371796218     
     9463143065694461569346675724131543794107805441108379673997873372982925     
     7497907379258894111768747557986790079349320070374748669241640923991911     
     8647000958370414467062674370398171435055323710339477759301273933997791     
     3652321494521674559709915858310778463801064064032710655348870977357885     
     5215265771352932553440592683722351596635180718335468614689523965534269     
     5813541365828127709358604351540267230230871376069223698075741707762121     
     7732202561210727703539293789446915043545992228627414796976663149376264     
     0026626070208185076037275791555194086250464689605720922043270907054446     
     4507116884591679850696385933713448076263892645942107454592345453840615     
     1377323008810093898133575148970574795725367624515509259849133028408481     
     9127111680337783665799928515599822323248480856870194611958879419928007     
     8429728439539446675390732175923225501777889480059357037893033940470167     
     0499654995105827410751372739893054716762123400074107918889538366740139     
     4661133136059292222924281872940978036836683361438862216298844282760911     
     9539419272042948243012910078114263553092153179737518003578189938118608     
     3673987134933383741987206763427230023766010382038804970625237997668792     
     7525716784280585594938578448941943107141521654416861465252096379251045     
     5094542622763639445415298515734570774210031897171921227117249386119736     
     4495102853494543490287502400739540724208112503695029075172066193032107     
     7593047809773130191114140322497681296604969926923684632660082067777958     
     6832875091729368408758391799286831656607319907054226059739935477459941     
     0464694776886118782145850647213875984271518456653518549419116852999078     
     7643267668382263340099134919988475592880197654992266197582451780932889     
     1797638271233845153811373842445187126698227933494228121743259140843039     
     9071934638314865138834092221818211300166983862864340975717902949261184     
     3435308136595192110691696087128280485341878324365598886183286461709722     
     1320638343729108038040863748010481086416872566449470107141751976587941     
     3643434568733664115077488149716859225056625902519246001459309731010012     
     3737820481614593745225256209714088611309099331018230101466453458724253     
     6381951712069024144838083489857691551794112607579205901736769224581529     
     1304627846260782375000922120397443320622627922124508637721695704134009     
     1153543716751735504673195236805732228225865760403406691192955383617207     
     2615712263647739471710616260915570336234838772483737394011513343517439     
     7021612051195110212593152804925272307305074054765818861916545749739428     
     0969159101666048600876064418314746247681164012863933425174560060430960     
     1000938394220541539351489888085580037429106769938983289877260126561335     
     6267916031223489146252576518131800042960382682619445895831059197877309     
     5945911764501082351105039457491399080623981883289331937294176049053319     
     2648402562483222885933200559381456744231864054439370927455229007260683     
     4552575615620889175824113972835855286263269308615299920880769761143099     
     0071346279305562083422859610370858489218940668302973932291618370703463     
     9170109302001669569754879431113017432177264793223594476664998139849379     
     6988810827797342943740808532675716589209966123949345853983388394689700     
     2401484530210321538027004894544714475162231109782465171055894496391722     
     0911057941957139174703585143735849238997985027572625249966695136363593     
     2034163147210890562447407650612729939118643407623809821111291962077906     
     6996512573519127862443091543388076238800924177356149943505266152857418     
     4029944795200742506268337821424507997376454602888027918519812709113958     
     1652276848386827238553488760538557414289109698700444512255507256606047     
     1294306099521770774472572083132424663367964788620584509662555299632988     
     0366753012541683554461100883811059645909197250893808495855511240757148     
     6991329930033767078486088657665545509082539027685428964835737738762776     
     5561883830365947920933614724715883637920351594057983639994540181220784     
     7286649987572776978248683194289263401246048310358562652554867006425882     
     5941334165698337773908195238622336375985796986733998120221435901345657     
     7030456018530037096458644770148569797016753518227638868139241136403624     
     8224247619582831688946433067639932006582700272685543656664298824879118     
     0606687717990925991465040703925701991036081532780995021647362218180099     
     8441748676806750410334195860285505657217555107246438329337379296806209     
     4593119546348078681684287846853778366453302607018576875509549793804465     
     5293555681935135042325633924751704816526240218236492772332037046116272     
     0141911895480191246383264323871915057632693003947914531018132799370691     
     6169239167209965175075526422241169972795951980568088493151825750964217     
     7165483444266748688733590563586161079696685061449027447160700356072379     
     3288522476473620208132107956346617581018106563176148345782790234259805     
     4945751040000000000000000000000000000000000000000000000000000000000000     
     0000000000000000000000000000000000000000000000000000000000000000000000     
     0000000000000000000000000000000000000000000000000000000000000000000000     
     0000000000000000000000000000000000000000000000000000000000000000000000     
     0000000000000000000000000000000000000000000000000000000000000000000000     
     0000000000000000000000000000000000000000000000000000000000000000000000     
     0000000000000000000000000000000000000000000000000000000000000000000000     
     0000000000000000000000000
