     5695476839764568929801961176422118097773363851082547091105865224208897     
     6641742365626206503427214006709524990799565655795865636875953086901663     
     7082299787247774276148423525477869606585916123723146255221140262959135     
     0978652675554141930464426166285780277488781692977264507704061341489055     
     7234436933755583742484737609228626001249690702610936687774419494256521     
     4105379679702720732882372604118215740928074217328820656576220038761466     
     2635508370729925915007398260922381547265220042834687532739806002286763     
     8001686191438909539681106053523288865849320930287455625075676341019803     
     3195280950041681984192134251715038681555103468747197897026358043351787     
     9818513769959453761361740501244122365419750346343042761474120816867722     
     6544987242592785930793852287952744423745982826446725325999606737483610     
     6096286868353834758579858050948227728541497248606880070463260309410971     
     4697699071042670588328898101977388305750625252741502750406044038281473     
     7190021392237295222931643897500818968073149541627135715597830274391016     
     2615160796378539674539243058158961263760785050348956061656058253762065     
     6704801389026191830210866772503536620802848363895199312533788991953826     
     1834946815332044920338755129190717751584714549914726843191909445871610     
     7851107566148722787850726507592514163766767256007532398090747195895347     
     6315974081853049507764540781023061256309636383953723283516187744163301     
     6201568023173766082500388485894926118463300058018602859786738627532479     
     7651855338335224501833833402557843990513920053764687864441855959284341     
     6404627987935432089282365780476030751755123945719131566628512079713606     
     1970748503966371067343834236848571422419700097351457090301681291669483     
     4977025853788251566953476504159260029018010043866425868244472935989465     
     0968631743096125565305972739763024510989767731096219168036082411969330     
     1425976871169121702267472913052642697972447563154055067182980521378222     
     0850965467099075356031835483101316480706946862864035967099568706955910     
     7007856290497027395750342104096067835763687258131962323831619928554934     
     8242708356164620984156723604222450270703665838540820856097933888340252     
     7554749371193885045296066474922688525784459659267253937267456649827168     
     7925629458809753448361416115181386063861082962940394451701069075414416     
     5342290753969906934546749436888397783114364598967588580756089521197427     
     3220853710026310206463086096000616108096214569534418697093940784925911     
     8711286736423606717157423114680344491127330296204082640193449792938898     
     0899545524823153656844828853753982290510838488434387864842479112605259     
     6760877972743324244468368574751602142201680438216982351930219754670979     
     1391432448432435080784549547999384404371916118972022581646198371894760     
     9044591438615942799931222090978589946295460211471440683658160035367329     
     5121140274381451103849332278244741027600473954060630081888242643983566     
     7173601121599801457164140499154971126113467097663091184968769778981814     
     2614174246700189236431466864854475062672900906031882482165866063391409     
     4596646922861529033643699712491794009198323252856299119245279305898538     
     4247947107872077913076203052969920566543775551357889336841100912830536     
     0907498513245090186636169421243534264659564372140683459304026707174827     
     3030020131423211677903909491264676997876410390016893821801363995589292     
     7240137520862027142538818862052161542221580754970189405708508013052918     
     9613991153643772353615945244860467963680168854436988140092693987994498     
     8704765744199790126331296328192023970061022863736026497067064105619974     
     4333484802017819142870401096995877039936592503784133128204082238543773     
     6653775370846868878055082663542766234317163553383755717102115183960320     
     1660588393456953605290372689027963012830042567975944138683065407894991     
     2051992205923010768398219064920329823350881670850335420647409550123902     
     3108828504684579241685301223024951179582458867442092856191679732081550     
     1036234556291720312822342185522837580345186322346935101971013927909367     
     1401992865101152989580764876545066943950305044952076098371816707470519     
     6944984679349706565810117455247711794766570657255619322213815443312174     
     5354170082024246353721740287982295988782379538948807444497575335920604     
     1863308048660551032909819450093085516450655731389133105192038563088370     
     3126215465958252742070129713286163545936282644615639307266387153448593     
     5348534188957712668765033370958954967432543613828419453094512567527532     
     7607019234986663704987159218628194729036790162227940002836673615532361     
     2492902485564596403592883998414420430690435117031561014915020186406890     
     7781024013202704745432530049876021647351486897973505879558514747270509     
     1396682651582174460198447128964138527629197971895232567162916459208970     
     8082894413354028447315991067145038832473078234467530567310104983889032     
     9311478059154357735952178299554589568451928452002951970359405229878618     
     7056353269714964569962465648437885126721198529995471264780433045751770     
     8525606760080181373199705638064368017338106828466695833184221512466744     
     8137840618907756473572107788110910088180781810494373350052592616854709     
     3534992496815007296867857038370479810104135036873104193605352590047155     
     0538669033887198479345385406531247884986884106050349966174969520306048     
     6553229340143084038496859849171612681113709634327694222514581607091559     
     0585747242213899358724254899834044858944854887566579567286102411916171     
     9421603221160981627627907879350780778182322633096972608000446663839946     
     3499143733071666218144426956200259060308016378120183812233930857669539     
     2626216568215231535393995623157311546774809572595763809909507413178797     
     0118562893475459680574027596934522887608521310736896994982526639008919     
     8182423684083250634130657612526754697610660678816097819087111952341650     
     2471376023114447408722801637744980167312587698983527657516259033386187     
     4806392785394058292671228723045264596263223485257890882984426732405277     
     3009683300033484359909472326700987905370373824684055284324853417264459     
     7603891425945855415083547490882642265833327980123822712802115026172066     
     0115844834012846055495582595583248325093771992572846422499447170932453     
     1745235215428233815991016544410411078326226129945335904133111664157960     
     7096918013610740248796628367865107791563539810052930094596676167981956     
     5340022169166335600785669946054225848421625856511260990869276490715826     
     3967285050873390409562935243444533387561102691724113293736941472568992     
     1763904226775965281663095473112300335751455504617502197742009756946260     
     1400621093055560113007582858225503013639087248164474296523783048588408     
     4477551614325654773665739438398200974496111034239031037718307230451596     
     1633337298014279907861387801396107352379253098956120181057742676768931     
     2213843467703526035441894879228301042235346473251766463473943442304153     
     7982384361820598861054971267267586821073119637623882756123713600528302     
     1590264239858072349958446848413507570386337880452352463548685354144871     
     0782903607309705211933410519046957892162851577458116781529457751336715     
     8628429149012657955678903023756673142816437860039138870182113671075205     
     3477091781077683187765163521678306538390331863263946443436770951082684     
     1673824662742616337773249759635241817697626219159925983773055916087365     
     5743439116100001226509882561057170962245778109554097494270272098272419     
     6719094247148290943747384505225345557895416768401295071967772404105876     
     5827276818378032051783706334297272626810038269388986188328041685223211     
     3995995090473740687830926799516545462766555535513251500878108306467915     
     4798508496101680936049714511134013459943337554327669022172522801010778     
     7383790566662957213573578840601604353320177187582812183495714404737638     
     1945720739988368917647770856948845090901425529864024359500246742626174     
     3843126031375000686646425397522669828113553327473427279332507766586711     
     1728863148289617767304300735118388151041709405242011736144047701382859     
     6310718438855449199882414980370893415116133936957666945385020325518005     
     2702380244191754110122061585477553673994743602706758964901268607459012     
     9316516650565930737472388329968302005862437964013460098168517676303208     
     1754358702754304886297767861157331553163836963626724157491437745288528     
     2030962829875491312926926760819657458690039244951137920515072762370701     
     2293879809769826173182632191397820695686170766727709713418642024526450     
     1164120474880968123751517160060208295191837527729902550989225535377904     
     5273879799833403848801226174501387512809783101344172197210541247889656     
     3350058421601573793250973470622155752692170891880880862949269524528406     
     1641883556447419263165870704328359350325708998334532410580713452327873     
     2501847210993215161359040975012918225762531664444325358095635619452359     
     5855684550289873050279448737366847114205697674926862841567540785566017     
     6675333992902393108291180776417681378393629069880036693391426365833542     
     5599515105424555770714605451316816209483331197758074219225858944607112     
     0093566103175036170291580571942806425242147063165089057644280107681930     
     3140458941100856605291877370646815026934804310546830151170530403529750     
     6587819972072464798869551167456289833401728025475864775090147856588594     
     1886951464324951819535147323716946326847019062448252630154349029439725     
     7256341922741083030294551673044193942902735195525003042170969810933867     
     6022024321705089503519148280078876398384850521473957275116706029208207     
     4371356230842552908406001022547596907284417991581973755953070945463761     
     8616712055342901798870097240298015589204151324032022294458536859434353     
     2816163432058255020619152917042384311292707823694510924488352443063055     
     2757536536147565714153216220044262976724038109427869420690015044148548     
     4584432135551587551029007440877711662577274441261522779507794357955717     
     4511469457046467485163614264467810670734901963946638276279310877134867     
     6954458079578096055526915896690143269002130501834049659606403083830775     
     0159885889490183743682161679439181824154286352258850973954357528853908     
     7563528294274905126182185369658030350558739973753126707540619023896612     
     2463074831459728835698094017058436623293860392447037062528781427234855     
     3488709928323970639540558132438038521332995827783606289442227644298015     
     7996334259510194684937032174897444369409337625866881317146107672400451     
     7510136051490797686179591797069817079831611100115655284549595683994629     
     1361015203163296636789853744492111374057088431499411391793668919799920     
     7443365816417929463432779523948306685041098775976297736916876233656943     
     0537385978059078596904678369584377890636919111679776745940398522105579     
     5750398366710562946901518910370449616298535406482190422018341780968910     
     7880185839651838941980941076562261891835359158944689802849932789811111     
     3056360155342256033902863562998438098623256016215492587908366107310687     
     8460815370930797123456346696001190744535244928707154402045405382652241     
     6441822912448665471255756211470161858047870432641042534735134819491800     
     6476306736437152242662463943187355645746684227756412903406333196762818     
     5804452027522658282994281458615241200773925246075511011694032983950249     
     2483160752925768522492373050498423287641125490358148934736600056813710     
     0912401123798698827487544656018378287318615238048367546148413668009553     
     3543740931238274486355709898996943659219439856484790502324987685990109     
     7658874405046175576821847641565006251352332123276643569839029698324509     
     4871611494315408388147781369736798163896227696588110022094401884006661     
     6253401250139566756027734223403133341915270027697806233716101807302239     
     1908050697912549111393208473363304818698445898848289414412498452674730     
     1570876190071484547815638777390494764020737673313031481851399178895896     
     2372556330460143402730052952090296643428419392533357286164526575523168     
     8413520034789381988212709824901328368807378990707463310074537812499391     
     9930760075219627727543767905248596966470691119984017309497247039709908     
     4135218783794247953203780135688226117067243131075167410738264759927198     
     8713116088645679211815941609693646524302787027015776366752277003425608     
     0305402414051573578928254163445323051596314367071694867406218329733283     
     8210628114932903215323300552669218473598976792076770183626150270476802     
     2231514054475528400902926996264403934178356111248119082389498493223081     
     6438035080271298565307351195442716658864444775381725857445304498691240     
     9970355095705257004321284468345395296132938664354713960566107216641310     
     3810409120284853423177958883987884758349432813976644582900124421963688     
     1668763248321166794415176905708251905059838404204838145632187890890461     
     0409940168319332480655167341552977796257040580988417574058058252326923     
     6948577836599306331571420826767927975698283042055448698266832880725856     
     1750504822683095636444139839751570184774686187432270045439286550474786     
     7736032888716907595738629290641322246115441643480676885510515950051679     
     7422347734865534381216418640895956152314172740538932030633283427323348     
     6394915345678176959563827403963309872580994732775374482045735294518257     
     2941282671964706385663361175579154784419301843904476467534382594442912     
     4838985514450942597321793634638376278218063254641532594847139688010088     
     1111811306188865823894911289169499505317798554995401699739207788853359     
     0213631499746559894027143763488811423942053353420066835933424944760417     
     9420843753795082219405632248504916379666310847194098718212166071787883     
     9789660159331738095403945995198530376405241033287812987844906491900376     
     4018700402414077028226717485924928194660839102449558957876841241602888     
     2157075611561334682572140848158492931350200653114404896530285187663107     
     5365952201570745189451710759221989871337533169990451271041517956478335     
     8877809983110210360456872084289831421860457972754432591318526963215079     
     1359198443748546864601740675415287007588887408642136396363661767288163     
     5978605371511248250826282460465721033556016030723882652991744953257041     
     3433423176276762434556103170009354893872504726159622628056113145608050     
     0459657918783594756322546383930080173964008002440223910788062538185819     
     7822700773766655560845869015296187104497371176607798073203743030431927     
     1092999518453114541901244162082209557092230748809565236891424414459857     
     6577263005147949798331108203637888056962942324806292041015262274646211     
     9157563675231462032342518549286013876577640656082216957003964670093152     
     9712973149097438699899039709125654080769492281875741418418319823804743     
     9333331774533062957750040787476930536285526246501764039229484181366982     
     4814245803801074789546411678993064842344502948654922413702350492743760     
     6133448577615149327803329844323608308432751247516217339335653759615858     
     0638082498329015156929796795798440636807187886821146142880307122427705     
     4718307435278920841425586366019245644357533227009139459804757663905712     
     1512639600686461156670224791794193742282233439101934848331276655097814     
     0552507408306347478055142526637931828813792340905788425188117262456471     
     0623333283848491665053611137544272523802505030423123278175808784642810     
     7928977989736434806275936955621801436157739454184862330571117946250220     
     9966685941053183674209868868160413829094324198350942372866459572240064     
     4442712771769936136180949611490053870159651853482768421127550202153554     
     6988870857749899910448026292775903846779456369362673603794911613897750     
     1346811297405105503583634429438661732383592709642830287750917311594487     
     0076286794183125719940136673303029205569632264539739278417470699520269     
     0407136259917436978360791288960805463229333347455803906693815211765913     
     3614774930059904660274799494588761479713626610766781379454448714370702     
     4387678111631175036865638877246453363488980293804866249549254744816245     
     4691168989456731683899111408864718563553810854514471263169786933131170     
     3294122091040195047660084327489263793101272858623345619537003140080419     
     6577879849236324633493385980696811326668800000000000000000000000000000     
     0000000000000000000000000000000000000000000000000000000000000000000000     
     0000000000000000000000000000000000000000000000000000000000000000000000     
     0000000000000000000000000000000000000000000000000000000000000000000000     
     0000000000000000000000000000000000000000000000000000000000000000000000     
     0000000000000000000000000000000000000000000000000000000000000000000000     
     0000000000000000000000000000000000000000000000000000000000000000000000     
     0000000000000000000000000000000000000000000000000000000000000000000000     
     0000000000000000000000000000000000000000000000000000000000000000000000     
     0000000000000000000000000000000000000000000000000000000000000000000000     
     0000000000000000000000000000000000000000000000000000000000000000000000     
     0000000000000000000000000000000000000000000000000000000000000000000000     
     0000000000000000000000000000000000000000000000000000000000000000000000     
     0000000000000000000000000000000000000000000000000000000000000000000000     
     0000000000000000000000000000000000000000000000000000000000000000000000     
     0000000000000000000000000000000000000000000000000000000000000000000000     
     0000000000000000000000000000000000000000000000000000000000000000000000     
     0000000000000000000000000000000000000000000000000000000000000000000000     
     00000000000000000000000
