     1169412219670884463955546413938843573691216517590318128075342391176169     
     0207240510947429791747636508016294933177469108014272830846928106603474     
     7566585879431975106937871618469839752908810078838699401069349935550418     
     7942506402697424574127773090457558604428186102346674066010406547897427     
     0396137360784938761330752528884436612328109794099269942081010131608112     
     6732344637689081002313025811874584970412076585035259188958442682533261     
     1436735508158840725433241117302777838225141903295540813136365347600076     
     9803204412018779556825515820707441842043657464387171996881918867898523     
     3081542713875286725155169157324904856558146591816464659384860381582147     
     1302101668871397522124247154368239652180385059857700574997027057586973     
     1927775946299180580593082060302512572916838002735576035737265641306846     
     6117684953427489714252135400041073681108264369355454569156192211853076     
     4602940509252900609096729595686948304405709734137747792478988406397912     
     2123521787925600833584116335165334605513745035591101843194227873061353     
     0183173427852847294181780611041955787521023767059196495617520794418014     
     7815121156741812920529069686083324139807805692847169694216492007692342     
     3111480208964109351108084372710089138464016379859978761369370743123015     
     6047286342586375680729070018808789400734183664429845794021025849988182     
     6522415936911553208781457601897129585527006807127376782103426379171028     
     2026251222489915518751581198001564397943277498649354202443991288127033     
     2001333236599309182976243889706240687908963278220620047408665431748355     
     6734229750890890137186004361928512222474957867444872080339131098832616     
     2466654144723220685645864269700525379067351742718374331105232448093090     
     2086134622849654785110707347454191683278722725058208397481147091933233     
     4041897322319310759276673778292160243869514480170978590937111926920408     
     1392055184824635369996213288395161788551329933833984820582026964075890     
     8384926776301505009830725324750845726804890941729737745042042030765659     
     6360232847692810537707213230584021889998939643137112233660437867118576     
     2327837068267993088024357439831780596342743368829098821983995693351211     
     3468303140703722312364560368217179815835155112788130434175142556723373     
     0545860624804176084932320239716709857760850885290969464497123712989975     
     3849376698801545022940999113646064500860889857394361594609943823533915     
     9544249740057153613023314197955112098815463529944892169264804473489561     
     5542391879139910331653785829695852137841647787784170607219384398358676     
     8456098240937883427695794335276607785424407482553256330400631400895416     
     0008612618077078600202414487042604808832516115823728050552020230577951     
     1828921065155009453870300604347566035841868549181756291472442520464894     
     3673561970951713324551304948471462908080070102548966326012329798152634     
     5999345921031212047246410364348129537278539728561574310348667747690250     
     3415337293064719538265320330938152984878319581832304754607690771185616     
     6797066665900638647627691992860598387004798159041166645494249064060610     
     4125367951386238440679272863880308189825678910203067766628110029509990     
     5463943751285261616242072825170411152759112831485169661690431519590782     
     7856773586338015300803134580482807454068010996172749400726437969752732     
     7745299381150381709484794424155530856926830957608824785450548042745912     
     3056434623865703380375378882865823129353961708977406234363867236720037     
     3461991446434659457390480967189336651699108746420686150689221644840085     
     6037634217444476704168408346514015493500884636584408328945915607624184     
     4141507767530676337755084648434993585259979938361899804692834200783572     
     8216399089178242383564615022328475377138742825913995341397288920824024     
     8694604764124300770846636225978421491059760294497450515012498357866480     
     2520429436782194319115679449336648410939362938660541779659262285175331     
     6821594160369768705815621351945393816051313686324436262580670572535275     
     2572122633048804933479896291908166696131913805546832921221861848266130     
     3815190244082455850891446800291278020494116370635270623018623110415320     
     2352899769182762114714723187762797722824671106047163858902319751004152     
     2173653275073008416480300007426540033543718739529768623021713757754833     
     2002331411578955779769868626977784977907490133673561344327923725260663     
     9888739343872774183982753939942469644696155251379437776618523871905125     
     5461702129825252717119152602601510369981026962700145102967591264266466     
     1601031681678004808005591209658326333930181816667778363528047393267712     
     8021297943408537752947168671687186621020845688394674347203500740957697     
     0869935312840980264134532311764791778650719644724913920901285272509191     
     9616835101883562880641901633425916484483590373424722840426138378563666     
     4998672111382515414212071061631782331071633436887821795784972731514578     
     9844056257754572478005899026451569558788068578367760597530030513003543     
     3447263462530707725292958756050680643627283693106994620168381490781815     
     0744453546360865599468244863959590938510881236942143316930770378793281     
     3144643345761179169206143131910933090917099097517179140546230355526975     
     3560030780524992584905512674219216954345803722270684440083897704291124     
     1928356572343610519396337155407228906110676416007572721774394863384966     
     2744115200338393323587727832473816587622750187915751696072650398654959     
     3557567786870843263369365525275071609475096666274527213607722081582490     
     4091878719813765902089290870812034354020327278023772839060430079020976     
     8439998238894582065903381303639887754133015798325495278781826818377717     
     2576602295139428344890319148556472704104535029800304119361701707217995     
     9845028352819438660402341930715382872203269298257649141657603345251432     
     4736723239451438343554875283411820829913212476960013467368161547006437     
     5491660806080596083522299763669336026264204771335616797272111768429343     
     5726974404855685307193505375983502431790126477025589159596298373463636     
     1756259208616706197646628414835423508705931192334421628368881807281738     
     2424308919292736466746785527170826375721598493626021904317232758793379     
     6929587966310787606287092328845694353081096097001660905668580594535942     
     6176556178558955056644248801433188601866289227336036843712194642879323     
     9890742180532186472653724552835150756999529341852038623239387663558967     
     0984996585186942422540642604049338147959096298086670172236793050599596     
     0427555602734047633277818126577400998778695715691295981447399480758547     
     3126592949361049224674070441291566922851759869960435949172496285296077     
     6619820251824089456517428053371806295660469576887934706260061728915035     
     2998287202255519303122901501903002912914891478310834405672760577414968     
     7886704556922384425890386885399554080530465735368350545164835179495773     
     7058326441353641512145837466490189136123160404086553537839757446097588     
     3604538654411266804264189806814666801845490834676862922473433364901614     
     1951339010372872334548643815517367407554356696763794056096852778886504     
     4933545305227697262092531799676093741906530328290298003098333632138360     
     1102417455834491962468081241914069115639050282286778877287789347079282     
     0628704334575193563467918029761570725897756807263475867742743559733605     
     0680286719191724603053107899521135529903680769254880380783721985302656     
     0831346298397766312742786829950490774205548873904392060763082827815347     
     8270794893472456134680988438839763456414275238673214432061323330773096     
     4177810970419060027568219858585868376637376795269006807766849801897931     
     6982823481024377277323939275999303450633806077404740285142394659990434     
     8813459213293272177229973314802094072318192435051412023591650061183632     
     3483385708727645767958119179448394036373688854714096731034672473959601     
     3369321895059494284860166295136338679457440806822230272035015429796317     
     6494876098604759825776510830226017394173357078835465683878647591541607     
     7895186122107082880219584117062396162556394505832168468138019511470328     
     0172803019526931380822291108161275281035216387383242250809655064831232     
     3969725956857477867472483730725343857506818886055199237499291382585218     
     1863612949028468412209722574181052733009319246919790109553504411460749     
     6587306937170186543655907290882214023126447815900345554130615504148650     
     3781499553251164326286180552814062799646110815205689599803032166067375     
     8139408477117031271536216879155538263990930611212572369007995157526880     
     7622769784433630826471449300311645943867319964067485633924579880018737     
     9477980556256627863626473241952354247674001784679022059028798312454751     
     3047017353582299978167827201241379383094687338413955492139917288247218     
     9206862629354383279403397382150099867171302469954655523346680073447689     
     7249648082625994895062344566338199424161698507631064777026147698312138     
     6393196616433584565893507751112623069367668859149133461089932304990040     
     5376254782706913266736197574146385702857078124461712643833290628862835     
     5422392343008651591109975259050711690728140594254890288666404195306050     
     0050791516139394093728036343058863394626840372745881280067182858555491     
     9859003270599910490258050263652848568616696923148399556271084839292809     
     6640748906301911348717961623921324108224414111547722416691952047698732     
     9193761730977511285684263777697656245158171572396505398429690843586566     
     3479215506806052807665862450962213039151379768979882583393759139980206     
     4106455378518587515618046168074993810783952459554995283192085871815550     
     9448080088243274821722177267881930542360852056463968904492865632335812     
     0231998530319105489956278093812295471643316073988093039304239138032770     
     1132714417902743052812864447765458448464092429067438662979446569871444     
     0872594929937423361425485462972866384160227988402107893672741494723255     
     5344687988054826126441241654933217577884033363625184916335390558551815     
     6881061621635527409172745503161944005885497033951517662855471030608657     
     8493920471053027798028019681203148763739326705137863030109600294719081     
     3015863528269515988797675385020430246356982251203672752697804380626314     
     9035219084681903216371037904071420896812757968980148673519680794465631     
     6528095786488900589209141276592063455446436493222694848735445064758131     
     2724080109241115093328397493640491075578913983296051568688474672850267     
     3321209018380266089681294958229490476759521441849583827529142157330686     
     4400380905011128036910469149135959297304367172947542342193910545393217     
     7334632542743699986354718815057972009524467284122949512275138490353360     
     2076190972619484206575083599114228596216951377238235141873418483249498     
     4642486594202035392782075624983014333431491246912696232443335504423368     
     5094903593979687577727056135302460683761676790766434542070560431112443     
     7488946494230997525564683163128159069336000162543670642325390271575212     
     0442812857933373549869598096370554347507007212366213823786366778294405     
     3633730616358886699690805734303234138692189845692654974394114899770213     
     0040471900338606208918516981506852473553686644161981808006250489595179     
     2731510309304665507667592145529343546348374101216838794028226510303846     
     6405442472887115536410528023734189626575662155819677482375907270404555     
     4812768434701740777406289098205008395383508011122383116275509151073601     
     5836197114228164536395146951480184614469780963331155133808543772617437     
     6303344225771749166954482703928747280018392056493869712980966012084745     
     7137154854953454253867021039336114271999365270198188218735114650757257     
     8955703730953164094218187179747254480741372120049414103756716772676729     
     6314084386088200745844735704855974811539462535677123092486334444521408     
     8261766451452121421333813927193922719018718939182513507043260282068650     
     8589318370097888458275921022057420384493498320917009248235391699957910     
     2141634262768436990951754924970534044152720213678686745595759130859584     
     5451798144409927936642418959359546433722990682388525666867599974147501     
     0737755932322696290542458410761548379275390089795359384067000622880493     
     1261439027113720549738826768369072583032401936589669284241492024027985     
     3489272735381418747790210581198202450610619679379003146880164629803128     
     1890245324585747699602072973500453525032112309495640619696673639775944     
     3574377545871375497942192534272245827610024874953919303731541911345487     
     0506595252629066636817992221328855451384143311161946912751525391330771     
     0646374200570519506059267264132630433715755579330658111519890824982576     
     0806812269140616258561231596986027050300370918895579215937083235257705     
     8706344397756834134246977061201774190553260882912368241532390068570061     
     8131415344574353775224515406442667420417514174007708470998723940589506     
     2551645677193931726646407478948015501652800301447417627621396491725831     
     5435079784967629607189074654079010233861587758565118829823495090442844     
     9205975866144424493293995828751902023088733264153825258368557645200624     
     3891482862616596302261801917729777983690841855258321288969827211876096     
     0315086513410790604899738807465517493957020794374835579177469369033877     
     9602892975558328862624765432078980585882108200841836833787044065280865     
     7199388589653025867881317935183674715723823290999983549964383122735079     
     2822860019381070549038487567845764886852921783536216884799157774238049     
     2992031994982762687566120244993182129848035695808743657263942984267718     
     3546859092028329819688949501112615694514534152874857153423334888272106     
     2856771937821637822789264168233760157078617841538800801515163846706277     
     3885348559655228463528263416304889478831258356049579243056426859061543     
     6065501523328282260618052863155527909182496457949618780143913980119247     
     1412130479181738348553675739640041383265036664069618802018308205651859     
     0472649645982002658608838190095084566479619959676931884006688810870849     
     8958124243834304475394183182933843643138201068614186006418539673250027     
     9116547035424631912410885631750626003180103961033044284367609455726189     
     7870839302125611429846753125146306649951519183497411300077274419703422     
     5237638599355711718570121328283632022099998177385688142832589588814802     
     4615779060022924949936233990528714496146596663424629407451039664965537     
     9258870305107960697451485448881891120258459111226704542267781020893665     
     1231698459551477898337796406393367008209158107904009573120427193059001     
     3259890276428156814791641895306306178856995981402622135236587962098205     
     7416327366662675747477546225072148128751795182065840545701426331868068     
     6670830443852960803597277295785849997214803253157956045841359762006497     
     4234861858904982509950788603795441117612047140705425229981363413486079     
     7691034829956113216119594427329347722548281167148938258196596059930906     
     3095330809064999372052331097806634335708396169662594044664504464717827     
     5272996709835934446460492521192107097014121266474758935462920508663571     
     9288134660792361840344359220605661451609621975960802611579681195040009     
     3257205564961207960808517086455519415356066822164019935724363785943757     
     3450132549493928676795704130647990640288217747973889618018374811810246     
     7772754463316289210819777325445215769445127267170094033259545819152587     
     3578705377932944537083593339299797473850229788940510123434822106436597     
     3788338069647751955417025662359687850432898144692368751676102410503176     
     4135070937887624825323512747719712844146220576126521851479316294759940     
     6977372285611588347667251784068058402433421883230768194908772220402785     
     1846504761849516471519147762886583036894320321194634352520421243747421     
     6319960421150017507822126134428273403319839991007179946641144187293142     
     9478146786271943915479682425990704804471376863475774976432025914388101     
     9907829442109207064056448266276125874543936992491995264854975451211196     
     0551635468885305771519264910477047849113973662439890996149175853442620     
     2631461974359146496000000000000000000000000000000000000000000000000000     
     0000000000000000000000000000000000000000000000000000000000000000000000     
     0000000000000000000000000000000000000000000000000000000000000000000000     
     0000000000000000000000000000000000000000000000000000000000000000000000     
     0000000000000000000000000000000000000000000000000000000000000000000000     
     0000000000000000000000000000000000000000000000000000000000000000000000     
     0000000000000000000000000000000000000000000000000000000000000000000000     
     0000000000000000000000000000000000000000000000000000000000000000000000     
     0000000000000000000000000000000000000000000000000000000000000000000000     
     0000000000000000000000000000000000000000000000000000000000000000000000     
     0000000000000000000000000000000000000000000000000000000000000000000000     
     0000000000000000000000000000000000000000000000000000000000000000000000     
     0000000000000000000000000000000000000000000000000000000000000000000000     
     0000000000000000000000000000000000000000000000000000000000000000000000     
     0000000000000000000000000000000000000000000000000000000000000000000000     
     0000000000000000000000000000000000000000000000000000000000000000000000     
     0000000000000000000000000000000000000000000000000000000000000000000000     
     000000000000000000000000000000000000000000000000000000000000
