     4539739436165163989596502043014298508940357049967991952770865047511493     
     7860442294094483384276810455310798106049898857675340033742651654195405     
     3716684077451022718004243431541421992588193466148908636340753803455099     
     7758430179572426060314535410064911845036033045242494444143078405287718     
     6516680409238628131093838663082635151955013352129618725178933704354637     
     8352224507135350433799370304191639827977483516778906865569913188034109     
     4966656080901619400323773244708752890982532821095708110957923636629905     
     9127277535217206682951803914805581166146683171093014832771942388267415     
     2424351579390941823585244602602171897806163152122032545884110879371488     
     1233534899319171706637755048277036249753852299043072659885183355966396     
     3170586909774238237968004939300376757955995447654965846463076621100160     
     9746008980343620089985758632086491742798295332175007616625724763139722     
     9091833675937528720314575828106890726252629709736875299830018189192013     
     6199007616237132613316857829779769413630428718201736805079645905393373     
     2092058381194803585298567970991422501488720948186714195518799899084556     
     0383958481284637722520949683239358441498441248401128447182398050292501     
     3097726109448030758640195524324550489454994224499625915351320968473016     
     9237104531227223453849962532020346472755151299306982152543046110530737     
     2500361792342753401404666031166565759553726523998106959519142481914524     
     0626891649415372198766839966548521539880804653190051042611833785680675     
     2681636710407524200888973852956823506164229138218517988998104377864308     
     5763531239488610513911687315279014635044390869989188278399757266992410     
     9829318457770335451258936463102914536070773087550283336078038838347820     
     0001171707827490641275929388965209171732428809227170002084902089942623     
     8806172744334621021402104117487714136375654797750028632798460375809764     
     1069573391475344877924343646064428417816303097106164889170744692659943     
     0972648953224418703527171891973160965655211379303934948809173006224257     
     8406525995509437268495651352232685025184246596431266988462872681526837     
     5721697728442982439170163987359267901817084984517058978253445720838581     
     8719638027441329369698803556996706102407898997947165044155833482262490     
     9660967222292903294574840131080603854480226648827989787957073116381956     
     7574470813954599802000467695271374705236758290892724535021350039297326     
     6191675341155535419265714794000285696000000000000000000000000000000000     
     0000000000000000000000000000000000000000000000000000000000000000000000     
     0000000000000000000000000000000000000000000000000000000000000000000000     
     0000000000000000000000000000000000000000000000000000000000000000000000     
