     5305919331737162115919397644306429126755837952767801331189651596055952     
     8752493162945256489834944406938922243266451247066962983763462560074031     
     0871272698837122016076008967809011880454221330694594883054103780307159     
     9559415018379525309558605640169218076045441002398744740090469391760567     
     1589294603406509928767553314199037193996951392155191300853796735239468     
     6742972176802522658275114628403486221483550459227974433515606008445877     
     2964788384183605298896488418702109369350802707076734046113706652758469     
     2775863134266214191545620277316253753205528500354984225045578600720890     
     4025101758351689324704190591728665967547085837009321711747761150795300     
     1680285094545589477465764546403348217929813905372730264442650770366048     
     3863201039404518243857764441480076344159600618201143426597287495132303     
     0650261627403143221451095196834048337066290946940969769232763780712037     
     0019217546074342310518264460456025063041132592041895509071137127521848     
     0430748810564987753256213866968158348636403281133584574662617463705731     
     6463405642162330745081881198186172345755915077167885112169874098160665     
     6810327891438575059577782683143570556489657873176252127362243383276139     
     1117284082349861878558569881144216242420153416947046675018662551664100     
     7921349384285525124694784365291937251255574477555963335179083800483106     
     7408447559951547630417129238460639518947621868706114386946638747670400     
     0205248444827922192654536930572129112769078238803704333953734174080037     
     7513181839754034261522066114591306246311969682523804379630387968806258     
     3676033371523299677109998049701611486075130978986840131117504115329056     
     4148171933743550705465514349790205125186555655283073325386175169140358     
     3072714126038585983221289315435685158339015798142962836443122757239543     
     6793584512564877773260780615289877842564984843422506568399465933170421     
     1421432206866557786150328522330553278367668924601829012261453067780810     
     9185188041612027033075809619009701363968198824268997167050961242487934     
     6638269924905743281936386606540229931631219768702794428937396931936711     
     9224311716714350591454146144359896250400906559669701163115531058986749     
     9748591008790989207673805241061276016938231536717034056729632844688932     
     3672613193911272089783561422026091488212354995246813958291616577130679     
     4907144660194126550996142744329373830134687626744717005936583823273592     
     5038248404505176657783217380531026401634136994526907645655668810435221     
     5669833095064496550543858209657695063196998931264681995580583165787075     
     4471215822284439641884868312481867163771606010043666102124495038918936     
     5712729870479643095119637328041297046804947406010767551809372434563959     
     2938421308900067357997378170663243151582141098733414043889911475066579     
     4464817882201327150540298371979265085592371610926579934603798819582015     
     0220317078807421928672553655315886001648772938510550589520642265312095     
     6824479395346084495140404005864477487109394548287833531666304280539496     
     8264897896616819023791436121972493856003835276857148860960841663987351     
     9377985148732861306284278824437085386334482236746620923888735413854859     
     1810295203368308073061428777170456535000810701179243238160263374078130     
     3064532911293469442441045941155093602634437889264921143494995208023232     
     3078511722912369884787794173075869134007138479283864889475848493297298     
     9841342342668918433647646833676445720600645752756330248722935337676759     
     1835424110850121261385608866516607697710792639843084474034420744135831     
     8761080877427228587995206893912230813647231238652532274454097317674126     
     2405551366154139207085834250391516630676506121087166570713084558589927     
     7907932591691838552577717951084514840276177495751925909411957090815583     
     9815949832798985031948031831538383943270969107146040508828433873119415     
     3905794317171906000273648829124208337695943979248997658230841105025328     
     3206531880994332371916802143012194373224455142515034703444364531014000     
     6353181140383601292894180011972919883785590022052199219961276769842541     
     1939685217072294200129746737063729411870884926372726262857778155899539     
     4905336808224670614889845657088123713340268670500455019510236982213926     
     7082872580834076166300301228971552831148877123092305816349673380315522     
     6827347737040883543636086515415444631796386230042831673130000191022727     
     1551443766748772049717841206760802141331488688221830186180546972334098     
     6182561742153718688691833696816982864590315023893559444829042361051306     
     0512981329296807972290861438189894924480994434917997151505297925632284     
     0407210750634293298026064910666221087092939219581411113600501808093744     
     8942516776892952037822397665939781593720652145150280268140315061015882     
     3270223091456699134242609657952856729746890972570878207436932800278775     
     1906177965036428275818963968609248293433561397565746869311855572054366     
     5003619986523060926561383797129820062053671928345719225001597191343598     
     7573293024757022154508808608450075542772387366383045336254006110173930     
     0026594772296424987218889459069028201214958354042887438116359431945813     
     6722572826934058330965006607708440658051693990970035699117317562022798     
     7592473555974508525531638713474875513265417307079789500661239663536837     
     8151032481990141395024576456243585044335023719299065490733907563248627     
     7877809569941730110316908294716658202091087940996807076771013726825927     
     9352025248774397277101052457810913640383784849311545834323688808580964     
     2529803110980848202518643596635287498240027173557334413166624754092813     
     2931552044047169661522310342319555755441393905256200411846508652345184     
     0857319905188376899552269145906766903796628039914931291047957331606618     
     2535674239523617429233634460149401803019380269491954464950792257910157     
     1399841865970575387513543949207097960556457030019016605470164047837221     
     7247546379595968607119267601663956730843084615367281344403521498642680     
     8014372462817951637064511097631240386300847541963230821525767049742730     
     0587820499233193229647055970483033712300175096731076619652584419911266     
     4539849194669800653785802971280597307378761247576275738392756968656287     
     5312491379234039009199696611935517597547784944219654856782721181669463     
     1540117742453891832637545380872734189901677087388576106661784325296734     
     4647567209122206026636175068241868948758485861479280384765061057033745     
     4210906255164748879192945095618604312928975475627049473737693380895008     
     1649477214213192883562184305507080072904834299365528043219236989679042     
     5600125162180794602602295115056355814752939814461837791253879736252972     
     2772165319968454336567191741643025580394112741782450954551906534699355     
     6065820328642850680012497675639529216101253567189574667397274995667851     
     6316721426846970214856069782796554525624302073710423510536328411898916     
     9879923403009085599802482453713346503364195325176780347086786571941320     
     9127391612052319741858556998825949850894750567415992987510530296716175     
     1565652616601380703446332568616083784689713099163514207046451043536930     
     1625607381286151571747178910032071311049295618812629888224898741128642     
     0019650633554116617109091488110402471206774389131452511152717046795523     
     3474785937197180405160751680627528862853045888429411434115955801734468     
     4044337952240617552432821275536938614902595662311971572330673585223813     
     3559551279815122710423482086122022223087478280225707735253863365242862     
     3260603213768680210922115020318406982403132549071547523918539088280037     
     4862128461357988826954094826636238558568231499999397526737652720721314     
     3218047408341117385437780589534740980487023616188222798820951716615399     
     0726224548335446894273402921256516103566630787479046769565815139339485     
     2080723134870712113306332362831357566905981476694164768984904993881206     
     0498017715285312955929542240362958851064981496919263785061496191625221     
     4607476994703798336983584331772151744163172598724335986126307324890347     
     8962647914824415381360429372393277243453088265363094241591698098352831     
     0786252117554562532222054289539206330397431911896244273331384607538952     
     7202052888735664427610880036447516237688326169102179879276774939011418     
     8708232330148242225956705527509694808628037707111308618302473842683738     
     4778395459561267605236214974934060400006189413906959011084050940173746     
     4315105199736819540378598214399880101350241700963686910926716164041927     
     4038351265066343504084413684117245275725541506592757396516203762792661     
     2383644783336603575474018157404788922438384162619576141297962904360125     
     5476183331829898818338740251174230561421353113859047120282000726231157     
     3432897726804711201731304556786943237935290958425699418770654873785751     
     3756335083539846950336845189379843031367401237925875818935860756109984     
     5248289836853276812140444762770200133010441950373918561112043533815719     
     8229504401121741563485701219280119467482586986286819344426121146945006     
     9367094565991889668110260949160768183947055149865593539363655603393873     
     4367931078222683808885945907588961682511982905139783792953811798515169     
     1741080267972290592782225429021504130946816368633399665006393450619289     
     7713719331361305303626127634155112817690092408475546020522849451446317     
     9441463013349304016428311071801976986672694365172061095107262947198792     
     6279600846498933738590739480770168203363642266043298126363358962165416     
     6167732406438962270556135898317980879178049341396409400435156655510332     
     5626408891087312538277459828627240966214527779971967925231499672758369     
     7505897511618731867304120720676990294258755392132875261375768395959945     
     1806126277019687362836518644257934367237934883157181693492977768190379     
     1966777696035962224116092863768504774284968396409834110718592941985864     
     5796109230137702770774323650709113230640520710794997057979054362367388     
     4574800117754976262445972397653396934211771047974240545630587573526973     
     2674001822113748162643473282715746695204564394495629948817100181887083     
     5965209856120986934109485232954357778716368523826103528124466187664876     
     1413653983708844975652372068938719622779690899843454267067336394446287     
     3914228378552137495760798112424974504262280741352921442178049565883365     
     5956666644696458427188824420395862798977850588317695320315965499402450     
     9646767493061453950160962778452239496188152471169693148565295659026201     
     7644541719274437229556039929990566363394689312844601660615908961048270     
     0447238330017916963589716605111973251904214195346010213495041424773294     
     3211042253012079296386708431004260968301378033550012150269275445982806     
     7448037162588563375321477930002243108118298084329507930432008401858317     
     8503628481986895065006282928924159708255009158143153458724306240352301     
     3384785128230334474705531140405639865195926039327862570849350991234906     
     3849876304100067229887318255123208611593617999190866799312646425595005     
     7116389029744294446518670677872167171406493392924561527350574059121178     
     2122459045022629259783734673132224687635906961030096138185632025962837     
     0323861979972208129985829461446316367586414995501195235830841190750337     
     8949727468530409926332474415471498521215119592399877422127835785912342     
     8906444226324811831985684103303496248350446435021110186200421755729723     
     7142259012373996518270387820505464622818874203834614678309806033117347     
     7319622383924374265734766713848242780913359872976387418299065225670910     
     2578985911549627508287559482698959480952968961728865673553465936028719     
     9825181940440694887151278797220249624157884273343669467689700810602881     
     4076169117691945121841278787247641429222701969602574839402936045596260     
     7663560281357473636420092017412797164972326716032579155070023729599163     
     9968602198641189819333941836933851255763103969015433905863561745653917     
     5471826812772388184702865902360163631731623151370885931192733356386667     
     2099670297161208826164696455396392946431741996141425028027460904543207     
     1817241182785017863166823628653257229165885528484563349848660848401136     
     4031443427463388739754712423927294808751250165000900834777364784241468     
     9369904727549842520495257047809966043196301740252614317708398284419021     
     4612331967095272797293982656830344438558098039330016699536900673756745     
     3309007327936869356166227779351005928430272646088121575724295813412268     
     9552821662652957970018488026233174387937538196042707798821865730891492     
     2952182138381008588867875605174957099626420922816751567359501396793228     
     2664106452956461179007758519134275611135729676955426440051514233444274     
     8035071508421572117611603443297149301598672353154214573036651683522383     
     7807804519259182735160047160191925633734755664220242824416566185470721     
     4920285858068651769209596660119949555578998042055011779958995258224853     
     3126822066968325120719896050814066364530517693254030345337759005853995     
     4194190575885359041240940481077483248097376183812573675150753755130215     
     3696834444725151887815343794383463455675268514902901038902846654904000     
     1261797485408545723317699227573731775529664332061347920486139613257831     
     5633820692221259653719526594384620255203185826265853012216161685969238     
     5815563477364949148835470980829380493400831365004887500665202499519673     
     8660498923985601908342070623784063805856995107133873330320379685571201     
     9887774658264318013709539155859058605311263709848559185611018789908514     
     0619066793263883625216765949094262638502738225684028444900362494583333     
     4598016509788223068833683305339152294953990219214521904096301454716576     
     4061722636997366426228848097322078317060992850968006254488471892279681     
     8334532695877658183508419008662969890463407277533296555658161040347993     
     3422291149489090521872249201086057452799168559265388338831717914945552     
     6472364253000846389472379373042415502561767953691486713237120355463430     
     8341273429934895489300724979904718078121545198388695853863375889370092     
     8258713689170086955114472681278485497195012457208019828027068413705504     
     9194399247431838018432503994555141189198846050928577448010974538138933     
     7076574068845427069569254869252598812136972061506118473609165831442124     
     1796269059629221956698883676369482557001007819408501064518330325113535     
     5106075382732768535034602232435087969179079955394470480557864359677286     
     7640488975712245928324192285824780913164923814003468139868460646060675     
     3706571457695096072751630681919770521777271717099661704286272776772133     
     0598437318006395776361278587264669863653607004063353604396513392824895     
     3838721010904291249611413532404875384965510211662170825766973539034381     
     5973113108327661087936737620327305500161152035626694614916923195717602     
     1722197507639424928367176630859333148551972615999725251277348323789306     
     9126568952550177190220510055595199414007981599490157151800586160815008     
     2303471249948579950872502419197682497951265393338159529203446193543420     
     5394911535926324570956401553357442655349979308966876709681260181641506     
     9011132406367353658446023337151121759044036159953868342009745453230892     
     9235288118004539702130028965509505144058071337295096352876365951096514     
     3123986392163518418085443745494225899078503009245946586491783110091194     
     4907205896008933519387982700799528498284220196656387458280353077613694     
     8799145132818802881778557790899137501106979037991131317155703422094695     
     2299067709843747403828397407116868556031582220995438992220291319473659     
     0108711314477064826148441831544602207992163073102524355010045985529231     
     9910575425129434108686972320858580915734230322357621742873550144459092     
     2482864741173084451168940028739403576663376486387525664676118592470228     
     0149217511240705140097489965987735011418181670612995226808572381373296     
     8992669440669127085883274005001795029515868195632962126815033677069587     
     5355717742896034222759334102159440022874635281077772441547941523587141     
     3304722692051431334873866309201657518278022952607446831630571405614587     
     1011053449116674121760621907261892495381725762997786635371317636256087     
     1717839397477640805880037152581797936116189545561373873140137778492118     
     0010675443208479316152359662625778562893787860247283517274324793626577     
     6319691966519940249036310797764042964172629547986481395847383181905017     
     6525635444765495513939523523810246217150200379826101543508184503950131     
     5585872894394856851376181234143274706782484210743458268808932571734907     
     9348168404173073600618635794170957801702824495603961861879992968185016     
     4439198958938388393788185937391566210902109160190388173146210802175645     
     8448259455218445731287850478717293106694443511066069271925873583077237     
     9769185593042623887517201484582444330370477947828841203050572588442177     
     2946749996549022390743038945735275034517978836906338510289779290339438     
     5803341758062987479909262175938651052418605192177427273890291908178499     
     6667083421677593378368087738433725303078134391165886109036738020196583     
     9753571314866101933589322756686162532235431309794532438773168469619835     
     7464538800228235192870876897754852756343906620734676444560004491004489     
     1567810277450520922993133600653266015764213928171692282436453411656038     
     3403552027878574907808776826350984282864603120011823160063999536021836     
     9666787376540618575859932244000654871767831992157677830215606924557394     
     8159687629226899445541353726137429389333137433116804468634486412276443     
     0920855872617337783520557923877450668830871217556109688445417663145209     
     8211667456524080321925549039398097646777652988683874670548260318607313     
     9207828904861976543170593025621640762863540263853052622557316037768619     
     8238400341186482221266011485010790244230508179380160924167197320877829     
     2274276832500142214733713103655299300047808019550204769222998247690209     
     7630364525852338538751028451868284730504365062712035146803379690817648     
     6414994952208293581096923307138680826617223114769413693067752396157085     
     0803932885629642627701509926787068064497598584538959023424468748532361     
     8859546487972389964998079610151251788496055915771936812095074751431189     
     3856052113713686429430164836715989682011210961397835237411725454064895     
     8568263040455493868059052245485810790672705086883176205272362838881092     
     9650073817768742324899952798435716691060313157808182435750176662315291     
     4255589244671637657789551965509599948990774642130800899585640056452649     
     3959649458453963765222961793637126523101171710979528130442206675943477     
     6017494376923394391606740035539639558302306804229956500481848799143501     
     6813174908458145508071192685010899315676909539893100517797122836995966     
     9202641578495966317656464370295097868342942393348853235843567812861068     
     7318063865005988686576024863342041289392368068175849554149211510200345     
     3012304914486282797900758458145778740123953867620988556169678272987931     
     3707059279982837847895652450307767563278039344627159243780777521467566     
     8903753385741074112559742791936634122993209736431719424020864401017272     
     5646638991505314027149738127174953224103463170431804946002147743800943     
     7537671162589300675071597458169951912135707770156179035447206806245275     
     9216599108620452231464742980431171121748099269914547452077332986995711     
     2695925813417834145864251668216571700607629641354990731615694143270371     
     3750298820836692464780240160803386385960137248684651655978880464679206     
     4304664672999341008753630715874456850621253815851545219746134174929605     
     0252044622046714519308833565482004719337777837018446921036258607104000     
     0000000000000000000000000000000000000000000000000000000000000000000000     
     0000000000000000000000000000000000000000000000000000000000000000000000     
     0000000000000000000000000000000000000000000000000000000000000000000000     
     0000000000000000000000000000000000000000000000000000000000000000000000     
     0000000000000000000000000000000000000000000000000000000000000000000000     
     0000000000000000000000000000000000000000000000000000000000000000000000     
     0000000000000000000000000000000000000000000000000000000000000000000000     
     0000000000000000000000000000000000000000000000000000000000000000000000     
     0000000000000000000000000000000000000000000000000000000000000000000000     
     0000000000000000000000000000000000000000000000000000000000000000000000     
     0000000000000000000000000000000000000000000000000000000000000000000000     
     0000000000000000000000000000000000000000000000000000000000000000000000     
     0000000000000000000000000000000000000000000000000000000000000000000000     
     0000000000000000000000000000000000000000000000000000000000000000000000     
     0000000000000000000000000000000000000000000000000000000000000000000000     
     0000000000000000000000000000000000000000000000000000000000000000000000     
     0000000000000000000000000000000000000000000000000000000000000000000000     
     0000000000000000000000000000000000000000000000000000000000000000000000     
     0000000000000000000000000000000000000000000000000000000000000000000000     
     0000000000000000000000000000000000000000000000000000000000000000000000     
     0000000000000000000000000000000000000000000000000000000000000000
