     1186702272313398559711107708655105145368594980348722164192742564606217     
     0672350508670333654012984093885065060637603667464039517167606829127364     
     0562038088475117655906513306247540062448836114308055044739224578003905     
     9758083409535187944137781962838024691951308194696386013547893076667257     
     0198640723860982657160499331024972958909984002791744623096400873720574     
     2871427543959085914647427377008452551239608319618502525844685394174938     
     1791895071839214231799908444697550712955598038142267743807835000856038     
     0932987351246108210482628582941003899359041986089372804451349971334146     
     6452439425660516129257669145939567572473968127448105102097749426755294     
     5517789710505629474773260302947209439939585810019881414236467729392240     
     7372238889159535817064146103899178793893719693187632367723179132726402     
     1771044799872338343578817165349011042031902714395345428560709971126759     
     3221300396740250623411502925417795027200240795083619670303180695037728     
     7637342491209676316760170240272815076509060135293338888641315326013181     
     9110430995586467354059582667250492260130650541403656635578169718619114     
     4590779634100529973601155714543773037650796767982290800026565828616554     
     3450178659977982824207144503637785370938350078914609178252158824546506     
     9892098959794444807172979033507168673665635928290336063946920484046789     
     1184030522285661296694355658189899776115108984494986066352924776124614     
     8955309882080358053663342875668119506195010536818876601954473866965328     
     4870821240682613554028960267775498704037638176544758630352749869853758     
     0108051710340411744661740742599924207477734005252279109865915532246406     
     6542392709063523681227452159380945066382453650672081286312605559774472     
     9375298282980162742462774914163271430328737673798495265205063128645056     
     2804478650659171731139547132463542481566406349152527329307146952691797     
     4758155067750468693258815183140800717041427208703822629374188105971913     
     5074572164296793450161334662053998674472407441553254392022185855244136     
     3886277929358232202065555570308379965780958044826490864677093206422135     
     9046143512069718945650448024227229232809485704773469815694936890448196     
     0678855256291001360964188696441813224083850721929988926519881129277999     
     8024560536315560302705599630790530617090679152574873408026718150118009     
     5265949955626971311571950050922913358200911503308982685440856940339146     
     5026953631086288528249897307160019176948176088842438265343465785724326     
     7567421926140051964240598364000735239732099017635700766786524829589883     
     5149764799168453105111955268323716521483009231474201603986223277674398     
     7369788995083674958061258078366819211034028027963740803687561858729282     
     9250120230076585242405195009174194239806630887983623687626065917790081     
     6261671694812473682232584492226397865095491083210331495596157481636649     
     9407064087195404318010452439321169306086171525780324569932027501782931     
     6872561446136237023170992852095860931059003676860020204415687566315955     
     5499311837280318332978742448663928780375870340767506135643960990977699     
     3300152788365761834045654916403866924323405393542007934368748027077707     
     8526384448709518714808650423545576962732996245587302601367464634563797     
     2022107913519499934927317581651792306530619468460535901984200256246053     
     6818116397825241535054143680917323882889669582023616532969476744110507     
     3330598469338899970869166080000000000000000000000000000000000000000000     
     0000000000000000000000000000000000000000000000000000000000000000000000     
     0000000000000000000000000000000000000000000000000000000000000000000000     
     0000000000000000000000000000000000000000000000000000000000000000000000     
     0000000000000000000000000000000000000000000000000000000000000000000000     
     00
