     9317231130167312830985011858254308635241212504188515646720045520542316     
     9692626636414789223328726421138597249171152857265558566512413216825484     
     8274882330858743558263304257730760798133240588640778061312801435894283     
     2518792869908241394638201950145314440118519387318934065325107687802341     
     3226134632651179178331556759652816089381016335792840711742420135510953     
     4777680003178721677558467021699245737496412014748593295886056043377529     
     1853777855849904897882532564527986643055815800896532605183710792900307     
     2710140564541484128125684119756934493124152534180456047148715797989921     
     4942120563819999819042914387378000792973011162504547488505067626124977     
     8752737995787826684380663471077438614334192701110032398151855194531446     
     2745765266839891788426819054147771800290646713399046264825876644267234     
     8595945173792555866882377066744623580901577025621150286458905474537281     
     1215427265826032603601745411479678863358613546344928204667255905921106     
     8881253210145062462804859232883343931809700684866430679034495814554615     
     8692185062871899202190402932653846842710925433796761906779565828557010     
     4196074191602651319385287519565571641882222970319005163426601753231960     
     6694863122748683976843715651710459243656769816655651961550149219875371     
     6013819314803691540469392179182652133634463619556668071360412779226705     
     3494031483400282640876563610483627788715001696680712247242996720437328     
     7565592631375461886858990083458034803376478312112655697987815732311356     
     7717602639579783126416779993620343177544754916639606290516234272981372     
     0440851582223253316678389952404676073185191013425080092428033919477352     
     3028681181625175289283256291981484964633030402612285057102680186963975     
     0392038874145873891327107079246495151736341611022923433513733574581012     
     2795144415793642226789709783390952174332186743148466675671244407236561     
     0368241144170603644232273478699904361009412854099414714201872933423779     
     0015272769488515702094305063133406308603134211537771075261629336683066     
     5235544821900268249755676156585333186044895285505268514726987113839995     
     4206244968023626619922390076720905964965313094772963820138421572985982     
     0663571743904864768255201829185809846327321117601596829930916419234470     
     1456989769137787280099650836385114122570112618472327925211957895531333     
     8340509333227200997850869744947255101613094508799137529415168290787751     
     6209256804745582148676380695137053103046027656493811726277312625610768     
     8145139791454478925741282371731778336820508248889283641499481215046021     
     3511074825187403314843935950000449889041692203875763616356292020850312     
     3446817783658992911967924126186087662251312827356009846406706959350937     
     2302027500491912414135812819775722767151951684916297824633943521751672     
     3088263168895263313378993218688822502268383680365858544890845299111481     
     9553661768585053322564458058575457890139021590350565257603676387789394     
     5876926030928633485819462357642436420909043106522203875695038973727480     
     2212842013732682149936483775676487140560048549456857962141166762681480     
     4452936990241607006617041765443525303336473201263178083419662750759050     
     2516360246772213809720282733105479088433970295658711983358738539249351     
     4873186832396095925677913132056943309685960595049893521168509003825609     
     1536475364983200463159750456317667978385296868965644030881327575720459     
     6731164222449303149360554965433243874462630006778039348940993512693007     
     1677855888703244932540307388961799182569153144543209665246626299261984     
     5617297863844861241136356072151447720700293618652305484134493234217633     
     7913735741874552114574919789794419992505035900577514412200991443148514     
     4823448123946496133969719692762355490150588534795293144679182214943006     
     9068543882334088511065940091634358162497555727013171654275287606366892     
     2055374022512680491077349150709665668111435637741710156338433959609747     
     8093343966467450735259359094936512802912040173029220865377554918865120     
     0042987911764666017419044951575082778074421245658466174551267311696632     
     0781207135048305123476335776580478798287388538559075770720323280828870     
     2477125730546667643549095087156945042596467045430112433243803521642407     
     6588632119923835069877410203390450019374269474424787844360689704864970     
     2994641352088738362568734832435741926150209951394522842352442361927435     
     3924266756472969691576884278138823029566140771432705655347865988642482     
     1055862020898502148487553444615457878036362880949638796035511708229041     
     5352620947979328800021976699491458616468590628524968570368207337865440     
     4374212005215976899545315847637988665298131660168524550278922879066817     
     9753085459835613117609556791005728025072836615142825868577361166800477     
     7206595918645818723092955151543598224500895596868349646647324040692801     
     3331910559036523719055234646826171731259913269879526991805852734675167     
     3329317219610468658287331302085606139477328889585498962799153647130093     
     6125714801079289637176829028017960830706565129161993470478556815735071     
     4965520130077538436004760666392251711214593713073107920716922535982817     
     0871157576558973199817707062778754870077831518037156351356413190119555     
     2375137481741250622123151636314339252267712381241098612354078041714021     
     6178282116900706175413994320113662273585655342281366312689818573284046     
     0567108523538433607227852259564894491317983345969480727046867154250807     
     6731617032655913358602093835205670600540932282882259467588682198378682     
     2863394838054155354537633739569869394052973050330545842717954715212581     
     3873344147254155927651185298504595639069463473513819145396361632007873     
     8590112939575154315877025572631642145547220337996867563699036507194909     
     4235270903188435140135123403734234516139736524397325723758039920780422     
     5774437126313454266552796619013388485950049724548514639819892871874255     
     7443272027501601906683302601068303498433669615243051700532471086732821     
     9733479641665050012715991717884825641970172418669374810197486873490067     
     8491523187830115398103509929004566863612198564819716806009891203157377     
     2796973704009457859603194142084886251480359099208467809852110151561227     
     9142489128820843291877241896916973302112648932587483095217443922555347     
     4675424218292134729510556255746031602606106607120963140807691239394794     
     4570448410010841882477462575322135062979955661854943048755186544670925     
     8247807529941028975458707116851099846700106128071544425762719914269606     
     3065944634406837365272303228795855745676226528371100502707030060572428     
     7334991744276831911396562810596382278629745273406657138207730146642647     
     8938590059184972529293258020853549136031218000981821797160753656814557     
     4343372506667544422618305835583683906421831382341178362693205498240441     
     0480274985092431016915030238698565823757905227901336289280000000000000     
     0000000000000000000000000000000000000000000000000000000000000000000000     
     0000000000000000000000000000000000000000000000000000000000000000000000     
     0000000000000000000000000000000000000000000000000000000000000000000000     
     0000000000000000000000000000000000000000000000000000000000000000000000     
     0000000000000000000000000000000000000000000000000000000000000000000000     
     0000000000000000000000000000000000000000000000000000000000000000000000     
     0000000000000000000000000000000000000000000000000000000000000000000000     
     0000000000000000000000000000000000000000000000000000000000000000000000     
     00000000000000
