     9950984588401813753352791707197394287998625161925019468500351990720891     
     9944198805270060255120837828938836616390040147540397669819077451210747     
     1807840582499504412402277374274937699083140669383632870400003093462344     
     6041219521735804480412349361797479329298519794581516773760726323740749     
     6411854345272497970623189606336749633428758949520925831049309367458665     
     5389151599941774094389396305319376647209863965409359224014289454797452     
     5493122794167952309216109184888228696022681123601261597106545594808598     
     0634232931183203587503752956734893267220776806649067714954574436909191     
     7365245332597870806762407530688007160490796453408295906136216431575363     
     4512293875925056387209426185633873131430507026740986186066438393618463     
     2062827623524302714287953605732658140046845793436455828512360587156716     
     2015739415114625906081085103042283318082132899633692511486994144681819     
     4294747006813641649337444335853781819850423613096360832441871005929893     
     0056029225954691426623261269541785488481717864877612921936815763903410     
     3738356240924902812266546171173528359960378996412394111768413203131789     
     1343424843570863549437781678919723359836665141724727625567100917180122     
     9864215313351572680994617193226423455688763327704814969335955494876799     
     2628763050237211677249810162734025617464048361691783381880530624880105     
     3284184889912482151598433232655045600039596919683372272385682139042768     
     6403985623535774041385950184201632781828054015667632266224271375087481     
     9879478273887496564300218767410403195427922876985901976982327964234803     
     1241064461265669707030402697907901968987633644260049425161490209763880     
     1191896045455644452593133258133897701201141449007021241741571015157226     
     7057014403112473842682030509332020523589282713885650785100839009520668     
     7614323846155296005841411062563598780370059451449447426135979519887467     
     5130221236399961014922921314611928504270164487438958072415616708992630     
     0269366713596593180768558794944433722486294851456093634304331414877405     
     6522309238544254498451445180363557933117633670245739166613173669982611     
     3900155043518973782516293758031574023904831549689212609667854621079136     
     7515510634945763862093431194015942915827752192245488385757287171873140     
     1482391596418387098401448515935394868127681862159085041020991509118498     
     8690186878857659219364073235016315236718149527360939925293713497086847     
     6417698170430177100532535790138766948034884391419955327488872617480373     
     2484684648318561151027016642446898844676023603861461038988694534866237     
     1697818667614131680602361677072056150299480557677830806932984511792546     
     1569944084975952359998454381194409606533684910835127237300939745488787     
     6276070236419808784583896951363504759776963726483653263201667611054164     
     4848641094740322279300633958044620913226970080061505829161964181465825     
     7549356775502775252459595386915856631421402692558544466204242666857186     
     6515691877765816400109157262088258714339045999555862865577424511034629     
     2380649373142667123625729337617192264113018931331653654860711775936021     
     7330484619625069080231864001142319839660828904423630192420607441633543     
     1224268635067580672638091923768445545594586499219554179652950279205552     
     4675753953775109661928549494233137762238119950874708259696561529023026     
     0893730132737901380286382997762324572528994369828607112376529069099531     
     1243227710616787235965273957397367050803206211713557336517319490795355     
     8710563090980567276780077055645846285366795043629417384402493735952373     
     3143383704211498430409473501048817462065022142174084766877250578852716     
     9359195630729755094339533957594440778484108100751172923337033961200834     
     2688898791006797076231690772190278047907831925243591556138707685175584     
     7002850842077753248328261319165912110632057804729546305350782546585421     
     7752397959461869261480865926015937334395087812664204249176072384166090     
     4532478650184619723575232340937858871613741735038179965156510810201102     
     3422492137882240128876694794082436087969554732986296106889750379474145     
     4371008847623304846777151130618797711337246179865937031799224073820396     
     2051600513369303506328723910806733180877351989029946440926007559710080     
     9871857074353046184791247502846433593854870289652801240074116283846111     
     6013820482640380173593417574656156064715283292178678293234088304888210     
     6395591739432494356010574339152764880688820205436107614834392914066491     
     8559581790794372959591838053535067065622251645578386473866797223598857     
     9987077090447076381547890327158433866743004423075310862096724197524501     
     8684517704352051621311607813970093703450125024682543771943583472123916     
     1477053551226376592287530918308054766314656496883033355442129523786648     
     8187051784341756842839770177257819048579908101686392305530426118209553     
     6864906445622685352671628950082273127825072749524906454145660515994922     
     2283193591934738651497904831543813261540006141426078758064052192789464     
     5848619091842406675737614788845399245012533424833700491643820745332097     
     3652633761055384890631636431965645109907829569950722481187316995359769     
     3615739264602333898530962399190229468074131146443854631267700044564568     
     6667268468232707111462658335808153575574514549354144277237634258834030     
     7823624745615393493942769963514008386914237697382837601584723116659425     
     4204400832957041302020188336656621454007805545556574294447818663075136     
     5300936237037511794231338976820987477448399445662353781625973107041707     
     8785515998984761774599468810536807503858966437218157561097834263865297     
     9188409441517074919954771289797333586126306271715048739321101178110175     
     5120420468797172564201524803460469614201829696764229494504967028253041     
     9734385864030765331660060481756547272845004636942823914293253139488965     
     9480861531543262771402414393812664817242676275772072443182017621011345     
     5134611060530285743753157736493405193915270986224558630999081448205521     
     5686343093477600934130018992581218434127793394834549389241429701589773     
     7071678475199378547520296050365097717908558063119522864834793119499828     
     7223723729994237664540996592802233287049066476768015824612202058133439     
     3057860038375091668687389087814002435764867768515559695765564963247582     
     0400938411235143259739221956537237434652465458144885181814978203274286     
     0523093562617892772147165241723484638310380207641559737448925206252562     
     3607687585129421291546867706045452970761365764914253024372149640549518     
     8471883307390063140247036483739411424594361904501741178512723391219272     
     7241285405380840315006879078096863317185187394408321827499659682061542     
     1126735672713656794075067110537890270073287944524393285314262694761545     
     7767123771052250954908275752578087070538448244870919582470615551912961     
     2496702118838666727488846112440598623046764121911647447663779771017962     
     0020950517222141613187226678748771564299656232949245060711351610761467     
     8345413940272381947742908735027178144248108539740567703484324748506942     
     4950118614519480154836205590390372583889516932839648781415154120467484     
     8080266794303391023073963674978655106818382625348292377031608219062050     
     9919695749579958633201835561312781468778273630891551639328386922773003     
     0121417476246894074497389725440152851411982622334844554842449649962369     
     7504805599536421186829081934112265879909184618175326452616161193575181     
     1745799826974839365228493224299177379070959327328620899771507753502984     
     8256362636000885643752924887936694624396851437340903985358958577084749     
     2724362735481905382586449497284102315655719872397050305886744986826549     
     9241402756668084643998517851773663435376874477943944545834125871639387     
     0325005787410787009712607592842287131607048294416724781305284118652450     
     9051917494538908921824981172092729768168952432200223232919206625328007     
     9502438865451355145518518591748616221719809151028580643966414634865162     
     8667534555651491567164495076647060800032691714674167023818156630333808     
     3342138583545102061250784111815644183462427187505277832528327576677521     
     0445611169897600230555439409090126139050018661436574373275185654756962     
     7628328243430895152441248378850256792119717104790286353225082946463662     
     7209748677275575605869519266114576915369886821013831911473768453449534     
     9953250393259800212719238693871892424679476730281828403824747829555049     
     6574988715214570419035752950409088130708221264594533702958321724282391     
     8388269824519704400118411556677127751117278341648806301465710913515298     
     0550531248890316428412878895044436743289628246155464181039459878113104     
     4292859256006662362042927532889040333932452767633735052894558538512282     
     2205970776795426869564023180814001257263528055334619742365327822052727     
     5047521974740780569812960343419458161836681764436289348659822304231594     
     8186075221612200228392250652039403742264356427027788074900658419922281     
     9813371582102240215459202671078889894527583365443099992356142519869049     
     8989356616568905413428838530755443692304615434794897562720893946700726     
     4609369048150768046005493650756524196518205150735889532282523567260909     
     5906532283948678766823557519749411703921387824867535180575119628974413     
     6243900132643331355174685561304230815217315163182255932935186586053603     
     4303089767685988354381988081568233774968798820320653254833782044304768     
     7846379793913771079496102095088190376148156356585272805389095373840722     
     8308214770385607617522923373028280627483461845320232698470835498284856     
     9480903120530568722506816679436205204099360730458576841142230399319118     
     3007207212594629257494854101345452887201829408911935166482756023356025     
     2587025667039952186358046851357974539096906501991244158976931746940435     
     8450958497466314857367222332587569463079080523116552777258224486899904     
     0678764720529917352490401388042620188820923690714332750264575650711231     
     2685987165440307511344844683576151756684927503891881491749784164453635     
     2510424134977583379068666377704665048294491409429906801071263257226743     
     0679712678714845641765969897539963917641433352095361728845201228559268     
     7488081958026648218165857295024744253286545411645738808101654483791799     
     9058719809321011270456932271671761391866971000996037346761520658953941     
     4474986128590065063227319868177274195182429891738582275588509312762892     
     6279795505857076740469156855022537731934147574179141556864903654047620     
     9792163071918080000000000000000000000000000000000000000000000000000000     
     0000000000000000000000000000000000000000000000000000000000000000000000     
     0000000000000000000000000000000000000000000000000000000000000000000000     
     0000000000000000000000000000000000000000000000000000000000000000000000     
     0000000000000000000000000000000000000000000000000000000000000000000000     
     0000000000000000000000000000000000000000000000000000000000000000000000     
     0000000000000000000000000000000000000000000000000000000000000000000000     
     0000000000000000000000000000000000000000000000000000000000000000000000     
     0000000000000000000000000000000000000000000000000000000000000000000000     
     0000000000000000000000000000000000000000000000000000000000000000000000     
     0000000000000000000000000000000000000000000000000000000000000000000000     
     0000000000000000000000000000000000000000000000000000000000000000000000     
     0000000000000000000000
