     2554617930063508061827147047024746442561701100218895659528630988354657     
     9748974127886862292991232958979752886446159975915829675759330949883290     
     8206560997269060704267563319449467461133147120783073025404699449948874     
     1735332705517612764114071531073004679549894981322510801664748684471719     
     3119134309842947287943807297331965705211730710848081321922745894331411     
     1021522937716036016823070662400428933316882464248961559841142036813476     
     6089611971962945565245857610888743646049430189841016756444275971922955     
     7828475118041151118204798903349477690308926612584896342050702632414539     
     8201300601138301909161204951392805193521546596614683185732917245060439     
     3511789359110815213536593146623910959328444721462149054380583429906733     
     4983630986489715307161045205228985850262373175590904144660347379224190     
     5293072023838329673266667470004494443217235931706174494013833413606858     
     9789795301193731676459326119314476096625997741556587028403968030598110     
     6149328702577592113873857094764579171861744813959949808231968340313825     
     2458002784901253491568282384559894741149216959991852186740801756152229     
     1543387817920530757491730598834591822431717452906558394429390250710563     
     6621175002920254808797600222085117137046909473327214918768759103949792     
     4657581192694975835778574818852225529504852628421028507650869713065502     
     2391754452585664851547242380879730393774846077852685995129618245483293     
     7430622754645713742163905284783586150966664280639187018865084023902152     
     6889029600917411064914825419914207835895714659687241545098242761293297     
     4006565213042701764629485038186534968544422578262769884943200741741607     
     6398117721102845614717218239910444612387951349336634334677987977398467     
     2176524918828911070022090180455507915094586762718717199904080273023484     
     6384147209685813601942416218972574676961818271461942985587902928799858     
     9666573209629996529233883585892071295734661157978706210852071569713390     
     8707959132711599932217482862961217047189725899187048737102456720109225     
     6592207424157825615553626697113935820922445065226592478502555783850089     
     4587414875853026811424108468048355389884675837390022459925566408609360     
     6897347170723474276189300135181776943094932203372831202056104650507244     
     6272842041667271488322406164581756429258789400127461652192983778652362     
     1264442288658078686482791842733393812984907852222600843749194772284037     
     7003456726665578893095403866244147876353494962446071835232462101856507     
     1849128201014077531882998415332191055710644581210991334759269481516160     
     6501167344068866984848309907878581617707232212026466548281978401748783     
     9377253866293968996778594682845703227343764496541824559745465430710633     
     2274349444737877659248522618453153131096936814551988201246213897599601     
     8946627649606323754435641253650171541964717285608010918139538631396038     
     3153905113050002269453397009018381928744598549681537615058573926648368     
     8380922363454959582662144639456780503861220903753376924192705449862351     
     7484730991428908482291571794064774070164845001383504357273390612817952     
     3559854441547940260270365247826141533452564734647415530556773630979878     
     1189853860258700048785204375975580119317613223120112790567512476578980     
     2071183634494038588140910385243418359037476144088444879291938775543008     
     9860999924566970862547158669338173457978226124816424835867927373382215     
     1581394681794826755730446405217615737995717546645303296963657300625770     
     7583576213244670563029678108017772304361368073202813836150165190002503     
     3088969655894421009944579299415511969518537807918284968845005309806702     
     9820140011820368596916311490995007329302042510110668058632392226967766     
     6539130664638858885090558115548997744702773205583902828685731165694955     
     6258230214317779279337003364183456078960645214506365371595269822342826     
     2242313672675946176484211702704834389951479131717011733747160293499487     
     7371179411703017880967926285911887464880009834381158392362395691421378     
     3581274850214308387687231048852910798351185120484788005233374860163093     
     5982233998299810248817057933531417543553328893654154557037401198223858     
     4607927174761396734201727969018682512315661696683465302711611434916257     
     0537866709440653958235227881916358093914768900361481789581178002711704     
     9648363498845378758219267191884593225011016958894069421126107861713148     
     0706209178401351975953195677695413361091463326892401918280153899031579     
     8701776104495325952145292041117871444757899429130141228963733456600064     
     8455931869704995587480240361066032636552413398031711628445470229792640     
     7804612976062879659527054285676776964538294649172804556146288016751773     
     8904355018826279421514654031368688156872920612664620476676839214230084     
     7800203094505753622753401684065834544952715236022469129877783438952494     
     9189576187763494990419729469019247687637835771350645458410011432053946     
     1162706711200851547578815794252359664080254508841017850621055231971077     
     0631667372603059808598905772695430599713164946443648517931978233356126     
     0301087611881227318617534860056211678086763698039385149665242885186309     
     4163398157397076223254614064776122789003922254280690668517991656750616     
     8324436269576375237800987869114021352539411576011513197416027141026568     
     8641098299663283645955353305866454735909564556271794977582841337557555     
     9370080610631154643682423211210682524138132838916157673798564096549544     
     4250622584807037098566565218610676936680825225164072946607633643135686     
     3918034057922381220191927118049670381033968609190226578740502539315696     
     1383379497594142938127382434899534431438841681408882976346673532784948     
     0385513778432024398477906083495556328719724950930901859216409785556215     
     7718925844065792653985727392736967068572983368353121540185371898375098     
     0934990295195842109075863508526413743864017738047240262658899555591660     
     9119211943784718351779675976704436832580126949714123688668712663746896     
     6808231970894994801214847593636370106940280015403689243487669983040767     
     2040708396772343540710032673165276388135720937698422864680617507665300     
     7388646284517950714543535310079276753882605147233299034047999555994125     
     5819995992318001097366759598693371964883329521482595552579556096316457     
     3270218161638727397990201656758514440052624842794686578010787503214544     
     1096128154762661876701037203981505516626699006632994050004138089552303     
     6867849746541218322946070105860096234097327821911991596917420637090141     
     7107086047580189936228617739507941027903843856866635302718264749364133     
     1769815522342823255509854672154568676795873822348295924277046614728391     
     1978083964092671244578090097972542164473476698383780268682683181188263     
     1022951290136998657045034785987040189327510623717010417964455239250003     
     3372938698273231843218956791164863211004733253854063567489302697708805     
     5613068575223127044914116862394438675103412868416950650657321951835058     
     1730684555623401267339457465987592629831299532455870362655853619163314     
     0735256687423952497846408788541339393783280218314908973169844008802646     
     8881597292058137103532139382972854344617570565609356337052541296126464     
     0070379062534295254464449250908443006010137884746132532047418036799427     
     0768006011902899802978420460792233990666494664346049010709409801590406     
     0388286728275812177524669054440270623139851700843519489947338549833594     
     8076723515831642219121916781556958084041567573925012629942067079292199     
     5397871280310201909980776617383510552595743546100653741151730700030944     
     6726569749372427010784695193961407421488460411895437468993437886738403     
     1798058085565684577356099110976084155241788706243678247195263353150075     
     8719370576814178669618808646204537087679321759725469317350634788690861     
     2890945784928946056400856619065579619624859164670400292657547918216682     
     5492648742050484237266551620780471806724281082837889634287172466929309     
     8622035205625663009598243206828455259475774140497344470658017682979844     
     3428669524307157652619005632404683793151509419759659725646129660786162     
     6748135644876427394416744485904967188639833286761547950532024382271722     
     0002855469709432572290639084009015144762904351926646883988611933741561     
     9307599695382089357293454070521383854947137358434227387552045669200937     
     2818619363706607053998766745158531483889625486623737060908754061939984     
     1344666750923504213667813061199340108584160769335928178650501600192263     
     2343607654129029600701646135853876097969540074698235867117927506417836     
     5355283202500833702107836801090032155140523244749992117313830696161139     
     4315135992276988476789109271375349769203853492898480438032842627924336     
     5030184184910811263784914974955821116626578383005525226018039092741239     
     2619663030659095540457509926775896393360904728678276684326353038811610     
     0486234975500070331224341689549437056315892555960826133088297050669194     
     2737963713876118104163221906192178384170381435568342429883019244229714     
     3522545390550121381630205330692941738432000039911943461329592077614731     
     2225415546057340616330547529883297217813601094908261605048324826769135     
     5955417453928084931458505613571496594974970596389367596914652655955268     
     9086700203969559405570681997690516941321372277266619588256358133139776     
     9275198727283082683824125420283382788287347304015244628087626123269319     
     5149763893182118553544483184906569692237431538567077147307127400470320     
     4746944247478315076800310327437209176743773382931986702071309076894672     
     1820866203893520273142491124697980620543354204078902511425804155703097     
     5843196454050485545902829300139188741222651306405682644117533477275927     
     5639118724511562004882694689777572796993930429339450552906532464772002     
     7507653456000588146500612995927942936817947140680617024748437881443834     
     5510400002185817887164011479205639934646613000896990909378120480538353     
     7741188377836462379585292254745177941543851624658979155611195984252303     
     5856115082310462119512234420908490706998723453877300562649249986523853     
     8189095309509286692820563432575596697945137032305504967760115989383295     
     4122469039710113353017893278304069751311423440180784497119621419372643     
     5316521655058518983526273898199754286247206505171638214857674478064520     
     3442594744935611067741033506676535308975555040417800932703251440772827     
     8066046279258186577645738871195811854968614549976658961448039371612184     
     1685905329585488216798207007241829159622276093411743561266296490972755     
     4904747372914452704713709768760416471292234326660507973650658941758658     
     6260505018430360525379649547985897664331100215923231117845748935812431     
     8203333196877339335202961509321465087316618693358765250073310422907030     
     6108823058880835862909121576667133061914443848623192478519535321082614     
     6095756047126474719622717356355897269945890174025035553145605946471373     
     0508041754984879320191272323307446036770753189114573324712606016215327     
     5924886461414346234465852754141843135418731178483442838453363145557806     
     1631520905358960217939441082939648566424463426642581667294812470381906     
     9501395014109963429960492159014923331300625180655484441395595477351865     
     0424604988437150207878886669606293063155695147891088423360959851298185     
     9643923398348779474863437931183277586207009284045840947332497693907282     
     2525542493763240977753323768923689040463547514020679716962171843527648     
     1353947985996031074731713682322800124736321514201913725806888970932839     
     4173160995468264779647753353701465516353810928289712485294591395238757     
     7865051387192298491730921764144509055572412626848841945147213246983335     
     6477813389612794027298643798714991876485612680014397155087703165954905     
     2766571115744285728212622543461658237601312409163182493533975505392476     
     0693309019073148553584663382872822253906077782964875519378203519672089     
     5314454595285127195940040439271352351070423965197272285982995660162448     
     2684296491930973532278165828264480158838684659507787478123784667144275     
     6991893778089994725056348491074549611866193455454326606847014627359368     
     5612813025829135421545345454533104679687949427620983678064079018543787     
     5666632490981371328403149589740587079067845325863964591021656780207557     
     3136458503542729522596949635899758354902973303280815556560185169970145     
     3891147639110112632264913451662136704747467213339927307789108719046936     
     1574278603011579128055349353215113175391821724710273431984944416955193     
     5659672643909199053243887623868623345734840077527081129617982667559830     
     2108112109007377001129210459188680772158357551680216908805271422558242     
     1542110063578781002050317865132201642908427207102776418165517072011410     
     4215704581907682176339148476004686080318235498024727956942326730669081     
     8065016188660822504333508038432446178566210852252372754771529034588413     
     4720562433388945086104598103732796774213744633562371866677046040211912     
     6477184878739312889419963434449319254241074203176887557397610603763927     
     1442643307162162063674064615689180519762906626419288777735157181489359     
     9555823826792365440611697688610509705097621082126338442788383508556366     
     4621111644231978065773112207217566153586870365207563874779506395916583     
     3933520810385829793454902790262776532969368849742377242360723976154892     
     6849615197137634173452123875179456016534776694215851785828591579613041     
     4845253410584597241641045296652589383890722640542472067453273956657455     
     8902465225175042751833379920703917508323399251995202577691323210440762     
     9667667842629761414205450687324026642813221545706917258894155682631166     
     5057165449073610298227788391713208719233959569578369064679396641133950     
     6749487876010332611416300585308809319917281881321118474737608925408347     
     2900540111856527569494360685517714505160086215391810860893902955287627     
     5490830292833551928638503774380897185757360828764323885954747797148408     
     1483594187301834755545537742671435967634634859096180438444038840491627     
     6437041341895202027300154110439507642605456090236718451042451073523613     
     8227169835881640081657658247522833205310302343284456789644336428924423     
     8693860341006134895127781574121838312498223965014093054897399442004456     
     1470336892592826503733613018412940575589444360901114228627525271013800     
     3941801631308768669927798355723789436117547341201330078820565274694319     
     1650198215404504399784270856343966158816229730943812672520817053530463     
     8619036975329650664926551993111791367683536405436676538276764780199726     
     2848000000000000000000000000000000000000000000000000000000000000000000     
     0000000000000000000000000000000000000000000000000000000000000000000000     
     0000000000000000000000000000000000000000000000000000000000000000000000     
     0000000000000000000000000000000000000000000000000000000000000000000000     
     0000000000000000000000000000000000000000000000000000000000000000000000     
     0000000000000000000000000000000000000000000000000000000000000000000000     
     0000000000000000000000000000000000000000000000000000000000000000000000     
     0000000000000000000000000000000000000000000000000000000000000000000000     
     0000000000000000000000000000000000000000000000000000000000000000000000     
     0000000000000000000000000000000000000000000000000000000000000000000000     
     0000000000000000000000000000000000000000000000000000000000000000000000     
     0000000000000000000000000000000000000000000000000000000000000000000000     
     0000000000000000000000000000000000000000000000000000000000000000000000     
     0000000000000000000000000000000000000000000000000000000000000000000000     
     0000000000000000000000000000000000000000000000000000000000000000000000     
     0000000000000000000000000000000000000000000000000000000000000000000000     
     000000000000
