     5637990370854903150964415364998600645629743537966119078962382376015247     
     4055613423877509844829724775263110758729766797044324279365528655511571     
     2685413586477081407340579315656593273036618351705811616076754146102777     
     8829928621576693389681234140950957985988974000356629312397629684507062     
     4078707876160445715580889756659506591869180804260689894911275632668752     
     3900942185669947528862992176485513641172506117414459958604135270842096     
     0217332874129588997160223878375571075194705071810234073834314910731914     
     5096484594454158164649932910926563289982757479469738896535493854899922     
     9578334787429770375432725274720373310274687329001262065862706375533684     
     3563517891261698622964456408317383425596547999055055419983706132975726     
     5147613358690839030043744177044998454142222230779531335538143667617041     
     7551906355936117591768855492040066473602580806760180600003010775774132     
     7049208224807951065655475921261795808506139183869451349457030278765182     
     5457399539890812575488322662830643558887288226095335557473004791907966     
     8779519305123174860758118012555120479860962216976163089190937301974261     
     1639111216936345352257514380355237399608349693158465309786342165098424     
     1128815301952247814245137843516446211228402746521989455239423460278798     
     5145210501002435670822578453801106677648012284037356601633007284410303     
     9243695658118993540112291652264838358684626120103658702416770654614251     
     6601184553756140679585319258992461837763508629343213712683820144558815     
     5081415278319941952040247062009056162232739622471678831178003058900532     
     0628298936728218727685232722440640449603658613417511870288678193695832     
     0806759980481423499198780427686942898491925329216158334385983668580712     
     3215422926556642836727667841237542418511770140555262160391223152508941     
     2608168527299917865036145520964491228569904007413297281077173849498954     
     8006737344937734644077257799432928082064182356217875358068408495799817     
     5122329164719021708963428391922689931600715609942397314677004684813974     
     9351434748462665294443143664800395880268065386227362275292360154741718     
     9264786175764448784986051489150990816741578213656252802634109073324711     
     9902313873988624739336883368254756831679082528804746761802908728494499     
     3687119936214017825153462548152892567436968809443972537274387962703357     
     1859943373637089773266609032699013843055136854803774466108495555164317     
     3921718373767971539634075681187725462641237042530321909960454256285703     
     7915138865248104564808167673027327704629283155964799816768266571357475     
     6826931686589723842354630830227240502930239929172369346060474749881323     
     5980839089950323282751155531960209894755295058049208585062620879238460     
     5666376567003075797500686026381802904640639998910634071853298709199111     
     8164548283102175341292555687709057589031650301118630183547405536601945     
     3551908655897677567592768055516301252346109050125741845800908228224222     
     0528214346502958232256349786466572774420259100220595762035690849046522     
     2236922388802415728728387560571324745553393873090778864905319925157311     
     0833397331669715279994991580638214125824513790529779859171586419875800     
     9331479732973023010643952791980644993870649728337689330003210579724087     
     5382300820014286191444537671970241410015989756200942464665826669305444     
     3160536307954715201024935475261555789502493377752528946505044918382574     
     7885129648311786753350265587633134836430891184461587967100319216147939     
     8632657451355204269663022307415390093287768438109375233756285922886084     
     4315592208953546977679320597803608949302380514632929711042948143719875     
     9022172502359078588472738493001735582078482295304169499892949835509968     
     3408226834982800788637133442717184161116825697777973101163417013247165     
     1648901614623513828994001507445094655989245520412101253805486610880577     
     0183063508470519031839420990890628077284317075945790203862696025562179     
     2421353582055489903153489908878424018963772811319361667982513307603338     
     6424520280601595567377396278668004446990962487280370959382870924178769     
     4250382637990314087255787797444344522338283133457407865693845340314699     
     4721036945125694415902566167651234301072813550036867576323873303315765     
     0646565443818923176060570771944420646229905945456393686581582089520768     
     6616263796080522991861046127318273794399498706690985187391577775131523     
     1156465724908238714551762397214732769831970669203890038648882044865431     
     3632556296986436848237908847783370295755159267328424225146707111356498     
     3339116550755245511382285250423092721517107569353329888197596314852315     
     2732195472491313724250086487386562679249767702368017410802463355426185     
     6971114573437005508897867536124566246310426966884814530232296162788284     
     8505902039981245907006323973495190751898377837170344044980109551733726     
     7434883359357348725446163228288559850827889808852001452129158977290293     
     6173944514622250134792613773693615995206213523963514504797862031730226     
     5851230375395812091910131805369429574110967766048152745104408327095112     
     9024563014881998773912005115263246324955112715751829765455501522029952     
     7711372328197670311658273200618181955477914456207837288042004316077040     
     5727067098751466451420031497676423513678630377445485652854795044614911     
     9224464295324916450282125960366881003642101022303978406688056233760761     
     1723770465050852400681975203282160227548014323872475925912631364930889     
     4906217636403836680628370357526876194010064713827006944057785527556798     
     9876992990454149998935923589217707484955774052937654059517570351299333     
     4931078657531756844847203817713924766482387817314963075134951907118095     
     8861342870943982542576349518610217436455966555805847758328735766163043     
     4270257366972742694524419927836115255673789798586524447802105739787025     
     1555628259949038460098240426135892006269739290497860390647424170798104     
     8050052466494927532494937532799756408484089817832776797404833382341422     
     3737135200718059977174142986151408325468338122243354493509016606220294     
     3729033766145482731516394059379156782359075009977059170250722479100511     
     8402814063018017396922349582847481883990002333315674078168312546131372     
     0356402547063043315955536691055203011051884719455765370830353198109929     
     3739061573268528931289369872714150483562368514421164038246836721888540     
     4592346181178838112123744740235685344690058126657418333535556079694872     
     0146311126858709303551047626703535621820619765739158147723166177041980     
     6639952319734325440093166489064113320791813850040383472971522839528308     
     0445809812743695881488649008521969037064014803831145473091309169060275     
     7711331202455851932798630878583312998358166146264163401642396390579969     
     4602586099484025832097800841230292789908202194266115936135172672970812     
     9266242725706467353495948347049677155209280379481688073210527788666236     
     9251783117482541544071257923663053867076694634138301428632233871447419     
     7496934018313261862509345626028986645804718014377733593142501496353010     
     1768705691834571049791135219975929968134229700053544993263115702500460     
     4185712786436944938691873633012597717724709097980942035514943413858344     
     1209530104893316160280227897782339171263369815346287313198353548841892     
     9143788917367629294033453207449924901875653995904956776775771928162384     
     4807383571907404941066641180827138551585362395716793195190917898334692     
     0487440551415524117591632806475491892070071417575654881998378895585612     
     8778967463969473521841075852985097393883631859060368893450953581024371     
     9666837583565344089616696593385147193609236972793084743096987856875891     
     5211822633629284359913528014362588638429529907895501894392551102892561     
     1064708064699891874203141536993309180319640929397238007625568240659694     
     3206063309304754778912402009603159670264658258471137631889387986875678     
     8235571843757689688734709733789093864364159006969290008812979256427002     
     7523924883338152109554325422032207711804738163044990214467711763857683     
     3789963855430092013528852457879979747628791913560911158206729423974958     
     5353579865661918223919871259299005341942493213979148028641357519563435     
     2576391882838826417408130263400654531536016237718089481878313980517669     
     7951539766609757571133623472865185763297910516882167955712403100334900     
     3905400646083488035529178572960711966628445810710150078423423347346451     
     9393984162613107396379062808110840849039076675903050612147658208217154     
     1439930097450533541391572753108881663687395605998716893708564523974503     
     1319117257159586181685289093870010565810708376712787597924107527684268     
     6535868706198962185180799802327976411920160103505560572952952241102598     
     7970271330806911380394691788112531213254342155478397605031179739330906     
     4512033347874784190974626395156819416533357907777571077620433057911495     
     9331362347816665019654537832942137952095754571322975203550324150376363     
     4700629476439953405606349958799936233187777190008487817017621524922423     
     0102387175784700822580251507485876092699975655479984743935924650389677     
     4159662065607656170944256516212413719345452153547344885756046368536405     
     7749377481668138898212313611143374181801652582225899469133670831657468     
     6601444465365055526982755080956316891111966909101093147540430636943752     
     0372009308443850399465406863675327841977061494544188329459297557224352     
     6917074893531878150856001287152690142550460606213118331119516909895574     
     8026671992656006550317060264027690361656914700538283431073974713916086     
     0779247299612740234332544844421002427092511273916326226242359232667101     
     8671212785335161969720015892594119407759605842381588860332901720107888     
     5085813998894281706683768576059300217268833025218068465477429021999090     
     6384769269269803231138765042149299600987669107729222486475960526670609     
     0911140247005370022703794817742701034115276928300947467996598039765510     
     5077214341791236813710882103428805057750099424878441732818288663169494     
     5431455638277209363626822896022835059014321513807185469772833339443241     
     6958915436603702403471585004652931741823283893158828267260057328369646     
     3075903516149242097376449319655274020733913102120903626451322731596115     
     7776258518482993679348697804232713904961989911784207900154777020007571     
     0738359910400000000000000000000000000000000000000000000000000000000000     
     0000000000000000000000000000000000000000000000000000000000000000000000     
     0000000000000000000000000000000000000000000000000000000000000000000000     
     0000000000000000000000000000000000000000000000000000000000000000000000     
     0000000000000000000000000000000000000000000000000000000000000000000000     
     0000000000000000000000000000000000000000000000000000000000000000000000     
     0000000000000000000000000000000000000000000000000000000000000000000000     
     0000000000000000000000000000000000000000000000000000000000000000000000     
     0000000000000000000000000000000000000000000000000000000000000000000000     
     0000000000000000000000000000000000000000000000000000000000000000000000     
     0000000000000000000000000000000000000000000000000000000000000000000000     
     0000000000000000000000000000000000000000000000000000000000000000000000     
     0000000
