     4003846747593582199859648779661168900407508656283704709774848566172986     
     4533859238036965936479481445990839864649201051569072829231645308300801     
     8869784039947365870242347860375640420649780723528986997929557839907149     
     3221266589407979833080293783687230349771294670945197698839728579036301     
     4665558700964458265551190872331030419826809165588443235374828884294093     
     2497635879304259991953511936639862289220088249867505871160896971462494     
     0252254558014036213728901779125195382243910267222910447107911252324073     
     5532421715413643697221375751129526119246411241921530928843195662232479     
     8808883812714831054886317524237593298727869538641657472889982370426495     
     5984451984611968550009441807652024152809357260841680481756105515788114     
     0128984671418140872840739285329977837495338411264147978045948165748875     
     6249361324268402421705720717044858212411811839855273624674171804634566     
     5184292268355146236016738734514207111920489920923297986438125894294819     
     3295473338843842889921504430819704150623616114980799177988413975071067     
     1355685931693115955460221253071637448447071212121470695334815103889333     
     9908661373808454651861207775181401017196855286659279508571309494590978     
     1905524153907683539618267421225475025625200883652591037938887411570264     
     6023593298669584352850243756521527478695615793417710003379702439601009     
     9090285528628041553376012427225179394709575827836412704519990341177115     
     7322046369581864440529930429381506326240567462700880758104701092766358     
     2567191550364564536000791993761507085922623773150107030011356026794829     
     9396272213773871726732773087322605494231675527628472283336618590712006     
     3024872234429512140065508231570906866462618458522311563529824527687311     
     7182882617199249426173385856621754303490470928081333087952908544920114     
     8301867924509707001213954131909040685693459052896489152456919214538937     
     8425709354646477182009433953488029216674654904349850071752706279157170     
     2853774745202761482962182473086794641693240561928508337558182663148604     
     9408648049828147732736041695812158377749662437071111658194162971880316     
     6428408536728432765756070118947341785758735080004146334948761609766789     
     8828765801364635809769697998819853301907847680219298940685987391411169     
     7261511262009472044488392504645837463061800918102539250103897560238132     
     6683445151582471709359525307958819290937053219166602570288036603874790     
     1651650187736905044372389910397036972698851238589503537040863123199725     
     5148573337825642622941056013965725796835631582264924538949657787280130     
     6371294307376561989357173456498785085743758489305454089578244575926384     
     1029273161065715443993780160899015820759153616238272751552576440340532     
     1927680388142614517367933280568153227042659466568988877980539292940642     
     3766925091781669477361615302176361339087843129708449801389760959558398     
     1493236687308999523199097168250523534085134571078279183189231756402032     
     6922850483121862737920000000000000000000000000000000000000000000000000     
     0000000000000000000000000000000000000000000000000000000000000000000000     
     0000000000000000000000000000000000000000000000000000000000000000000000     
     0000000000000000000000000000000000000000000000000000000000000000000000     
     0000000000000000000000000000
