     1337124105424785766121027266672051051390737365394610956915672424765600     
     3442719064539756203126008903861464041243422465749627067807009316540230     
     9012479714788739268185962393548339996445828023163876179743037466504930     
     3686726335485232224727246310900094399433444411695583347769926030117165     
     2281695203669109519528987192721960598985889940373829302658117663357248     
     6519409404847173326408341158493824549260890113865452777795360537241390     
     5561629230091979773741422541137717536928347913618984166415393088397175     
     0012884640087741110536707539476710286611986997621018363897536964211711     
     9938601248577640149148118797168136081091229626950185143560947101813614     
     8613930061542151447553387604835597724557447041260058137640262622308224     
     4547535190501079855460535404166197267714602990015392032720793883219834     
     9034399762387557242582363907075763542554680963243165338396850644971555     
     1439178300639040094935276050067548837709765281615306640002983994899379     
     6854623865354878263131514703024855179156714118992496010356596384661554     
     7366071923782307456317689686765385943161064573334497426325418928523626     
     0927032849230277855189289655895818269590441438612696761277274994038396     
     4604150058277114591848173824834023408061809335996801301279296039838294     
     9996965107652420246542221803812012344642630486319869352172196349704418     
     9616368201821364201982046555573695315446054652975118128232123270159587     
     6278762469521699821639333983767403892369783464610620525959742640948978     
     8044347553465793465753995447631803450703829596405066303521358355980822     
     1983971829296644792874855244941966020240423042166785462192501137342825     
     3072846689615931635732697964613632327914239142499942243543960941396964     
     6598306521561580610135439625643972863842288951925468380449805937447259     
     4861470761017421067712118393686501606540113784377294132618934989122172     
     6500376195895338252814990973012887262780965736130931679415905991800779     
     5996674474310646227706506827725198557635185105146168516254763143108307     
     4989143638245763030956622759174579494486789419986255222874919811080630     
     7036980336987605928487796517777358182861013122258526600421758540255742     
     8003806921167624833943377753204014807624838543929383186748733846224784     
     9743848436864977191840336701296123538216822705800685596519162192437840     
     3893340263809099362834585373034638967824039045112657271877616270880021     
     8620722687617107096655152315176081515041587718477536274363555340013097     
     4952571159757786985707513454870736314099007187996826114697926289617782     
     0615053797277185990192554841438042794433598761895547018248513609592420     
     0342782247838371429875438000019401221599459493283179949903826304527964     
     4651127373862357047956019960485865576423161270338346773741353911093037     
     7061721971702440769251560260154855153887777309896098358495068424812981     
     2511757219507369045695738667114793748374909110289540153243456163701373     
     5838465781372304717223715807457160186644429340869273202839880963429332     
     9024259066727964401178029224851241171356718531236936000781901151345898     
     1329363429315758695261154051785987377798184997273789183290524744513556     
     6177169788272540656313670493523982739166267733528320765132540955466440     
     0568010255920931161441990178274327538067693721408944750027577035850997     
     5294013731556518563812369576632798593250005566378841020551302215516616     
     4912953566441833778627113873220831397342902029877461153731890309947272     
     6643879193565267966898931870745833390683961037931623142812244693622096     
     3216001552082495701322645425957023479350506601470517893924490609187765     
     7537614097957021954905885557289765883458401566501540978965477592497296     
     1572403290994635500758663562995096910365332444515692655396282092984534     
     2695722002241074404034465598045502035139045527572757431927085973593747     
     8760643956268527667370654550024436544939094685126454749672262429493114     
     9433058657471148562109292603087933009893370089911901790459420647889685     
     6911188618382040014957854708870793047625104818078483817119445260685456     
     9899544199033449641073455808901492880872870694396448192150146479978589     
     6439586909639402474400331615472693414755947157773256962596765894630891     
     4950167017656762862885277757410543996292121583491063281980579348593777     
     5076443470935599389850595848915964652760953539886001706331027441117701     
     3592245961630383196765247939960818286017457860189272198119872194681164     
     9519245185388746649895705038025449646938144791305578512302776546862678     
     8443726971073154221190622109248466185771674492116109108405076673444337     
     5384542505829611682496840483410074689113790492935212167563143459824903     
     7489320300838763032066610467152509187689388200743536804195689781364170     
     3067820899262028505188776154208218859604416238227691941535966917393915     
     0930824140097818342103646303426480657098598218640483779799922588245724     
     0854204580363165617622906417370269132110765564808568401124388563317526     
     3457050240554676293699240704943597284162264718797976479793919363623590     
     9223573102549489195688025221358542669694285105188549913265609879540091     
     1331243513190643597678461154150183867733754404216491894324713838350711     
     2228122440116326315999022704609059614496753421390784902716516851205847     
     6789640455189298747896342410647251683224497936583916515108447229098036     
     5385872813234838522796704371700318189645741241733056464579910957872481     
     5646420321913662328368778403487083424093847450455220349215133350831549     
     1267501401768850032503749768839855527067619686195849093415632758197104     
     5460668539236236517732896302730092150546665416261421401593248057571184     
     5790417807504885403422156043464567003063462692666858087177783593436759     
     2721637173410184643846970041603476091124164296741982685098047933166234     
     7332313974936675833918868765216047064367626776917995185490225050640669     
     2188899070087606129723964204675269070506836800973793581184654522722633     
     5231266497681676655709470104239071680042947310691575830218625682785734     
     4119549536111729153757455174781143383374693751484464449175677442622210     
     2006618157378344887644642466926776577772903372450373497900211081916995     
     6725020011707961904484532036972563934889051462457422393867484772500332     
     8844215409544331000875049259826798071494526026998417044565577859045161     
     4839947207841405334471676932763843140691426664582828991121349215404234     
     5007697355336091771679713919919232761828037610560068767642149702468390     
     5164245286034436447427531963874710351315709229432488699912531772791309     
     1602439944129932142503409550524807999392561842079138673007203191243569     
     7232021943394077696829781904282242911910572137207764184176184468128587     
     6108647840578302798039535798183532008084959579194096305722996517023727     
     3115254027444425922712248273839186139764314753560325055279683426570023     
     2920336919112027515099140452812937982744481936893163733005840788108208     
     4672448991006321511687611096963645189152872645230068489473350736589396     
     4376906079520260674201676473128866807942120951380742612943278486272592     
     0191566113753525897540822001188091451428614036743304126189997229804462     
     3259302488141312056433202190146546327113585270937887888795674224150383     
     6415689677347951485148781105166682885602143490138358087561571573555373     
     0985921880803523689466513648351170875307154863533316648496461949899792     
     1861341850801698077789664200844134851773993310656371687464913685799285     
     7124825322582704197981857366037173270711062855266568237118098793311199     
     3289230676975550334877038239136897154137532596830302777456379924422572     
     1570988358746704980951401993977569038732360112907622293874179781391616     
     1228210379167355924134726239338929149155706728539007073049047185632175     
     3022614554367439875638958518209719226434571285496884442221521423528298     
     7369673623566678247544765311774802552412221639343052117889888323971445     
     6736656974144204128224422355521579748351683265525831263091448089844328     
     3482223809180868740532985563180377852478429380700170188488771785696543     
     0424839799728235224537668101398006359741435640315120868876877192540800     
     8956415185836731791611049683967480674058016582646211292981175457131237     
     7697993774578606331528769520484471993312840426745624263795348846204261     
     3769465493636495170724590585235269267152910081703510813823346327151212     
     7112015103753849854540988931058949629241670606757940469041968318247946     
     8072618927538906342345136136318349758209222732374684653961677300996899     
     3434316288230646364941556005418798862881311822211391442187994978989833     
     5081505623136046670468489930165337552239663666081950147737670794319803     
     7809752364886160314566562680318007328798473808123551773641377929357755     
     3363020050184300369515442071111214340607078148414706181982202152460578     
     6323441159794122076877487406864030095519825896438144713890215394668047     
     9040580956104499544007039974473624566728207990973810103025665567448169     
     1547581588954520401055938634632733724288978438622238628129977933728096     
     5766238739124994162011882040903614721249030610882997490732299752938909     
     0992446849096836486470561081770521053768960298240828124559360248133394     
     7529388430882350548833713304068174118757086911495458168548585787080338     
     6699430652213216815621771837047785529200910185066600963489819342902657     
     0240000000000000000000000000000000000000000000000000000000000000000000     
     0000000000000000000000000000000000000000000000000000000000000000000000     
     0000000000000000000000000000000000000000000000000000000000000000000000     
     0000000000000000000000000000000000000000000000000000000000000000000000     
     0000000000000000000000000000000000000000000000000000000000000000000000     
     0000000000000000000000000000000000000000000000000000000000000000000000     
     0000000000000000000000000000000000000000000000000000000000000000000000     
     0000000000000000000000000000000000000000000000000000000000000000000000     
     0000000000000000000000000000000000000000000000000000000000000000000000     
     0000000000000000000000000000000000000000000000000000000000000000000000     
     0000000000000000000000000000000000000000000000000000000000000000000000     
     00
