     3609789288731814260346243281099561132934896408158844171820876632903609     
     6262262188235813001174668542325424073125142192033277298871978999432323     
     2662209921965099848193429113996187953463694596918061624173899616978458     
     3267198153087772377338407263190921051728457371750286099851307898698194     
     6117637358221788286882890689260540913312515588923273431543347997158054     
     4941937752723885955636884299198746283554553507348980106625430064922985     
     6120830476501260972323490361522602702257295575928539974608998101487178     
     2066864550241824132342215797074773677371953242297078524947067090807220     
     8860265692233239385582484052718101849971151152088035821502711884603850     
     3453552159549672357072111360632810108489198266116764694413409780462147     
     1179991874117955687331875555610159952103237129254094460519243246767978     
     3348662069486898424195858915594152582588328999198249415066352953387140     
     7148706790961395481970703972698174971511639224670432747484430202404657     
     3960403498356033068314484753404073882121641086408631525970235450210206     
     8458150193930125818207331486268957794712013912855727846094450040682373     
     5181015050452369454624225043293087464586746301160278999107319040349629     
     8727023587574716945510246876810219940179682346164982840688083909879999     
     9482612659677241494248250013998606516918138971666495502246597743302816     
     3806399638292117220986003655523549746612108516017358126511942375495741     
     8877301201336406035061344272218038509826450499698543460767858682607895     
     6568255999138858861112287997299781627559182173431676697958558811331909     
     0451609633366435506854216609580808997940953301396000194367569886096533     
     8542899152789560591830542235185568789843125291768323804860145128126494     
     0614659743452059335393086981580878058863145815667273034875108951178055     
     2589357258848147368085362472494025921936085680547012993245486735495335     
     8728889971786277901912149732596741662797871811952407834595094590887131     
     8773811999883631622157341768611779866425879492718233516583117375637382     
     7124956847789079065225971371599958725709957007763913093743008377378072     
     2358981174906561816685986004077123427535135197450437380157429606855711     
     7470465039288122314291346000869400825091007480642376532232810851649611     
     6571105712895303840991766719498971693903458984360943786441393177579786     
     3213300961536455704626590502206851713225395355456080984769220719049498     
     2754752996092040883578967916720944851505294240558452774139143019444259     
     0312432443705172644188823052107983871118905879991393222579207661451174     
     7599204982884442505779484283264212137613671185140616414581985133779846     
     2381288438021510096913924604101203305127770493405438760325749144885434     
     5596177344649443233220339614208744044695770422560719840312357302505309     
     1985648142726044978469502030836940028275092424734283581639453280306358     
     7606017632602409883492453676241864264782388293121830974745521131379062     
     4811066656689280898506620690900203904857701455586313716553676435532636     
     9641271764446922709792341911911580714711503585440189281411545077344802     
     2612254275324676792745081806584900278150785948359887138421643433878257     
     7424497459641411650017808054282986132145971949225591353732595624294871     
     9143807160359917884005062720677556633535388242829058852898997071412598     
     8019261351064684035092878431518490689408172474496126019549470761932492     
     9510479616737562468955966075097550857514041042224148447359762056008758     
     8020353000102971465848728947772380934744046373038170927725657989244300     
     0984596223508824268499897505864057309877581137142331892040427373791924     
     9387760009206952460045768900069865775862265619989209917325084981333843     
     1453320433292984470086527761533313336061850968489581793033957566110098     
     4171853170151960025973787463009747184669324049331174552159812926013173     
     2548900181191685601708416727688391217538434870487649179326526434872571     
     3855864031673356051867230642412430669828143353139645334494571893518097     
     8962588354160765172713728520132074081917590135478098056006484641887021     
     5678372402919352701388627912522998549218029377884306581121083528278023     
     3010627346932611210866556046938575793700255954187538795411408380220810     
     9326045605126983904757152209125129210856731752194739036215866928812840     
     0776819767169809565908148216618903097359653767994982921060066842654033     
     8675257609924731985026740833120067185840499187970125080706736404508031     
     1609044031375452835694735334216859669904574171966650471585870583059246     
     1747739666696401376389024159127856342186792641225387970027742290317148     
     6756795685602655949265788035729805485324607741225373306802716891950153     
     5561623142349260304796160999200386374469582269746706028008941737516032     
     4074823647909711634732159994544897495754630990989620101696022254534952     
     5805964980936416402327987776073495012708862069655236940345794935567307     
     0120453897974843399891705938166873339337255096101210479601320068314398     
     1193810140728113939657827412336101905520147644628685886424043824714327     
     8482740930171117402946763730312518840216623962629841385130830942453586     
     3677534324366482124791333870677878524685621358290676029082546182031715     
     0226236658152334728559755262134861224924189217021246628585769542081350     
     1005269385997432973797898075103764020712619066268809318659707054366554     
     1664038581972777401555444784920743086672870132250348470437639866040492     
     1435068441066999075496766799421789503929222977308168635269869216624857     
     7929702121440920652000543603467197445123442346180686067602576713295587     
     1086711986417449273848986303260743698786490951085312206658550627714640     
     0534010480329084900203757034047607387882815001359370460042758780704297     
     1472880624602046010056383930028958481863056677893069810081778340046895     
     9316820413982316743543771366395032732976808335124016897069738544322946     
     8878570065406195563600868690109641171887808894886953873806069828892395     
     5268873747225723676403377692535941464011782010481684360464796776283778     
     4150373813498916024048183405894525386247537432044561432186985857033312     
     0526311379125076966949344553961484976198325238738326745094204614868734     
     0419756692380768696919572698482087945920558494727010730937577918286638     
     1939220054537254306601015663658885161391164862062584565217160229259817     
     9839115260360797023511231745174671645219841162419578337194749364806412     
     6852154636419193870416129179801959142143034513787024079766220828149001     
     4137506100068783671052331471035454733141787620812337812009139942948437     
     7742349977020325301700051191566827214676631058873613261533120627395526     
     4808181270271368133448920238153843674974754556678946088980402449878852     
     9723591355415610671180277961225337806030989660515507574417346342071615     
     3296930312853453243378000085610300596331732843592988551587270861572315     
     5594738052574428320777804914599705242431358105963876776409662266347901     
     0043618925234489332580363855710489374048512037701577325405056872800728     
     5028892507988238967664513389725667910883754954892803432980597388006500     
     3710574570783792504715406243287197010447596993040286456338060473607148     
     6985759353392282173535088468472960310181398768826021279923592381398409     
     0541305657459218421019110543239756413592481121660420042685345470861299     
     8032106771614259961862717769218563351668965740589606363270755986406510     
     6592713470778809067318556344459935341013919174832342647821570478641126     
     1451290810357350461488417367359163837287806852596040372398068128805781     
     6118256343348247028153897890239889914794924074521464427523934377340360     
     2387784321150380440590933800147440246195227214124504909044325953992545     
     3786898730040369669281690117781933668425210543202268651674116947420381     
     6777565032575607910639568452577391747754641432909540108541063544379718     
     0506872194119520331721695959939424726455099754009905496431212767186827     
     5425045705824673934109284814419243770218256239496094013964182944887874     
     0654588152458183051350707396290038674288530727233151568193274331226557     
     0226444502039414287073511076835454876560799113447675100663933794436201     
     0529258908801817606125199896947169878588931170795716721360885949951018     
     4012171996142846733499247107233683779574177494083728923192247102095996     
     3338756520520559614335951122607788324115896260534659527179218489432400     
     8376110958925726737440366407804201301679005108846937814496774589772255     
     2935780927166597880842907841259421680344027448392363096639084208312913     
     9828909988988949815785044521192843021109836986647518400787450702836056     
     0167683510664068703525938977939875588441924463954387087827953412830597     
     0295488350587518059152116278233982930573507489045503657662866565618823     
     3871876309249281828361476724941655133513662065655165466772730153648505     
     2226377125014088599354518321129942263988084155490382922943699616059926     
     1205673598305881322157931661914972748392897590647419749508869583799821     
     9429192032798234534689079567853964839518587672293398891662205927847109     
     5744228565275033540857831048920247558260516114303016375171538948248784     
     4314833893624243685821524538282945529994118186462443361971976849617478     
     4229517874856270176138213817971984568764512840003356977809775676496436     
     8003725808038883567988875177222033795601279201230391407058271747251027     
     8075465235617438607643462936492738520853340221863589343203654750283538     
     0677984489098089153416910133008153049650265355760126766617064466629671     
     3527999856530981644619935661367432726390541517496283139368447424985640     
     2424142970729111451581132127045379472730075090572750640416344621876662     
     8512693809781441943183135368697083969710039156759143879399756303768214     
     4330500471442611142579421681112776418785495248353804745888675962761536     
     8637355557283130803600659656061027770361450294552298922132398871198026     
     1478021603191046565566079003823031331604427097248200574134644162966399     
     8034610866776091908452393180990734756932570164696610547333463496825983     
     2909747950172454354361681916608714784576942090131002518520437683580875     
     3025844119170870407624332766819521795275812354569277099375265256708847     
     5245133157525254793300994350156110007428920920491373470728335844754917     
     0320602939776533481524779368221637034657771562008868444450053616894937     
     2794134436359626664021407150079072348955060236800064712656433720846824     
     4858990593338568273559799073511502872839552048144231372990772835764758     
     5832489941267208277321075931925062820843873285867037277811050487341457     
     7592087753955102493590753037882846089866694094240960492959059075399680     
     0000000000000000000000000000000000000000000000000000000000000000000000     
     0000000000000000000000000000000000000000000000000000000000000000000000     
     0000000000000000000000000000000000000000000000000000000000000000000000     
     0000000000000000000000000000000000000000000000000000000000000000000000     
     0000000000000000000000000000000000000000000000000000000000000000000000     
     0000000000000000000000000000000000000000000000000000000000000000000000     
     0000000000000000000000000000000000000000000000000000000000000000000000     
     0000000000000000000000000000000000000000000000000000000000000000000000     
     0000000000000000000000000000000000000000000000000000000000000000000000     
     0000000000000000000000000000000000000000000000000000000000000000000000     
     0000000000000000000000000000000000000000000000000000000000000000000000     
     0000000000000000000000000000000000000000000000000000000000000000000000     
     000000000000000000000
