     1962250105870633989617773698646239750159667523209083851407376509029534     
     6395217533018631462429996433078158195273942974006531269126984860557880     
     8941985064729124148677967715057783812925228263205299921643452706406723     
     1938601736039106425559026035147473629227781634305318461328551077694070     
     4878448584265029130448978875040947722989789911983496955908985493730023     
     6909660820048608442813342811230519940552883336355700067182348008244253     
     9186368081219686088820429017838704591165071248074307824699033139371031     
     9799083020238737534373798362813929580984784869064089214433593108684057     
     6360796688923558409287829502729250918873436328498113327826989481896729     
     2042608336109053746878525436833465504889058115210911819604117504247676     
     5245706951811234245240037895249927062212645305558275386292481367158627     
     3407558501320948919103442072577239930086164578967663838477417309571706     
     4833061608280045612425844939889346248642640212697794852233840243035124     
     9850637549814040434888411545348570493357380215127918272276165842155557     
     9819443820254818758524362990197345534305337958102115829158268323954495     
     0233623653861284614951446564330426461442627307145619430119482618060718     
     2714547897875932121932679182305509658034878353928986364491448206101443     
     8144949986601252736967387579393791149136792950963165613866493291420529     
     6161589902835186444970794131240335305625673984134240015956343931427109     
     4176758342218213504163905866871340562703662529757997126548227851348270     
     8046761245324945786578401167973725726447284230889507738419859396917724     
     5544982021847692137016656966510360334980277020146970272027144698196154     
     8720953133931759907793010729758244318521779272614594668262021435866525     
     6342156839948495958270642959842238153049607797716099845246857906971494     
     5834271355372293882141192116872305953692809302288255358712269097146473     
     7406699410175277442733279729312186108950742886993702085491644642088842     
     2003422996573349726164227902739358308649138998154268648319608047379724     
     3299783237178804526544459650450059853593149221682859130681087426750649     
     9139467631301750674517982003740962813690964419587925970094030717489858     
     0952516726823509629987877336411811388141948041126555616315318612218947     
     0667415050926046261691882595538217413033768724183869734627371989413412     
     9193143356700110926889887522678936827764153153473947564832601025574324     
     2979001917604337864814413528135612675824626184801138682837235510736816     
     9779179533191852341889516460601681248711263892140983922581726707506336     
     3316455269788649244281901509106749695636094614080205293933472608659285     
     2473476072071487204628384775553641925021927778332283433580557505807987     
     8111299674582955916773182237782767459674136854204987768264875305744351     
     9203867153828726058811597835440355622757063481182950336859775069923667     
     7852533611853268599693631565362359681136077967237366628219760504940625     
     3995801938070852157509673351412337386607912453507488954230825448611163     
     1761510371930225206218486912450096633519380817904622911388406302279710     
     7081774915303377756421168771084740546390008688933144583223389673537368     
     7346596835883471375392874821366757852598455034685563463300309068004872     
     6173696450380827021986387893212768105772796560803957572758759097401566     
     6754403148884925705452547561383857695118856841442577296616810771735200     
     6498967518803058308078100120857780294037103117534683076454712061963653     
     4759988050655658308402332692177087008741241195232464754259786625886129     
     9156056339943230036822064530358675782579731957564683633283628458199090     
     2888929467243718979777785994226339423771704133361248998610827541072902     
     1181004934279333433603649219256513969881714505588731581682088712052160     
     7360486611106121989162849755330073474502001220785200135138935189527588     
     7839001217284969547464671959285307890212242792151172680581928125926486     
     9513905084807198052508209195523719579867828077191965999747863169947458     
     2446926291080516114834439246052322116247879274761375699171861039812953     
     1525037107430611839438131821637014125226487440447826505104047831682564     
     1010350599389576417829684092283439578169292770733983773510300923685842     
     4660514481235265307559704019994034491994724906593837499210380610465003     
     6753608895505706034681835866822658518200485390581593167633914431937346     
     5479951720600215776889093938126948794044730467820271459460943964963430     
     8505214823544460522784372397759424047890687278747930982484222268971442     
     5963581474642004980770031489769186866017162107265524163358111301362895     
     4180597993182193719132772028132365391144500205253375618553180951526291     
     3131485308808294181655470814986223096103576763825602437254702767916038     
     4652606334699431404145636922552211239052207916685872808453237259167824     
     2274853143596864731443335199866898234527385248163189229600007958523354     
     1644917014032243279270769515178001301488892938451841909623785870243920     
     4336796569217702277510354839708472943264457542888563299323954231557633     
     2323798628762540206759931244743405034920617794364571375609316880692882     
     6302060889762549777238051809966257771103209130035607292351985508847386     
     7054160189793222019569728056942769541549421639783471633168194995095123     
     8604260216729118341225243947673642050638339721929180698874717795856119     
     7659371069721717720582397941867199933039079132039971889511631093466790     
     1473111904375697525707485141088405233397531727860643737449901689240086     
     7357145372522904917177821027530769515785402134586074179593252942157318     
     2382836131669568018291626064968044913256534773596422074022616059777782     
     6755427884084462456711731928638102786798619902736162607925595418017320     
     3189052574917094316093219849019388539492762355406486760164147966262310     
     0284470126687351758066017047911655932858518436498005404056105129533457     
     3041005654832791006166149653798991542351437369961858551424571840990422     
     5661425629783241547595888898091589851366177633273275332285241449505466     
     3378829975046183927595282025990658011733773097281053227626918055921163     
     5481364467868586169340907672660271457925587539023640261190239174845009     
     2664643325279050368754283758689967844125911849017189821894615982017235     
     7841029880838744990199709514914988783903308970988667852208557916984085     
     6588865083212249351323798236933045167879053540037448167550195024204300     
     6651405624450826009808431573659512359916047016193663116992313155788107     
     0505012406677879474592523265494987073656173463788149489092605210018419     
     3844117993488281215492193029745664809797211212399755668385658227690534     
     6559144730020613568341865307057623835439809218157464549777579994147598     
     8445053425549260398235438235180919535661469976187103344748549789661367     
     2434703626303836415421608939087823188414253910799424866551718915938082     
     2130023587881877928526485813543798027868849620289475817015225749310741     
     5070751346226771702481073014316258525992485733581422990955291806038518     
     2236923717297013476633307522929328214282770723576704565298362890049014     
     9123655836136023689605280962678222035431764980220984385677716051789952     
     4464909950211960025351377217479159321453567119120744184446203701230722     
     2180641085913534821210757813930292625257912400017975903345055149731832     
     2571413745382427816115266516796147131912890496064898856822972514502662     
     8726367479443176171437793158952359301538943404292187185384592284224801     
     4910004868491598328267462103903292263167316480998581893917747701821495     
     6635461859093584716671928419825836334478758980083958298156643339090620     
     1014538508243379239145564582491296881246187256599864433630461205805751     
     7975700876103622622921911085783685661935338642047992774722199819207310     
     7273168410882515417995880615110881572444983262826953634414496152468315     
     3747261393520296190228188404913591263515217234369973468043888367561673     
     6918496185032841571103469139741639924436754996228464852234207413306560     
     3841559712862138456929620496424552803013196744112611883421614346804913     
     4272117321121197315276434540862016884235207256271338045226760925266665     
     3284090419975988937463911006665746391944596335517629839345793850862408     
     3945855995463229712268628157514634566719493626212122416400836494322409     
     0304822391426967217498770005813414742660821228894385628032043635369118     
     6811281441546269551677379280121492806205101593583176472521944837032806     
     7074726268606029911538001721086503768262837824262070257002644847056258     
     3434773730490265364649029926047348263945718406088169594112970298903547     
     5864270822657082561329028363635978935582035832348652228479214193125266     
     7406746963893028342486423099195570082367724266399419476921892392862825     
     7788420182848350790152681787360219020068966206603113773525558172670332     
     8122925734109145512316014112426198073933722545983909884525960796719316     
     2010194042095294396594167132426957472195175180951881128140988229011060     
     5753046718822354312072493638509919618796999935108016663514645643218710     
     1016533084860514654509068681675486989023679597541120979583707323162081     
     1163036143327201037968898270323481487296876533692061432205439962977542     
     2952734562295808918482779440631176663253593314425046383453340738050989     
     6438364572744840893243560137500916666673501867197858929026114235261409     
     5148048284586396371621114940181580767569861691035533380705773766737974     
     6378906611331310945789549812862020120507640465512462077237641357873929     
     7743637431489331348171528720577756619429009073834962523299227886191517     
     9997468118179573032420334153874370247270295620978188898668356464796225     
     4554442703421544048089441663490484927158469228035509384898490857724064     
     7140822868259730600799718195489586014091269852554207760852166674244860     
     0942764361656942667832844072969931703734108920299366441304225365962353     
     4681566190686703321723362868368314019814598470387382049595620949758766     
     8019528367076378708395591464911138602496318446400855508444962049301280     
     4624133618796610630851034416651143156398006325295579248422577342190690     
     5537097202197109366064963228780352676783041195667445038152543650661981     
     6443172762303304590619902327086344857493050993370586093659312365930233     
     0003567925788540247403657845997856553444448818069714690579884774803581     
     9574715788848161967256512856691331304901036272350109404961189911934377     
     2341064968971279880613853593036812946752139708648596089496151778858955     
     8619162534371410551560501208949518704668816219773457417284474376984911     
     3361816345353881736930195323228837131305206767149588952817163262524884     
     3507762403143765939889427373378662886420089516779555746082583645906897     
     8703312006778989938662717028759218724090181704625593504983654476834533     
     6039527226200388817691897878269685909333660225807366098640299865487184     
     3587039400618673188498093924512336592415880495104179177354543719879424     
     9197524357412681103420389259188754663846558674266311838483433392202939     
     7115404558177898173225287321822060041482060465903519144542194710966865     
     4289603238209001017394655325628340407358750169733826337223876624003549     
     3940209590842423750300046787574231297793826808984631878274235861858294     
     3260896046423942293196873086171293198700922615762942221284337577782157     
     6535884669567658577074099499653967955373734783131992457559442509175178     
     2881074046087495601354864450388036169107036735660201169348407415221488     
     9762798818675363062023848638695212536660119433029848486530417328961318     
     9172798301053455778417447851629429980240899302111723833628390325163408     
     7917284807253905317082550319821157926655033671870953477937984693677557     
     2670857151570176326953068379417678783159925231356179868926051926823706     
     8977548764575973216446921456376051045879300569453300959941083619790650     
     9195859582989072795061539596291520465261255091902602424763970182414792     
     1109806820978617011878678121836541781771269182988836770348603310851183     
     5566677756172944054928261968928421030934029970041409118391691669477218     
     2476767692008812154321301310252489919302738314969936394347898804926128     
     0695510813206856922984972078786315800997565572921897745784604122031943     
     0123131743024713280472601001522980076079972306967161802282555492846019     
     5512398426717122776242525605411348325710309400593986651954697177200255     
     2139215928058009154440999728153563997806618019755981809272513813033614     
     4838421707176424264809893176966286475977330293091039701976365181136223     
     0087061113704601245658476653776256025212958336350393899252016194474379     
     5042229442218463332289673812003755870731972016026226605215320037577949     
     8377910672796475172245446328171384658414477205232200343692784714934801     
     8428688166513549589599131608756855987846965576718453918353852409292593     
     4734174078049186859777808704043702966308565806139070274473811958606994     
     5092989512926153978220029570228527271576292992382028922354078425060674     
     9561346553733803135954580638449162071471411465036790174342983575322961     
     6236136926257008790768099411218249497547648375958049100563917494365246     
     0781443035217118606845195451879825401531679147441435552258898312550922     
     6539586094515276676295847652596310011814442000173487278802927060983320     
     2226412615739983865151507945376292192388430950960787774089368995886919     
     8550926164937448914439623561204401032481467618105721408037639206249669     
     0163074516709461785853677299237964954503078084463799466409569009142968     
     2749973955937581129155846155216255315787696940769819957406609557056548     
     7813252437562458636903294355249875547016938082076446285535442619375821     
     0484670876135849957610985625345780379784286916576102124226545294352545     
     7083688851784959134215554681851445483648974985706567010864034959808878     
     7348796926873158143269703775456301427453424999110310317752758547441359     
     7105171121346638416435761321722658468117593785691240950332515620178939     
     8818586131302033888864302662343410955594910886036202403922879996057084     
     8105919778875869563120988399319792976013028339569027659170241872191494     
     4268231197766807482986006942160529144407083539248035415543191304369833     
     1781889196051368611133736899874613236779322729597712237895031654975540     
     3563307122110541893370569299355050476233561599720775867655158436439833     
     7676665989944968099622413793385431947506601733418878813397333905122473     
     3566702506904182447706878658972295365261230300530603575341515785613218     
     5923305854027511965383649881530272498261915209998156693253103896256483     
     3988544391296980575114575600586865851193562292298670170249106960242577     
     9145649872060549723196312461174427458297953866490690262713701660810297     
     8719321590962274885359616674182324902469976432579386561091870056987043     
     0456196965216439578954327965314966975974955237794792506861582713116505     
     4919123438786601166835941548784014079070022994557759423957450367158485     
     1041270242846385887153137677707997716621629601717570658307535239732469     
     1657674636600262889230358440462007745092492453463055505139226172540279     
     3002376535931933959796988901052187302043495271892926964097267894270778     
     7428288509232244631598428113482435357068033820162305801504173961554355     
     1539599588383587461573947370678558571891278048630033133331411042895599     
     7615611266904342010438547370598036976995328520801588899357474882967540     
     9367078167434644720446403804766061880024822034623169299134619888189343     
     4546966893507901645370820911680577356537944677510895615242593168717411     
     6729155282012512791432934341972093404459765820474959324746647458978452     
     2620231710105395327877818737738459176798315988188798037239967094557527     
     9425092514409759457433272585720607845506815790140366691685837821627076     
     2003661347764145804907986468491961264936901366961179339435158413718901     
     0174992953977465486265697989151535870919863894455171458140747758600361     
     2369988369563299876711024051363789573069349232529258558827569054452745     
     6711207536311865174973320643137386044179376679111151434559625044303427     
     5722763181796568908065026014116277568065738951372363985891795903320630     
     5836510166905320798165640785825668889569568761908205168074606109622638     
     1629433684472601037129834688883912094162585938988598256460783411378013     
     8406743128481088583356056377269244337694563787836631931455463979741722     
     0676710294354572385212860938940596128914855269226985392951538194028378     
     5504978561539160740113905365716434660976780879881693584599844640113368     
     6608685416933954086806388658162652943779004995872150488669566478865039     
     7131468636727332574121569915812754492710603017331205228857179846830841     
     1101622392637502957404989433822423974575693204541440225826298163148371     
     9905506413819440028252970049524182126155903902994054100063285866769068     
     2510834540035680187421964344089707406324959376557342142285773048688905     
     3968070461943830894558365273860439098996678786422142135786818696539207     
     5538497947792817986789558510050883917177232934278544726732236185641930     
     7071000042999104326962473569275946989762956631011050362856678062407068     
     5639335783641798372933598638902814065920141433980786057681151947634060     
     7674454430439192877755128074184122893144882616667535276243092553028748     
     3142487710638344639888338716206834039015003125503282093134976239237058     
     3117612677232440291379941257807948382243184764819173859781208054853279     
     9540976514158606249953215055084819218147759065178478334944241544813980     
     7660180749845517409325736627061988081950381925271584347031587735230032     
     9401043234120413675312445658603405944574638155081053797047653839817616     
     7871544866708969128286559928320000000000000000000000000000000000000000     
     0000000000000000000000000000000000000000000000000000000000000000000000     
     0000000000000000000000000000000000000000000000000000000000000000000000     
     0000000000000000000000000000000000000000000000000000000000000000000000     
     0000000000000000000000000000000000000000000000000000000000000000000000     
     0000000000000000000000000000000000000000000000000000000000000000000000     
     0000000000000000000000000000000000000000000000000000000000000000000000     
     0000000000000000000000000000000000000000000000000000000000000000000000     
     0000000000000000000000000000000000000000000000000000000000000000000000     
     0000000000000000000000000000000000000000000000000000000000000000000000     
     0000000000000000000000000000000000000000000000000000000000000000000000     
     0000000000000000000000000000000000000000000000000000000000000000000000     
     0000000000000000000000000000000000000000000000000000000000000000000000     
     0000000000000000000000000000000000000000000000000000000000000000000000     
     0000000000000000000000000000000000000000000000000000000000000000000000     
     0000000000000000000000000000000000000000000000000000000000000000000000     
     0000000000000000000000000000000000000000000000000000000000000000000000     
     0000000000000000000000000000000000000000000000000000000000000000000000     
     0000000000000000000000000000000000000000000000000000000000000000000000     
     0000000000000000000000000000000000000000000
