     7378565351490366050497499424864334653313663674121109881147396366297411     
     3038706749962305792838922755939010139757230643650236433011647909750118     
     9967843275147524255093367304359569874666433095568966392386979257538605     
     1929563146899784699551105968280176176310099494800998903544370348028278     
     4470806664287652384938840422782033933795804371619516222123329398718961     
     1233135553819207324586510124191496160167733809030087250358943446155394     
     6359489903827770110802151171806429712267225909427142920197497989405051     
     3972301558829453605380717507898030180087567849376671130124377407452987     
     7231354207865296935812683651098484045662309919273746701958107525022097     
     7400350621598906887004746608667323833708118654054802278051550674402124     
     2209423579516374104282740437724902280594667990786949674868346955320000     
     7851061509706599182915232783266651535334031306660194184255456336221221     
     6824077803818235419837370318015158148016141563400785428094397360912168     
     4293317131485165795714515260779351989631241882131544196623345371640527     
     7162310467928360162972807553731326772061330075253903026314389982287320     
     5154178651493843076539908898724026435435632848869464740357680027887360     
     5973139757045897450760937057191092558879334809878025530200227936671026     
     9691550923650243217040314374882672701198860757966348807898846812635170     
     8189655147779696976781419253089368816341509749029902093903365503396536     
     3186859750493146235303356133849978964072718100818516004270965373552202     
     9592620903334192058953573016035638235385051941544259640609151847771400     
     3853021206428540932389843620089184779733497572857930759687902273561277     
     3696381222657777483904363177230027217959802665307527950409977126898575     
     0124852993890379961547464382470978500565301794908937284914990963396396     
     5519000106715718688346236123671634397949488933146989471119622956469452     
     8155407115503282482877185844851745278213423788740451899005242394940061     
     0935790672905747249872919588064945750655525541700377643480234071244730     
     7251105577520603579187259860932620560658175471589330913012178507064890     
     9856441025051789685454703942226084840508545372301474925893915945160123     
     5740800171879667388170437679401978489378361081390743967518807995561602     
     4391497796707343496147808701484672505168406940461062508993827472758379     
     5271343287541554737363361982594769268603218833949591923172549445957619     
     9460001021264778521724525621752365788045913706108901496991233064301708     
     1002421970791989413129716779314387515040502213517318687543072544167570     
     6745781493028412713700448046235220701447627461323427511244835310512473     
     5141727438145332603947419100571160192830701422320995598821369262103051     
     2336854497349056483064730064295235841885361511546297723592890276507169     
     8605091996137372449717391942639611760436951743656838564596305893109544     
     7645520776466142923641754299727288847926704220652123917404026220994842     
     1777889777049821903693966456245396879130365375168499215891498048232282     
     4190890025430296372433863407213136875735350970984654855558239284394537     
     8192794554662244834745239427628375334811242942233487179274321931701129     
     6484404018653150394103978540016929221823586303955009262560256536604960     
     4702789824756809207151847098414577914758429157878031957716887526402228     
     8382318495025251453601844431350209555543204853303940352404949411399510     
     4745620572114854038454705398841783872811203825525024876706046624963706     
     9331307064281164190875477313185008921199065121228695727868030983582660     
     0019747629529768537358854779411781903296192344863194399238499260240437     
     0374491694387775667698637600140484214300272479947346755914255927538554     
     8876899576504100214091395190011348419795972411895436056344649355892135     
     0807243089603735885452150852667729318365125762847567289746443575482361     
     1331756127771019198309367336561457844735901442356560546928816154100874     
     6799871707495229243191472643430136994599839497250759807015100342137907     
     9699231532582766260321120307996103959873032537994665405344150991915990     
     3202455059043209735555728805867542857787420338148295455819181468106529     
     6563099402576663540194218255894798502532476030576726027371305912055274     
     9138596146805189285833750079208426587191091290441895216389695688291885     
     2056196985103120028304438840297567136412834371625905426397827455380365     
     1330944862463182384519465907800425551566119245287587818916449582634371     
     8602727715853820372054560423387868461367483494902974552697996319172864     
     1425459848127438749056666740094269313792393491902808952177221989364382     
     3028115899020300182506910707688103496768217640403830209017788052606434     
     7961291397447096582386403553015661725488099627439451764180979326662290     
     6895784706506778162226593783010649228145184366369771290941398419468409     
     3290610441691703338905489126184164637056530190791117169578114149668214     
     3982449267717171906653347877551494268567963579900492502307137731465050     
     3993877477851246614181133338867247204709760806750547432587594893992167     
     6182525365112493161015559918403168984627590440042410595615804136910390     
     1226658976848380627485673758083895892811467409870739927524167533538368     
     6076899440461267877775278466962123174052978183762582321174326116303775     
     2442239972930432501845362448867443146675507426238080070940119698791083     
     7591314054594488590417681313377429769582266294939450489290305517372994     
     7626966157011907108408341153303447376146938911978086375001763961874062     
     1961998754762244508233761339229542258537619363151060406443532328954525     
     1172354776604802148212751650550542171073374467229508957782487533221396     
     5917736837202522362407057041128037720506825305311025414617989700751044     
     6113100189935666142815898305945011908840839082968115137915869549878355     
     5891456575268579737754240686357688272488712577435752744660130195695762     
     5672322496510618642987792217906208280266257459329053665894821516394013     
     7000022741742428960979348269971478368319860113786903187411366438022599     
     7098333658859053799920475707334527958774016940078720015464751240686010     
     4805267895601067529155527612150151499678223323808681506731918615415312     
     4048373938570706799796138813518339704101383347795414926162516110802542     
     9094601724410564639629795189380247136342605266462130227000184843971526     
     3294221155777580236623476188003924144238436309172546870044228045190758     
     4827819107136173049581080094830513899833599134211611382415006200142590     
     8697012488810336491859210181804475717586378802905975389656594899823584     
     7845430029697043908033144744567776023231410516826801089993827527554314     
     7064209118570737099707951169017601897306444365594075386729902566752967     
     5881164695023534946824821019512833780873156977158937951092021594676652     
     6859056826903624358467071791908225014375183944850908450936419632076095     
     2167502621996643400946141574450621396544481004285198579006909115130354     
     7403923761122658575853804690843751037182222411606650248852081181762446     
     2571725338043467185463235048136299425094385244710878708044355254206303     
     2608651348115343765413016371147573849261598797777951451797022918392737     
     9649452836190178168961574405279928486931320978926010766939227558052289     
     3686810574970296697073542411480193298675880162931628799293492803837629     
     3354387269578488253950627203426942065610393372376353265594312824906464     
     3683435923148946972539320523954835282485454967637442144796270044066810     
     0822399220420464111867870345622004077323547263151159533797604893164364     
     0131577343024864537027816763881673875586809790278431344169276636251897     
     5917710206374526815463550888989398407681940797948851567230305111524200     
     0313925833718331014524543110690240614625830231721791586152432590630735     
     7860796973899339852719040923735526558833562715268278731556300405269256     
     6893403775466090034558175661879714445393155997226917265289089411927394     
     3388118212295038725677037841553510838232819169793943056019720542703961     
     8309569909019675854952818742287302614841668851711504765348198716476181     
     6070934031511943570145721560860949619513400924900930220302872794012016     
     1939127201654478256456531027693184143644865131489929584896799993481793     
     9143672199882717469855385541373149991966317199706537616230322725937377     
     2794679939151174859376847561479958350819543893010267189237787769039395     
     2073885059139896163565686045230403060353760770414787637080883848458201     
     5199640054916488970760339868816351431687798005078070228135608130127663     
     9555197221313003672489382167680672186231711776499427225988664731861038     
     6029832287204814634162451669888553145917781622736814153466519356371661     
     8139634153742015641588722663513718472667007246335222965701370874793631     
     4370586813088031739084450555725279121167699854595160689107117562400962     
     6915556914684571724507037400488570123363198589898478327838118989309556     
     2895544550317893502094269946176464090136943577197091852902994841658477     
     4316097390129996018293981220988004512042514542178709390565401005798793     
     3090131120312726002948884726699468719568019414657309063987508513280074     
     2092430446271366693841650413316260496592922760519909135250814632193654     
     9123043635325473874502090666088019432888861043448914974862480510960368     
     0409645443556368403192284294154614084410171116196788195733054016480344     
     1876257318683191131977788393151147133930038832179290396787325000481825     
     7656104894360581849905084817480391039461097472000000000000000000000000     
     0000000000000000000000000000000000000000000000000000000000000000000000     
     0000000000000000000000000000000000000000000000000000000000000000000000     
     0000000000000000000000000000000000000000000000000000000000000000000000     
     0000000000000000000000000000000000000000000000000000000000000000000000     
     0000000000000000000000000000000000000000000000000000000000000000000000     
     0000000000000000000000000000000000000000000000000000000000000000000000     
     0000000000000000000000000000000000000000000000000000000000000000000000     
     0000000000000000000000000000000000000000000000000000000000000000000000     
     0000000000000000000000000000000000000000000000000000000000000000000000     
     0000000000000000000000000000000000000000000000000000000000000000000000     
     000000000000000000000000000000000000000000000000000000000
