     4029850204777108982174903755257135029516995700767167526720496787233795     
     7306787724613703934079689999209124121140331673250408972332436481002649     
     0086682987037121152669922471900409220020694505144805908238016843314820     
     0081510407918643272049805874836686118526817671617539402482266273814264     
     0300939406546798685371204902879348414293319041834921327698247772889448     
     8530347723622158203343580327948046538837783498310476772139722674092554     
     9674227439395975749297414796098005683344200483813270999556257625742046     
     3926746169052138022719937101729354830083597831785162113067130041416417     
     4351563814812642777824647521603783242679555385184073674209201930574242     
     0344353317635332399066828676308298687658784098263380480253671534523606     
     1409719332697397487610675582370276503270442619346288360500124161142043     
     4612777403633620103916778420955888142331415001921630244487957922127920     
     4557685136753623454929891366061385179023922877590158899050514859456173     
     2201382640835714628301335392798359590663031917856091714879818901353322     
     9047272576592378675990741890563666894585775059345018553633379173432591     
     9060164667260099698528424111582053825701299108390634476632337346613433     
     7822511170703124350386268098679347326791558845925561787578114117206392     
     1937795351635707023641900438016719962053313182475960422750919714824334     
     0858647481031990842918625454592122902571443908953494336123461655184571     
     9672816630936590056624056399339406967532096822202775000152125752914215     
     0059517814458740398104165199471653770986525779783214824074223504239096     
     2582011427824236774766341924952461617472137455722114301186600594759848     
     1362351083478648921590340395599357433315573414761486489841873803602776     
     3578066537611659901300045255305095298252020820767882987397614267377015     
     5187691179701501434617331454692848341853126888883485166536923616478699     
     4180529022495452523933032843666424171262085935003945012563501106066548     
     8435658868311326489552471065503354309250754082440031754157359578870839     
     2240441085676521459951126051976232905456872498118668753420169597996308     
     2323972856277261990598784247336922574615093443814630956903115321206442     
     4067334979078782243646748676557675336193058518188682418425333635034618     
     5677308070430803026927877331886207684031492263786528010447184109980405     
     1122835617593635614153332906938024416383431564442762368903281518357921     
     8840155229871162825596095220651876371391018827143600480621904933695967     
     3401025330570176860174983287211461779947829756787769897704053818145155     
     4945309604760096768442809693151249941759860261394136827114189015382580     
     1770816480657840942243695387260919582474438730143948108081363605134232     
     0780020246296735486102119687785232672645190271575148713530178098822052     
     4880657305835732217635735307938647947772928293944042187099679463566023     
     7621515138555307156346540865715407900178631638953865064282268154052952     
     9734583980656047058318833748672354687460523273319239018568026656539160     
     3887461386277581562607443257666207392603133637955867719431617969698967     
     2311464640724851322510240874655591225375215938014409457783081827224767     
     7695866845099867390151577603607741977898096195018229607683328571660836     
     2014669580764425646804106741001664176705543214627321195669985501646640     
     4482231905096155445372955255967176154067430418621715943818297121306000     
     0701782560906966191108785515034619355596351534616295614694438934110715     
     1758520222483358100185987754800272894752266191690155725021820762469365     
     5548530390594683446443012688953990932693923807957375213444948739287132     
     0518448231228732414884119197702803047706830073834754127364869813944980     
     6490884419931738281347083001654615990422201247242317670144923896841479     
     1403535418083206124930408917000422441751011190278578610833940381443088     
     6916758132159141066123468278241083557636903673753618500200645259991415     
     7363272355910991884652630454764971113084349290766115468363983846193401     
     9103876110192956010291361487928977726134069811120506951671961180647634     
     7787739754951617782855328591446785287461639597978332357004822129719389     
     9113579402921509297584847348760452201391389267136123514765954795987544     
     0764386467014224869786750357046216368310793968612261887113090720262360     
     1783189321390759291379841198639137312477786024191082120459113740774525     
     1321549852855968629363551145120027455123147827143313025896234944284180     
     5697795435161050593084182603994323295758882693694774942867120469552802     
     8586095997244845496790601535649684334335445465710672739771793180233832     
     5774476611456787579005674948995299929270202058375983513629060465772868     
     2963610246247666220987590977779076581342787776141770395207741178869149     
     4009411401218947862607669188502804563324657653290970952769215774093994     
     0889442907732256157702347622213219027262548065038804102726471413941781     
     8698581587596592223069139804676418836677878963543625059418620900635888     
     3980435663772270374975743270267548600344402539989623984700692794896122     
     7151670565344507944006524055956707300625593987623123027606032785691864     
     0662854122711399444306512165634129070590810844778825581120040717543510     
     2859107634138620296038815607453525974366977711324175668686389875030556     
     8828654874557179174858289335551112836836725847456071429810923994113750     
     8555436197805163389135599061464921215833813093869023488581283856542031     
     9957812232120737868863581796924707843225406850780618931422084519384311     
     2264123140355605075175008959449274371750185813942714167249373957909151     
     3779797666806950515685624150406073936396967300976828528988672998150828     
     2720196414428687828204735481216276140564095436092694763404030072800161     
     6246480494152009630212093758996878974937865351469383184104704231526284     
     1187378858989826672631055026917351021753650699319254785685303416071526     
     3706654167846143568631748781360995695931301291680784655520696383221314     
     0691256146284171962233594543776118956054383577861103969572829367004422     
     1175524658673972019600379766267695399000388211967064998373608221071572     
     5065181646561996944762241873362388439164328707127706505454581905833737     
     9351108585466082010608616933578624935419225514933492961162056319310537     
     7934615752737770684654635882941445222736065765678772423464986452170117     
     4989762423775759786826568600426473094210306228002864914053499923696415     
     5743827516425407836346623386146633777536696594483204334302313853426603     
     1380659935015193595592766149486931149607224154544256390029794873101541     
     9098224621688749784539529949856389449136432415180694450753117426658958     
     6172948336814676480090869543917724923370893574721359359720808439837123     
     0746529536739807598174351399778968496478167007943798543774108252674030     
     8530220898594900488679838002022102281438774377938789793604938526036836     
     9637547176606370218111955300111778141389302689857501240169998300326940     
     5361276612490332385106853431758099354532710874502526259824987701496878     
     4791353194310767633189022237985614134604321504454207362804818342204101     
     7027384810682790776928749942843404383728216787448269333596805839291563     
     4176502343510914214735678020691862463904214517715789494877654268799645     
     5255930009617309226544943631831845360393130012899671903470917387550859     
     6233275555622556578357606757248229851331043924206498138966989990451998     
     3293529408889925016140568852177289157061958789091371378811107075438752     
     8840465096332916073139451248979434495385501235851270757288366898447467     
     6234015194327555366404599674379015045668012237097509467036525091054845     
     6674356394942228111859881884340997619943997530068947148244700656122260     
     4845037259842978503083836098480273603477479465292271381159285338436045     
     0146270398730795213839386398561919581169977210618561909866800813830918     
     7235161402652706742472697972001741880318751144035367326731564184451357     
     2664347102588278942249880684691461576777718600150005524278508184315174     
     2743271775708549406323525002724050165701209103382413038017069061205751     
     3091187405586298363737187135564028522721278129861746786208511609180926     
     3343878369500357265452334194442044892445938997490200410125725735165062     
     3290750829261661385533879226894092669849398039860151283893013047894800     
     4480125495929038705024425899075388751706275940182771897418377538924645     
     6260078642909502729549963969136883437256793663914513054760716619690824     
     6277338754494814465434859735771781121909450977724022581900544375010973     
     7949132819645548186285235802187763778913614411234941370364079859857308     
     9607403566988679416647608824897593665814086685791707164148445783054686     
     6968144004316741868015930525463025160133942793592527193733874972903321     
     5296627277187501430367082474834830133344778489636024390389511538631381     
     6834529152029228585886254078591398657627055778179843713654696337545543     
     2860291633840017927055128783746702870654727270049677681921120253826650     
     7216661227075683367690265881594663312251451871386835821219424605282121     
     8988976298778995360641300664221529818461670493547118878187187727438526     
     0565963690791269112774006763189319055365378032476547773115817292639216     
     6093172620845710666980060624232568124217893965332258829810822424531039     
     2534092814730752478708649178573568482772114253324388806430732414325086     
     3406316369317046600982647317291123795459422707585866208880892031879540     
     4419009166161649374485082953191939568134599078297167948181107979038757     
     2913243074813657356335910265018316909446433807917167203780818969455488     
     3087927558516337594648491346613209990213082800555952813273413548108398     
     1217465319480944125505972062924045440356921397484949863259605014973014     
     9468911506523601871825375841387820485321879246595279380815203659675730     
     3717067528370824062317751186731917112295582638581048637005638791484851     
     5166181048615414504595821320202236494249452349997403761988670167229904     
     9208442017845096848412682722898208422695742432754485111458740674996006     
     1650924834143236024957088969038515053787229352032207995644247344711090     
     9111170173200486311184620184817024582184619908121196028427842541699487     
     9474047148849422209666452638751740122026196327769188286320706219500766     
     5138288583205912245742009240949895909487859093421190601215882989546611     
     5575142219498027868955286704956220515159577876984986572590730999658557     
     7496241745679695008081222734984036899643857813328959447399104916732220     
     2907332110173682777121265849548622164731380983374618650339000948401652     
     1620895139525253938924756816688515290226519789483617629770146870706551     
     9394150649199254601355767950027836630043256061513193070699435750062327     
     2105769447817928960585660846711919015946103660925732084262299358738938     
     5146888485863510504028938922256894787885679176092372758963978685497870     
     4717480761004699011302113076590803575235171831977470610443990469051652     
     4207251498321472050689081079941731880640526641451841319406194378743137     
     9765467143161219388291932429000425318203257856041303342021114732061529     
     1721162350955113319968741466560116854845808411391990220597756159437406     
     4522025935183020425345724907255211822466046194873952448946838571810633     
     7062889165438065631351328479794088377333520052760960892485767017028362     
     0609343736560443427928252188674737685434836692265389213084581345401477     
     1417720828652477096755955279419716676731100336539253827455226057497544     
     2392055396437190547232881724091463064925483312406053958313860493204879     
     7952953842777375826547213987805051996088411842543491936691418947590483     
     2854911177615986673699831801138397912294583570240296665189330235573968     
     3636600520815666551705746238852382498258355604631341357659558421203289     
     1635723247376217286939574409894018675910039371007904220885975001569740     
     5231414237340264326024667843943185433172083915324785801260153623459194     
     2949088606393253715295523207323483484982396264028732878811949975456066     
     7662097055227407754817989579200101208631598840356691866172964339282301     
     8713455349560684939840092010206066935553105380855295952833918495222316     
     5928581561502989434982027873104159745981067080232654097844425599095591     
     4260642288911043563465091607651537486399731500905980943384406284327985     
     9131309624041444633837920552420746863390837688324849638039326304065856     
     1947006110749429656144732398303275759419613647486481308490843344360489     
     9825500440689333335446224464028087835382124916955450934183522623665303     
     1896608682412451713032270218454157493055137243831138311927995558395993     
     5406527278757899406547166410402854423323855971586869803472696334830883     
     0063962792863069263072097029958073126226970142371559685568443905505193     
     9390801336314419492123750645153621909876360598430099683686617828922112     
     4899189274880239791415634398224041316141796214805322673027711197924266     
     6085764966691686259512159531661658538688764979558914703229638302312395     
     3657973841984141287594719000375711546212075065536625110684328950473236     
     1259769492606261566050008664032465974290841077067402364922631018646769     
     4108146802043035211501921507632124962689082342135839308172587748916820     
     1953429879207703358562873951002771841575380450962836734700351977620953     
     2419307564049606522501852174706838920717473874263578452241834110060216     
     4116885477186319117363329641938683144534040880288950774024535483930916     
     8403073717168779826214386459925780479557652986868168641800922008160814     
     4393377635236573948072832609689644534475935009217956551707133187718406     
     5545162095599304837840221298511547915702057914367177426650848539471933     
     0060029815428193837765454428412086056490071191870014767261553063163352     
     8608053803237942526611532291138480379765301230962490103188202288896477     
     5901044693202543558815645351304396913758286765294175350027138708951748     
     1959499481099792679596703961315319697875559677689094803366489277502054     
     1804546864561262492263081423481435419142311891525721534105264361725577     
     8345792768468903241085704724203119994588469057173389915962619343554773     
     3867869727619726912823877634250516117547398755899369825298106283673769     
     0678421826812101660928345904866331888013791611370073857543454616508509     
     0839973697001629308504089410329721397227691973050019599938380060904875     
     1817873476754590725449517888367135989821744578947031453458415447842847     
     7279733436435960148632271676569888258916830844311215339401704112881212     
     3197292185660064102047584995704103290750020287320231811232252437752518     
     1076343992634634684433184980972289356042444939786179902990496139211666     
     5301054549896008734261735169584038665880791521122062719739995624589873     
     2141782710865385191809297737063838981349923649966417483055943384304751     
     1807534382746356453404884451077808206463939395386705973917454489145396     
     2054569079139435826494736178205791641087850139524465432163848619368768     
     0546110975358427309652249375549989457458883629216019518577120001236931     
     0501539453812772625411586616396224527948684321108737757127793155996287     
     7970768803424762567315095473661345623795054513802959595285971355559898     
     4960430839452931096524206602231060136431143355834967952634558055519934     
     5769321825667428821875645191576978024818043767033026892578527213837984     
     8603308461974885351264082104551049030408528432302971476393777782303183     
     8716815178214817444435131781949216749131769657156205119428301518584954     
     0315292288247866659156777667021620352634178609711802930070252990746880     
     1021823718021930825922745575809519772977054107191133339808886603939422     
     1552055467749607115056651121311143354460969504039788036448983021845166     
     7046037671196042626561682214692177148664673292139345241103649956250332     
     1021100381638830194295839436953602061063329739385933810642344840385759     
     6140331878032875453588052768778196244267906490962895805407210061439207     
     3986614675073521637177428718517589626165435202107462902274796306067085     
     0402078383735089039862815939588838358500637856019767862770625391003069     
     9598223192344325695503077140791700028164459987105716989236283257349975     
     4641280472852184577513778279542123014206038094658550826080431603810591     
     7048026315180250254477223707857980746747011454895104811471677086681638     
     9874972761198097534272538409527116551993753419247767639588586670080021     
     8898778042850167042644779790613252282269650928659937461881189542447230     
     3596098598362136899711318435917332868945924588958407389574851063448272     
     4377986281671482320463749148337645789672056655823899413608210311173485     
     7413170283594273542917229987866458221963991355183630047271361525035933     
     8521327270827573197434679554062374610733985950850338841842232984562600     
     1898894487550186234713312376362828275252246518054076701103671866119052     
     5763667779919365280578836442908693583646367618463858546295563725214162     
     3478785159908603933043446271293027952649397418598455780253757096862704     
     4375460251218039902696921230810119079808740997858456068273915597216357     
     9358493954445468665588508225084435567693896633798678779318698249157716     
     5313423820686220936800409444734032362158818964076355310327465563933696     
     9992648393513618934099332471729952715678323260833499334028090561686339     
     1813494481655383861893671066073626106543383549949000614247846324948029     
     1469431361742100595249025255980211929449852826686526761784906833344597     
     5623513974422462160336773257302008250821401110187696129623105157105562     
     9596946028619605854517869772539007336929408863647050015497700695444861     
     7366720912716985993201336214362834618881528762749231826240880898826484     
     9563964979576220527788358767539414078407368102444787631140434493046125     
     8719622719852440943424725988649487610524663405563688276499511384228513     
     9277900019238663605047337392830096555928848252456768251805372729759432     
     8231680020027541016425218857475661604523173781437956604683696167172014     
     8175084610035930214397364805482246006441068023670084846862054522615266     
     4383586239910165271826294622097930749733603182971627115123629361942828     
     6689968370501850210277375066343311966170932336087877946525713971626499     
     1479738281545440742919002763142297090509117263860365172156238695712717     
     8317058889365438907074619529477708093162446798268374391867774676807963     
     1026620255501946089703211747460400297016367489812640644652282177038143     
     2053827107810469768556975892064138101427209789786469703475955985901054     
     7806730713063037136087022727314663492099940591671579900134227865340768     
     0208925314466344312707610332499488664778626902460413177967057139104397     
     2709899535726357354472231024575511262246170670935796555968735909173826     
     0337371279658025389082625429371005670730320794274285517270603300746870     
     7252249693207538200875080277286400634292677900268764939054241086604298     
     3564833277505706150993048351816597396271270838014408645146322903546725     
     8519165455273972357131830511847692947592183588526963587404171019365387     
     7124593466349692856194357058523973187725397993545742025776576372037195     
     1780477364378608388010872287309378144394831147638072487645500980266499     
     8275418493914695986596952827500146845580980464008253005417950673811689     
     7480794970311817124777362792775868158171820090710042089221561477223147     
     3233501404099874072679941530344435367239287850261458886484627269351200     
     9086078625858947934093324705740621821619232009171047884049660809422199     
     2860892490300276562401662111938764964415032323013818591818663901774988     
     9579269722654495581657599263574617110070832403907286053804323553424367     
     5050913757277498148556628104639039351664937336938774063890609312189986     
     2823592466534856492580052356890955881496073058131852646963430149489520     
     8015037427807814673603546312142368908552285696589294288457003800652042     
     7927715889565853269937323294651251311206471773344337221911048728302774     
     9193063038970431819663368889958932003363466100134049378753287059305021     
     8315388514295587933348285273679524327816671212322452559330947993578034     
     5538209410390150740244901074536006747943423826816583555716781370474663     
     2131251436443554023455072408621074039566854398424195877572976328828471     
     8053695349774526054469727704653294779355186458848795268504012401076110     
     1560228188148729920927737458099036402944816331328638765360976049408885     
     2526265147861689477496772711196891750586162559456439226761255064755099     
     9413705796229526343029303548351463550785145682195563709243577992747895     
     3247329820401508221487142142218373006531477394541307831043359483389900     
     0002851931235377187390251295465295834829292679425589828002628812212035     
     9142088266930278990693452959138273674657881526920722725332214592413516     
     0514163513582758895886555348731812309070092618414227018292317743294159     
     8595489306330648500298729031445657725984190959472520197926229700721077     
     5751898963914232426847648247304503534218502164790571800514567852403675     
     7556580813988347019703720014128545119139310026256550389069131206758446     
     3446674065259990734151953476920099947281079122696752282310959661947592     
     4270500195968914303311339363986205919077152154871503059050707300702075     
     1065276019424680881077328236177231501682072442969826771224565532657951     
     8356133773145343206211138071840381212206035101946952642155628845940914     
     7397000041942685618370004462998539111310472214942405457713561600000000     
     0000000000000000000000000000000000000000000000000000000000000000000000     
     0000000000000000000000000000000000000000000000000000000000000000000000     
     0000000000000000000000000000000000000000000000000000000000000000000000     
     0000000000000000000000000000000000000000000000000000000000000000000000     
     0000000000000000000000000000000000000000000000000000000000000000000000     
     0000000000000000000000000000000000000000000000000000000000000000000000     
     0000000000000000000000000000000000000000000000000000000000000000000000     
     0000000000000000000000000000000000000000000000000000000000000000000000     
     0000000000000000000000000000000000000000000000000000000000000000000000     
     0000000000000000000000000000000000000000000000000000000000000000000000     
     0000000000000000000000000000000000000000000000000000000000000000000000     
     0000000000000000000000000000000000000000000000000000000000000000000000     
     0000000000000000000000000000000000000000000000000000000000000000000000     
     0000000000000000000000000000000000000000000000000000000000000000000000     
     0000000000000000000000000000000000000000000000000000000000000000000000     
     0000000000000000000000000000000000000000000000000000000000000000000000     
     0000000000000000000000000000000000000000000000000000000000000000000000     
     0000000000000000000000000000000000000000000000000000000000000000000000     
     0000000000000000000000000000000000000000000000000000000000000000000000     
     0000000000000000000000000000000000000000000000000000000000000000000000     
     0000000000000000000000000000000000000000000000000000000000000000000000     
     0000000000000000000000000000000000000000000000000000000000000000000000     
     00000000000000000000000000000000000000000
