     3629203887448726522487336178619150527510064615997855918196993814419830     
     9167976998084889936097378888724874583451812833119903999735757463054317     
     8897162240274460713116986942648343794447552003405138808199684118416921     
     5307120138125832578573402433583563953039075704597691330915376615103425     
     7429532237764212153749777148428918009698357971808178360688509436628890     
     2738001758557453922947131954028165945638124958210136064668085291409900     
     8234035318278780966867908727017931208207867859492805989658589324754032     
     7537296847192981958975311223189411245650227352155615440739047255543235     
     8878369160384568458930279867011515640332193919318849869935314539131233     
     5595301452051551205312847002601458866089027839533345536092991269390221     
     1902986960732247521523028426516758685435156749541882508244751640871964     
     2216489432264748911669145975047355901554893866961222778604675795214083     
     7408325438651882089555734314993086374882280439528553223856016988273556     
     5587991742168964739088928603650304686134639115843691675001007016781182     
     5457826478397818554692063223831410790853387251100555797482483670963861     
     6200440681958227995241933791723152120647633875995379440267006217851604     
     1720074758404643181906200003316787682239156108247901505995650146094321     
     8835858191259857519038235665574096907092863430293940964681261161254293     
     5114099313676792874228186422824483248847301214300066137037080023930547     
     8263285858753573878363242472173363251872126826261501021856668363287259     
     3955752035881809356494245890686809236863617096022019479078825255866109     
     8562116424141224799483804141365487284610648029162517080521605425166323     
     3563355080153373981989755788381869036228444041635260840446292621385294     
     2085748933457778384133447064344904642095734669304679142796781398510388     
     5586125182944983892368766912521412591991774949398328771122592937600739     
     8048618443821002510572806019624644899904561886469430982887438647927625     
     0825989767888532182397248251238565659961422647737766657939455345844178     
     0916492100093369173689158326093997990252186067926592469725735003377552     
     3983089986177356625741992367721159569328340116832015743851078894657832     
     3393428149534138161646676473136602997900856551642156204279506862178823     
     8268386570877729082519276973397543559589747947935262386791172212174848     
     5473535171298141042695136507616180159295044254052868653600183914047703     
     0968225473855341745935834688884090714595139244307074589825435586856260     
     0576736655214491551418684239218989471098434054350096353878430064807140     
     9122736131137259053786586282716094482400945653476491952851669928650669     
     4745470098033414153336803807545376460678505913422107965560418908983211     
     2764795694864568281056259793909778876713923444446365343260200613893915     
     9173009705521180136324771689686835390270894328945296327809261108272893     
     7678344569987077287946227984871568200569608838020968524831172884358990     
     2589498610173937257281195454083619767975733478317059569977325067079677     
     7387951570881493906602215550367048297850753208997237523667210304457157     
     2416003317536610508989800765070556369163772250667160902652438457650898     
     3777146231334085044225363268833795488055349987593050463730478666330820     
     5455335884984792918693797714827336922747008156462372863962467111180882     
     7372608505831012776333055981244847673446718416357654052735139749348340     
     0324763215844126991637311908252507982074247600146354170698167447699164     
     3327392134531231127777091823541923483173498957736149861104305205225909     
     1152646804295082333130959527437791355166337477155978338938381311788475     
     0183650918356815626913858713198815818946617666177771169687293726101903     
     7082924310490922460484549344782272306465944500331453148250328053413894     
     8457670345210907636740578450309439430077403680703699559979670231293413     
     4022079012760236436245006232588242910694171376202341598807350515222931     
     7663071231232399980850628969442779938913713278551481248749660583971437     
     5134001609014719691595378205033158329782121640825619477923674039319205     
     5867905495460181236422936706199167789261516035976567601737617327853300     
     2570679747626336938255107362650618611732001769124743947982769407313599     
     7231106090049184251118736227738452896389309448274554318959359015165262     
     9504190954216725718831785044928730261284233231489658940830536614078299     
     3058690464605183223926386067214844928989810256752811768652402144770810     
     7170975975514885450172983287045596660202146855743428970747298619998539     
     5813665782246935230182669112472822421998146154627989418067871664685703     
     9445191098309930073050964971103296511526171827797350153813324276224729     
     5904856247032804338970580976563825674025462046848350272387693851191886     
     5609524920283626462155076033313022598088671078131607854772234864948771     
     7347776304506413008730992194636220046540137203408058196991319149977804     
     8093202176383441457267232805162419645644485129619920234096541726028669     
     1195386798757208429187559067045599190138974874225077376628849717631486     
     7615374262069261135072135341930149301104322410064221181080802064691494     
     1435890807575076502109912017824571836262278599397821959826914419663455     
     7646213282202066854769475660042550539306186898285452778245170495305340     
     5262586697935213853219753949981456493761722122822864903814234581033542     
     5435628952710422431010292998231435974886037449716719010092409367215614     
     6437198286080840135348321541545693918236078194613632486847562648587365     
     6702429574224963091851658577114544915133248439663634157490145474721644     
     4427354469366978110854618444318703858284405564408554246354963674597060     
     8356555081203614034980145886163556393960389251185692202847785391450227     
     7404824636841998746233487702110429087985101165859693694669110667829029     
     2613350095134789043110567922879419695826966156900219058019637016625606     
     8187637368221834889806587500246506037088513993613643278785652338740504     
     7241184305660668200128102223091436417259839243592237035629675163622774     
     7627262909000372138652067265400867718936661169816109921490918358721870     
     6769494075102128046462577074933213162072848526328209262648305467740605     
     2738763924069503914886357297472314164521231866317190453784890833367023     
     8571275621953117269248880068339592874613227182130049943396817763145691     
     3367038197259092890121627013516067673147152205060533644281949218832625     
     3257927167799791667988371315593481403717761946955273457695458138017273     
     3242525220198256196738539105285185553448140504638015728364469795036528     
     9755668681085630546463831100034332891834543279471557522707090897262142     
     7744039758177698372359268709697371091283785240979283219793698217568651     
     2561394039125277033823825490773696061527394685571633406602915305480396     
     9421389821940270091239685118078821739127416373816307498051815621847039     
     3617513702789388848114082914488984992319933237033451702279832861511911     
     7928615073095084662337513254759062739411452352990625137133477530198912     
     7339563314607651887925236855793563934939796093354240937848136182330552     
     7126526693457726989963599779541622831249909772700971381587260910387083     
     2076539732305003922565922259523003373966644076473600497635405088638003     
     5811058961389157766293658333080775125464708710262658840373405590750126     
     7829274921236532292199770662370342477643088492876645617403826689424340     
     0970433341329452949050137039277712388488971914056253443526123849749743     
     0655443285042771045398676492770311346113172170675921198494584427683928     
     7221476408712721679674810008593184730054361070272543154002090159295847     
     1622987427540226996166741118787237985152651689757393583876172445083165     
     6631885116666279847392140476103445936571893181164208699847876689319220     
     2220077707882769205942084188513289740730051127448042565604712658768389     
     5817058892314644083398487422621924062889304983149730442582523528251342     
     4478477392353512216894351454435056284511432726499481685036138712291418     
     0474269614175144703515534091486796361350157679896062664543368098521530     
     5646776267810536202206326901664669246198021421391917856178222909201965     
     2435790638281791315115345590362879504340517824794594690394737792257332     
     5934241345650020257427850606343099184184265906456554588389955562850442     
     8070144428581115401268645277457150564927735095195431727312234223736166     
     4378214440671504321930607792125910891200120493219975938355393580033191     
     0437481508200035293642444683774404514619739417744355912847003081282127     
     0487328677349758423607310580927211911074029842406396982773565374921354     
     5269580459102793474697472672502502669020405625290579378455500540498863     
     2280994688197086700857108651639817943327944243544852817264112819487764     
     6657646717733662855666896623696941062313911302748506612322568781168666     
     3293675961201159813203257491080221274700913433007440037721165172306994     
     4760881698444643480884406781997924640231020099922796521335601085656797     
     6534181501385009120415173328462819196380544285782670765761563227060697     
     9137112360732572095923758998072680321156001873971017177015802346836085     
     5957077092637335921242428947593105239009680835751276750818799198140609     
     8755247331423130209449963199588928533321202879660134781797656959312588     
     3240062524427028318374578335534535359231525164668425101188538765422344     
     6820051135628628268129207911534599189291015022649348778374222837316556     
     7704049140955627751536030281341399501712674611526605116241178462835996     
     3564400236073066366274016284969706862241725059794739929981060373754759     
     3703596692844518084268316114258033242471579134324960885849009867981947     
     1267825125364743303242100191048026461919077680663689381174087390731119     
     0901488083406914265371576937620301547619747953505245823183474644997533     
     5656232641105115574673723454344186757675656372963131567603329273218642     
     7538175407459673713763040585134356459269894236988774841131963487046906     
     6056326110575848906615422590392868334654106281352555690471304464367227     
     8991841651726026444189474072689447663837915031928100718926428270473446     
     4518664569934921007660349210999446249926299447918470476504675880736954     
     5952279404382323192289581023237799417315122213754684455296741220864862     
     2519890889588605613750928207940806873883525161825984572863277219033457     
     1242296500761813420411620382588364344508060893296405902680722176233524     
     7850178612281268783754707934291766658439898671198435694906802957208555     
     2795710023072924053208738773485814678690702684744917287254782270025829     
     2922669408826535569564440101341425656293637541670357254455251042456599     
     0895947341558218344476007208124026464421773581333423587363381008255889     
     4989151874521674176913686518693479177879195245603463109320785326445677     
     6948087592745352885536661379487170737146570852505892810485483883785704     
     6140875623116793516586201543160774843906039300508801340097828371578597     
     9410204033283769772885256500926630312361940135073369509345488390879476     
     8636978497264145002271340006336863305750469305763595204545423835823705     
     6542334712552257647094136042409528650571015418183254482104443374497929     
     0175095085968341705251728083782037652524397711683880715749280745848523     
     9016704885595790525514758805506599038402163417685991976048452073300057     
     9398111843467820166048213234111035179090745515352164148395116079050192     
     3123352569267623432117240231842907314983233799791181567433768368057537     
     7159064756914946114004054499090327576236554991700435030804078967864468     
     1647441440193931649680042747164656278464476666469207716880198710725891     
     5292323933433479560329541223501055356870420686153091208334100741298571     
     8764927463026620181621245576408567248366320737642356301198864479616815     
     4128874302149912744733876555652653310488575324700300413015471566475227     
     0280563480634180210693655106299002337257865614157688862539026992480647     
     2601482713610479630007918291437014997072207668102017589629677764687182     
     4843397154558518931165835083831134368924133423195743421243113580258171     
     0183582772292957228335225930715738781991316653409689161024268087701565     
     7140386741133440919202951118382395656003381669272242222242407842317371     
     8796542858585364976559969441347342488749245183707388843680865423201790     
     0856834426913466371607067151772416811756169879752944399207055314461681     
     5260357800867732001315852179398116149906253023616098456607513757738837     
     3708988191561742431381148337507932651728416771282331995088143947502590     
     4273221680875912870983141118240095199390083803869205482196479782913868     
     4499883815484102370526968457887035262873189859773223523718077561578258     
     6555500837018761403302492596468496164955968358369197142454296941644045     
     1818128375923933029944060838591348518254152203671428668658524561867149     
     1312642763752434304915625920563441979852208002893189350760965017517003     
     0497149560466947660891858050918145200240387781638261817920411337130590     
     4510956977479055785800083524016437087727957218764604759891935820585318     
     1567795551479367408525227967896818458341998544140382129439674583411770     
     7958468545986756782880516517981117765644744687683986987408424045108269     
     5482531460735273004873994534453872360763250168823921762179156846269825     
     7552811002008450792280725474634755811487644448306132829776817751998052     
     9013028718783259897522620736266790407363612812183638467532247825254363     
     6724776075424939819832482167143656612546879962473664095102766606953683     
     9765961436994206679921274746636627659784459365838929502362861182092182     
     2474021576576795550148203788613235577752896850588121753281130436300254     
     5302357401048576002895241463093005992885309873481708322249089666664541     
     8292814071031804602213112058391954264440271488042992988806296373579884     
     4889012012604078385291944673497461448987612056222374833427333684805778     
     1941629039453608394151968742992568949712041677509866135115491343501364     
     9600806118599556897267817652730809005107656001374045217961673231463408     
     9717230313505772780807272062941029588897547562851825448211031506880630     
     5917598704306419528011692243502284644676952983786149248883956393240422     
     5545057656498188325660188614487277783843199836212359067249943455336166     
     4578160828266676026078618450892044156196422285809404034382392793652853     
     7431361894908882009300029174348623399942971858028857104622919866702558     
     3030456927966152883133417092191764954960531484628081783629098983953058     
     0238611443701296120783037429007440392921776634756860113060877541879377     
     4476610865190639809306398908685448843106710991288581546650928716385286     
     1177047570460825464973595745038095763927829378056679822706694313358983     
     9469435415756014138845437370941040209797098474414604419588620823943585     
     2201871829920323258434330164221396781345775172035934284994085405377612     
     5645024121518816329819957895723579248996157047421400785926793136611203     
     8080410220120322083288371894082322636299455145977304786382987054814307     
     7383504981936488282442711866235169185859972071072665697963187111643920     
     4928773435052215538875195535862827649442280232071990427978941442896914     
     6153122564733960079291068313365790300502221431820591990673549087788780     
     7396575915558195356466020923208085741937006021763480895046293015192872     
     7460406820589226498636422971309444226833125913359106013623910679369526     
     3830309079169838923551820490120912623945360861033553502735109042772994     
     7932181729226899268145134675830894317996428393935722454691289607895654     
     1440400017600121398224692162158857762317442220256446388897468849624899     
     7184677615525003327198262444120892396760357139261073834166645060609828     
     1569522162538288331186203200902963505148818137026053351404609958940513     
     9394027145579294248402025181287624676311834890770827409088853523159320     
     2469011107627089256301225059634457181405740869819309681087633584733611     
     4262095567899337825452372473832177463533590301572174336466281725770559     
     8709331307878667663536446306154376671674646451669353309729167970316416     
     9553012283403059980277370145242607261780551325591038749258404599111400     
     2177978586480477847023988473648831398284279504332767490644094461655728     
     4117681005102826867652247994718415325022337460209220292903639701045606     
     8510560692861418108976461120088389694383770586912931018771042277322506     
     1978231226183419273669373002802412332479199944477579893481712275689585     
     6209317103155956133259480927201248144003777373602586322261402002344398     
     3915938248370196860008567756673194339597632338881327770330541706384430     
     8032865454923658950683851040515988698251276764872455712227964884024640     
     4532464022136568761605561658753700027871109373239962294409894298483887     
     8852769147976351027200089933069448180042578912986276062392638332573622     
     8866566204578708559773336793976998087757924026120124442461840350738772     
     3657323157612533283054547197128687731089351755873386294541093042620983     
     9021499906029191511069432159528282744037680689963495703537425941441108     
     2910345602922168110138422303177540381604972515716500353949265726570744     
     1657151256771528185485104954362748855303370312979896501085198766505105     
     6596903296413855311998959192238092285437520768403793699256705274893908     
     1729648505982515234923409382406329445590995673510765714656283041995543     
     2783834836469825263937824381776121385545099747186530459088734362346411     
     4418060619202757669465903664469422435039758181419264426291854752386182     
     1561871262950358421098151767203190535159085867875623577208699992608949     
     3878517159803964420372604560328628722483705029372973449789216245617748     
     3778919532612689084259794192090206505982153680902505591222709554961683     
     7881471647951915383495470906307598741852831309107752502350355542101377     
     0861331465886940188621249604278016330851494089016236391766348146817117     
     5149772156501622508542475293468340075980276659309074872301994346869641     
     2749436806626701377076786239780339317585216661745054161600082449962787     
     1080881491395799175552633776291324663113166825809845946586952594214535     
     8450983454991218428688086672484165231367985004987444496753417254690980     
     6009618947324426678317562153954500879920507275294491546780077159984304     
     6414457906373835663558835119488741562590123247744366916979291711578738     
     4205011775879642837044212943307604815756826506077382414362293576045376     
     9392201669205599547526916052272590743861436374025597813597489921752403     
     0424996032041722216097113855582254565356423005610646301640228864000000     
     0000000000000000000000000000000000000000000000000000000000000000000000     
     0000000000000000000000000000000000000000000000000000000000000000000000     
     0000000000000000000000000000000000000000000000000000000000000000000000     
     0000000000000000000000000000000000000000000000000000000000000000000000     
     0000000000000000000000000000000000000000000000000000000000000000000000     
     0000000000000000000000000000000000000000000000000000000000000000000000     
     0000000000000000000000000000000000000000000000000000000000000000000000     
     0000000000000000000000000000000000000000000000000000000000000000000000     
     0000000000000000000000000000000000000000000000000000000000000000000000     
     0000000000000000000000000000000000000000000000000000000000000000000000     
     0000000000000000000000000000000000000000000000000000000000000000000000     
     0000000000000000000000000000000000000000000000000000000000000000000000     
     0000000000000000000000000000000000000000000000000000000000000000000000     
     0000000000000000000000000000000000000000000000000000000000000000000000     
     0000000000000000000000000000000000000000000000000000000000000000000000     
     0000000000000000000000000000000000000000000000000000000000000000000000     
     0000000000000000000000000000000000000000000000000000000000000000000000     
     0000000000000000000000000000000000000000000000000000000000000000000000     
     0000000000000000000000000000000000000000000000000000000000000000000000     
     000000000000000000000000000000000000000000000000000000000000000
