     4665996343236010287115220222019885133467861370219286745613318438206653     
     6946014192361278073694066371761749170761478418406322324366500252677713     
     2728532576159227065300482700423937071491102952975150936468037714705142     
     4164076324100683538452413522928876273263284480887465599101151141708963     
     4211585961011225105939971439015477527844679525675890298947648238623964     
     1807229536517972862479057351542224276567198048505350557305869840267220     
     0045668003204714987879531230230879346000858504609239162785665221938407     
     7717496966560983479575952519483751340544317778963214500478304588421901     
     5630088819743626141531131684410247067316321926231832379110444126250779     
     2618682731655324787532455986189299639733479415835531543217057880592884     
     9908519265525609837163630060292101790079212974844903077838837896722232     
     7700873374836317102021594808085237418608427198852071252913282460760726     
     5369855244082095445324362260087470856245226820561462590428543983517226     
     7901270779556232790059381515795772546278333855226291790052877818656869     
     3227692351048869751236818961838788239578453603777461204906650963407182     
     8028087987255866563299370288638816477867914926229832085569764266184662     
     5025160798096676981012394250338185941471608014659241525407372348606258     
     0827735698373571612400460620516171930244393368445947118827264808468583     
     9038989219672037104014853683498751680702688607782431226933063896262018     
     0941814402283589011487228338791888026004721973845146412482168381347484     
     0638524339536185506477315415403991466238367687719404837945549171960032     
     0110192779002756048621434110646980676418315466655140024087076209316892     
     7153483738537945053248536193088617533187506396015539630654358209528776     
     3430513649895352482455897339632075054207761306703171322953531024373832     
     3043094969455078850436499270387053869466654243466704878939437758924336     
     7455521757623679940688809969673482516672771866709169775539902253014201     
     0794953841031688678956501219816604831240012659863284923898668907891026     
     3022974442578081793333200720572817275137872410741244663458722044402662     
     5825073572815327625547560827731683833093562229261402760161205084307708     
     1925515314203176473970518316922877907925599827742299835656351765941004     
     0655750682176859269244492499864478198280401924647379755379840566124882     
     0868596226011541064983124661955596842899815171817266929090471769371070     
     1508067385349522469037790295285241368008029141643024108563994514099877     
     0471217520817523208466208115656547254874062608385522189601292413444365     
     3625267307960152392156165368709492647797058912734693513929455021953531     
     8328290907267224574657874387341759655112685106289590254631259210350929     
     2306533292724918624736289037530957378113555778914012352937875663463867     
     7619523755069520304971621721943732394524473199749071582076097034582258     
     4534453917926446001372795178454997353744046151512849830747056814697881     
     8223207980836388700781315548025000245065462895597897006748611846752614     
     8504744723731603140173469543331876747952774096232419603192586471544751     
     7375024634113536683776981498969460196228327537071572598558296062359244     
     1154345687058744440922050086092375059391670726147168045455762927209533     
     2656914352183921685757903778971618632860679772772896651082326184766034     
     7751833665254860339977670578799911112260397896526580914186163220024124     
     2295434159460504975168553567062196555874615017089970246429937938154449     
     8719936954011675570751954021603864853322924014538353100090057440864176     
     5460212894398528536443427604306570722960260528326742188475455539388595     
     0167843554461900332642442805082813826184791536947177037124808550911634     
     3693654786843874187323263967715693785919360650452014645554968165510316     
     5698125428871635020369746113005311561266553309049323340058213550369238     
     0099611267440077169073725829353627634448026515053452631619994138807699     
     5769358194684029719870449709412599080361689614354943282301612671739470     
     1234785794711973027422863149941047559700791272284646303792952847982928     
     4735041688993863345318750633183362230660122591211591546209475420729135     
     0255406381428410215696297432259195837060976724104092676124959015523772     
     2096008379092295121946666091693688628739697234567271552446452399645425     
     9743645318311594111993971071687089193781410826984966491805884584689772     
     6781318995457818884639814276966686767378785198117627950204626616670059     
     3860274478255891507071106400135187694247552937856227636676748342419139     
     9061853365379981170580617772408561951101281094836150202961793726371626     
     3414455314753857147823198750319105678174357403584606515912007234430851     
     1118146279429286339907985735288064231713071634366719576225822412800731     
     6897817721647144871082243818326971157608868852816055195316390032473500     
     4427869441852159527146800298030905642280940147386949998730930116869259     
     1538170703401110194017637101786315991537887961350786976917365813460173     
     5814680972509927496900596362877463973819801208897133091203064417159435     
     7282791820118844142951418029728939413077232986585104334068092390476059     
     1953776190774165617550410499132624602761034397837058282000293654284893     
     4009825007232231565618957303190347556094446949735627955890945401771588     
     2353686192731526451270283963684130410380668839691286754691197524366667     
     2733702878760575229856704766256529131778972735734807498307117377495392     
     6454507249171292583652045903425146753999755143164021693983464080161324     
     6219544788157071240957055412628541724372652122388055777528116805643069     
     0786674898982194896448840058134614694793371259738528031533575136029762     
     9928422301309440677400779007524870889636485803682648596844053037656061     
     3116857274696956640475415618446200760927611749673776509672228530317247     
     5980711234765358854040005676909634188492311394564841145417835599034268     
     8886064608651519412165051531615323208235830125367237118222269337172316     
     0881159470876667441929199071906859423541341212273999861770957193724658     
     7936324305002592475018247291007983006612521387164483416890017219330570     
     1360354856535407749865638806471651718600749206169653130723005337188177     
     1842051397139415946015644488134691405072319803594175547588905874335618     
     1412112544758171370341866494746071566424192071259736180922223587286944     
     0741753520060368362824653899831986218519865377905933809678706507109982     
     9196157414237156514332044685754004271872242451129676090053801751518210     
     2790469696652988953670443034383527297225539331166710860600990446074010     
     9699040688124209199943385529809186198146504885531092077281737039810481     
     4765232372249438346723666632872231098368615193952759062173263436609247     
     5704751467871387022238895625222794039884214054466773347449517875657970     
     6884981034184661663487911325153602283227531372138937714774849564752286     
     2433950150397426608507824549893312306445821209958392375502087420644953     
     4208128537907110520087989008050902237853118524755911881829894024068586     
     3228588648654889823071135893394341491977610424557938611202813462426890     
     3264745490546945699994545827757123290668455487375456737577543543905944     
     5202621917057777053057654629101238190422652586916781410007464864409451     
     4441995027976731824642815510725919080456268664095559008035338604634816     
     1272992514760345729760789038608707938066245977987770171307539168367728     
     7574894067628338976767476099830903309683072095390232577081485896061829     
     8077415947160100665655963145659759690442114773523322400271628827045415     
     8367218840350852694543949715827572503406886181152090814369036473923380     
     6400131460303015875186622329312654014951699594833861754674666901286918     
     0705418451229462962457993830383874955992337702454972956114321304623908     
     7059356039593560823144902582799897835452468159220507842152266204905383     
     8105391316957582664629346860917512648883948477628683391997540021680870     
     9727579160017581063647892658500979489473983384305666818045317088814424     
     0494066720521646543329515613823188847015069065028194052537150597685531     
     5769436634751933059780828692481090705885418849545082115149502327184646     
     3536132371372035289734719231330427382360659453274834316945075172247317     
     5480661584788045139329231592665731778845691021413436347482418070984545     
     3835502423285922314013711464109633843497519488389360224323231641143950     
     8289618228995384470557399446459491418890488893492925514355550994059023     
     1519888671667128453481970087893394791760692731711907862475395576198956     
     2355032944662479389354108429688082443738115753174356092535825222654458     
     6185028953788188982495309357279467846357424375796548550489399066806582     
     7516625652183599916878960833958452537795947632307808391295935282373846     
     1150247600388192750157776114145828153570857273983521545152495233268625     
     7584159077612502443264430545135593511138130383231505708988658997974442     
     4193068406266175490560752110623688635847640087487786104063252947062902     
     9226597356738026930858386780653224120906859280600034399422792211799198     
     9282113969572911010570905278725197059724643704429603103851377321833377     
     8519463475340323083899690098519464287437100463520307177600972730251889     
     8344739616134815502252917236270889395489797903863098147687302129837307     
     4775530192049112022647525755147993841330606150035387285280702301604233     
     3523145641761644641280884696716543579256797134689582881070341278547793     
     4983614055690201682435560368070622412185303488518339597941676911291229     
     2736697194421928230608762390712245940895666946068326871183661308928655     
     6989729130527767809141621698087391400162330848153212300828875818851138     
     8054239552141170949718707644462770373462693424222365405889573350709395     
     6174197759818016175092183401243937491186705166980597951656380647365124     
     6464832684821535922390000533975013810852979659385539565677875409009370     
     7061627226397474777451315779889433639475062184521073842053669768272395     
     4353170562832575392935971149066150650358868667717827432572630177669877     
     5205972102973959662498071236369301628486238207672232999664076650905783     
     3363389645721101821312849467033323596830823038797338873434414753032664     
     3144926672114207158769930689690947146762688976707900040399803752860204     
     4851493004975769559884043955561648140588839139870218835117437643685023     
     9697326598583865327598111072880344099143784907127951325981830164868994     
     9241457931890773765997948212509033194696383253141744113930283242288079     
     5509534624004280137003130841376260661808913053154770729142847951052438     
     3090483215107776880027776166000053635019865379158386777971683711368912     
     2055264423010373606443092674486091098668268465878308545432864486981973     
     7867192664870475397065360140795470571966428849921783544922173206516221     
     7152971682302961426235071963847933094109664040291314840361290182450101     
     9954903428728793662659674312918468918571750373350418356039595980731884     
     1387016245151771541702948196547533319474181861231590518350423174456203     
     8910802722046352866279432015259065405975664031247011556981115132264218     
     2396099127957885700348171718424196085817750973928547778927781988054526     
     0240854366297943458630621176510051127310345549499205346280268585957379     
     5197116725028736144237670000818387885659153378164119353282138897642699     
     9512759173950303852740827758562223634836116139195881802204574590717466     
     0516688460641630548340951875470544219274068878957428581640417634295729     
     9667889258865550340536098820357517225227788514843667834014404094419416     
     6966515867316513586012762774492452272794139181951443181947928371332430     
     8938949634613079538630350354331525287150985954134350178832483118021665     
     6021909060863838980906817281878467006644213669601187815137414647402248     
     4673278158875194319382713464270831970983174849663994515708776070089450     
     7932387208847720455141944536430795876647360964534671501723163077824799     
     5847689035517356361012795332054596001871109574380974604334848280333654     
     6902972959963798059684287213314092361670381701969940093051867457930428     
     1243447540241328527040651728730879017035067968945299249490677597720963     
     2291325670340869926762430300545025934253691499913265239939107683334351     
     8424783364211151831821000152551895094571342373828127980546155117353977     
     8803307679274563241137491554534560403794860812866448711911714971135628     
     8413777206541762759067985597824618279392946724105130623688495827986352     
     2440536757755437228557450465890848953227245594237756271479773831763945     
     1110696879810728089424563497223385172675271815438296731716650817293484     
     3532621943808782595829025213351312134282253125899416599481428117554358     
     2047669996605284635839492425334400874948550099221574455937022638075317     
     5934614243144759680623299735649195558480074191493939291196114766041310     
     5070507699994431410211333464042598139156367806929730281405905552151348     
     0490534522474581335768899053967405943358610597782601760688560894041454     
     1014886078111628029337863039640718961340781495566047924719733513960327     
     9299693833224183917402062530578305332103966535469691127288415309386661     
     7693140189939200147120742145425683933949168772870775882526277547009849     
     6808309164461652450787617636689143499854594544469601039422368197997301     
     7487344096399768770215108946243136190760448951119838066463529397736730     
     8551147738892166448270736560558622045069450602391973277288048638348366     
     3795781289958020760123447583660828901416282386315445540575540863305670     
     1316842668097375677045111267253466995481163392761209049989685824042245     
     7515138472304024384041796865272617542436112741772753769330109294159492     
     3580430288641163620707221919846927466601408876870388435792262713583143     
     1378530327053464281479067466885544796651963691821248961288776403662017     
     7561658248377294786944765257684786532506985809615932447991071996016419     
     4214897591260724278795226591600910327949539010832505992135701184388594     
     6210709250054967279476277180758573969167051286196359151791243094095689     
     1730823044780967718757764932855936079140301578234688625060948424377716     
     9285531060793305022978803640773809735044262753040056697568458490165265     
     6730549776046385301256150933983717296671461091044047750357495070527553     
     4864857987384995827027383278105857851479660781539298453775885817040297     
     1675317911805840127923125461796449394949606637182251756224897295606333     
     2384920371478202615091593922183202203142445954772170096700601948644428     
     3576171024754063393332806679381765505900914781695801800103792322989168     
     1051783519272364445541869373766251639949095340131634362485055056574468     
     9230191550913940210736658559134414333810983292031747754138542939782063     
     0833861754495090878570283725507661051724585473805789622781736464902103     
     9490310697805765370561916029069336196453025000657665372734945165126210     
     5290749312237619271656721288858728530027636510179489260454034886881344     
     0931316431881897512139422525510967860602630840293245526779867021237158     
     7562480551831480682037864928451671237388639497054631544186336547154709     
     8232965451052626411608513642377643776731213233035174220925324172047037     
     0320547592882545750723998693737710656797091413804920745434921471880759     
     6323825786004626113435999689709103472475300661008178603489323569921455     
     7608567345784835113371285782178839690383832550614975489244397741142653     
     1407680427961782021468171117429927644439795662293094990947478202214592     
     7677255986595290956410177726156725818862547660087415632688960204425767     
     9602579128021502903181101374831150672545477329902594188991834742859945     
     5806608981720734681946984233473054026115089022818952395841721687101926     
     0042182241621862847788495516843505567657000171322722826009433176864295     
     2499947684777377625999017253408515521203394815124090304690704699830620     
     8118536888996807475942441898908414750249949783699787763122970032626929     
     3824835056736042962850230771005934174608381484536537745785518675926935     
     6022448397599888186958197961448561889922328699417738807610939911126728     
     9717214162221627086928714885837678359559352230197578434955937075930122     
     5831006488442023834858575508556640970650570293081776928511265289979768     
     4129086213079075697341804804418334699939099786835224906759577275277625     
     2458650618732728237645053453020290862947133208090519605142299335385473     
     1950438758921609713527573435174781498845315348174104237504187555801516     
     3488891221370500151296730807606735343321801004291073777688519714362796     
     3569353363578705394356353029331658654240267253948224880024375278209009     
     4909094256391077957816552641627994132561113828379676216468007346372504     
     5917118068888841411173983987368177431637224788533200084655519725680525     
     8110019702729239502551323973537918330268993813565918200670579583427203     
     1416383718886185140545005028502888247165469694288925499515918822226120     
     5341506006268510171369825235317627442852763061338296725034747440644817     
     9366908488620077701294858676355603439744645081542928508262325339063228     
     1496212236365531444232006052591737164607560247810743516877323781493586     
     4418034703722456775951410381264410688047263104783644403966033892647299     
     7586431797937194543632527078293714670081322513775972531027636127418265     
     4870131594136913153834484618087476201608708893914182867564863826250056     
     9042216499281021741066749268372536188174723907974720544554353785864989     
     5590278043080738924555942759272907534785987075704421866862615391792928     
     4003794129196070737951801138832683650367116376753027573946553750158091     
     8346830567589149385853652201908494516817567603802833031657390243497344     
     3909866870540384675742171231628356027095207598786249600660319822798808     
     0768304344759935152423417446098497690274258253034534588906940883307780     
     6156935534266198537831708285208584278476812319671283280703581414608811     
     7419480212553505414603166535854319254378986283225143708906547716674296     
     6802682696735196981793812376487494822619149006338798575766395720284536     
     8172589708115276397146521452989873052418299474515821092069039823056751     
     3115858761478686973929689105309686367605276487278699740122785604769414     
     5891841149463925920463817753096992643191550425717953244530409585095220     
     3132610202792803883222828549524713081146040922816902848597677783612440     
     7076241218398790551428953791474849528284982652850564537694495156813907     
     0897080758173823656451384516275634529212779938298245622004400244387038     
     3380332575148804351490155329892780554856547739959642040450044629425547     
     9575371127975239127748765146993707187599948716306311800698318186486676     
     0414249792566069037833465840296481697221628660104621430401124753514423     
     5317268897902548446405732110096877460143384528297635520558267559032503     
     5784863220216845765300188504178719076028981306573778968175467300170216     
     6756087601141463182055118851634660529979130468999076766195537694057104     
     4655934437032330980551576365089553380582326243501024030280445117582974     
     3002227620936442713960919886103963671373397777785175428361774898132385     
     8202357000657234846309963026251581930111291418406089088040960000000000     
     0000000000000000000000000000000000000000000000000000000000000000000000     
     0000000000000000000000000000000000000000000000000000000000000000000000     
     0000000000000000000000000000000000000000000000000000000000000000000000     
     0000000000000000000000000000000000000000000000000000000000000000000000     
     0000000000000000000000000000000000000000000000000000000000000000000000     
     0000000000000000000000000000000000000000000000000000000000000000000000     
     0000000000000000000000000000000000000000000000000000000000000000000000     
     0000000000000000000000000000000000000000000000000000000000000000000000     
     0000000000000000000000000000000000000000000000000000000000000000000000     
     0000000000000000000000000000000000000000000000000000000000000000000000     
     0000000000000000000000000000000000000000000000000000000000000000000000     
     0000000000000000000000000000000000000000000000000000000000000000000000     
     0000000000000000000000000000000000000000000000000000000000000000000000     
     0000000000000000000000000000000000000000000000000000000000000000000000     
     0000000000000000000000000000000000000000000000000000000000000000000000     
     0000000000000000000000000000000000000000000000000000000000000000000000     
     0000000000000000000000000000000000000000000000000000000000000000000000     
     0000000000000000000000000000000000000000000000000000000000000000000000     
     0000000000000000000000000000000000000000000000000000000000000000000000     
     0000000000000000000000000000000000000000000000000000000000000000000000     
     000000000000000000000000000000
