     2184140953777704619347695617073136909893106681571535112710969077580928     
     7703334165334242362382927221285403856807025216823398004585101687114608     
     1798155471502414748514631984481102418660815393682126138655904601023436     
     1820114819829024389738687782678469450522700302821532886766766995490351     
     2816411739470638493013793388317145112510904024462765081274659832822758     
     9562593060966416220618013401448711131504400833596118516204646437581923     
     5995151549058282444141355730009213023387340780201860879459023915771667     
     0734752844195632065542822311496852397498040986091956628473069355515712     
     6156535539326267990255860651461811759976350173011050247996598385888482     
     8084346361706838396643322083325739144717702986515300908963652219920368     
     0494351814891547566709186015695758097684947331988469851661767909520951     
     2202006667654660617554285280152121033197080511852562355581861931292102     
     0273549020047795473963917035708285500103161166260569298816782652785671     
     7133626142463824936412645250258871952671309894796607640327398533111053     
     0528376309797238991677735012949548630663369004813644765979823454260689     
     5575828505386244236154614330266530946763267470264634922455930223891377     
     2309545569916497769983517418107856939697339559167410270648692649063544     
     1519532008801825505563583152187246562915379451556460549679186166762444     
     3633286861614173995610336434640888683576619755555119208603323252554417     
     5741242381507040963502031304913137537241605545679812729320190154298119     
     9686666898628056468695694308588625329281803342390360393203670691406922     
     9842718938479998248675239222055538245622651282252449518683460347705478     
     6788978868906017319489045387421572550607926820481335442058135611958431     
     9514863636644427677442459046734877067382938801907998614078175681140794     
     0734892645001663105723434768731644254653336321082606022328942854180282     
     5752585172674798233506879498902030048575888143805017521911979767732832     
     1738270873965925913620202475570093394632141792771101241766178126437696     
     8848453740053099458749516738845332465708079303460454279538353305251166     
     8224852507763475642120875565330720142703383059384674033973188638824374     
     4771785914651702820212139123541445384578560961264046294661748933569992     
     1606689131951483061269896413873480745891975194933921184289657905691649     
     4696630973556376119659152886487474875678417855631597804953840760571361     
     1246400454994923213442489762901322539541070600707927032462927795463402     
     5140671588219941983476879916258756489946515425467104497865305516750897     
     6012322065181864607992218155793348178540357220599003184117452936689833     
     3320777202631333052294723774633446977365574633421606581083153503479349     
     1340697107960370183027219014975327143018582679313931624463826382750158     
     6815914045032729315803699512897969419904165933582829484197115185031988     
     2233455317616890680645919007269693472509159723316050566764505057514275     
     3669894499789629378414179292092118257418441141103518224879679677230629     
     0365339191192130713264524312259899883378702187541561292141112056816144     
     1947937637716565381389169564530600245109326229943539854438078113691659     
     3964588157224777235631757474909200288667369953431505024743206841102888     
     5084766286675626114076179488348935564392568571738837775949380003822981     
     8178081369315232541445922232425165427850743298515555131545285310456161     
     8315223428381705361408803378335983016229970157284661437188468872181498     
     8437324437330197734138664928012893918365292759516755382065524369810541     
     9286639185709346480778095702554875297614459458640171778816134606723585     
     1429383947542477545442289501098901078625511427117663506167959582916937     
     3680657262095245336175405814290678440376904908457677703842049741452269     
     9517265975899973926534373622784613447580837608879269157663056702581416     
     7859781428238081773481121809552354270062787325803511599800109247987445     
     0073467842861886434908197350968240008616826976814179573311844566054373     
     6547073195265978605470423194634532886360892671531411947055760552953892     
     0606438735250973031679531739779334354481517380533711284132757953678050     
     0383624591580696482125865141674943034569538593532234512869250754719260     
     5891136663726246640796416200068785069304294104542098747703062020562171     
     0081411618946828911611254941118231273016837406173467062401491726034761     
     0601068443250862117296750237924525724045304756885756020620088937842397     
     4559240158809307998644289785104538757637130225596902162036573128898144     
     5755785319921242651668777642318889499312720748864667261468514650266098     
     6579178869403564602216359993333643361196149067340553404511676493621556     
     9875896731931659392008461181938111423404245328932864134185823615785473     
     3465517085826161992243585321318980758202677719415163936260503239322547     
     0213422859411300418599113116680341357410428262212004159785996630233941     
     7620903855005479904525453400282760634235613378357882149926903262901559     
     3325873633516165717518101092044391548190935531397213705621613177450282     
     8757689583049356556747384452623016260406105502942882009561636726343135     
     2998764076413193162112206804217305886193615715546476291418393836846424     
     7690511357836857797473709520046263396642413656275758119209251335820962     
     0661588536431840686250552705408367902745948012914225864732235772415790     
     9391170475515378036402435033690189378476533959792615751781280026542780     
     9422244559461852923898817655522725687722291051112997502462547165534918     
     7203847484542745389521267286095722328785245866782328087085857871468321     
     0389656332868062523828643586263302846375501092407979127032324546218480     
     8457724978626983666082439759397034624898347669058837465580168488795567     
     5960499483241306490655135517196062490881612541142294126793414184020190     
     5637944436389654859761040409509547545032347806797700773291602257669218     
     3018707572997022157828590229255717504699609900247786067914778368791057     
     1320735504963563053765245612056125084565868461059195264792618518606322     
     6693860352531691673090393135281590164019729737990068024103920142749141     
     2712597157238088543038787994967386675984066660563464137331892967832987     
     7271819258660321815863379126369023647781815303872916982735635072864431     
     9122851487816923139192524321899074287385104770522021201487356839703992     
     4285985396234547810046427002954177576029633655165833565026351102548254     
     8210573288720643368224845178380321907750085854184789957238996507838124     
     1034601665935200953576353644175851678352475378225133120236453353556863     
     2536950620516022562874328186708138730750918476490110083626697434559428     
     5653391018105203554514323599004499057651003163928637887135846272166775     
     0020973641608067737152415854180431501419104218002734808026371664280833     
     3813345582878528459808508174707951520609893480398842416641787493071211     
     8634127969385372464470180924218708397806401578238103874010964637454091     
     0320549713475339326168135099118629628242777102606975887564853854327694     
     6437736558071191369424464179051635074423691975131089851682945152883297     
     2129483177263280645706821238044790633946913948252080413891486353280919     
     9959608848187776422162560923637053671277482249932703675173370216227085     
     7615257124291739160126850352718962450317067308701089532614726447577188     
     1194037090554899459963384325985328746733388521520792639333080725629991     
     4434866841056274486066423676184408873640683813507207500686334245283602     
     8311621242317850089429940969470977732235100605404177242938927498932173     
     1731282975247145530856210019005901320396504689882158030116051489908634     
     8760006016123198010027419628091992544569184674629575355284467249896204     
     8617246854188921677765461972429541620471216705229792439591715401973811     
     2758788076207305124227069581702529083969106239093129751758133481132590     
     1472550106796007553243820403308064654581063509715540047661724823237007     
     1806163500151070735959079243640807423630582329159234502651193327616000     
     0000000000000000000000000000000000000000000000000000000000000000000000     
     0000000000000000000000000000000000000000000000000000000000000000000000     
     0000000000000000000000000000000000000000000000000000000000000000000000     
     0000000000000000000000000000000000000000000000000000000000000000000000     
     0000000000000000000000000000000000000000000000000000000000000000000000     
     0000000000000000000000000000000000000000000000000000000000000000000000     
     0000000000000000000000000000000000000000000000000000000000000000000000     
     0000000000000000000000000000000000000000000000000000000000000000000000     
     0000000000000000000000000000000000000000000000000000000000000000000000     
     00000000000000000000000000000000000000
