     1805109453739921755920678549389026927570254211429915572655694289272238     
     9474093630600023868703985759710490872634802340574328040668415434723159     
     0739665508001381101612486900539990749553143623400966914298457978979456     
     8828043076316985271430519349199495843031175573244919512023343239040173     
     0163986897715806531851594002451087584479787882741913535680696294438483     
     8372073691531481672143091792038769514412113263775359557735477620518134     
     6886861068608956561106233712460042849450407763981224468482827376776013     
     8143817315449204823561888052498970368766051842820051626484443458330799     
     2169329763990437951767743429509156584934647730984783369336717678685724     
     1997670569793277782583620026568963368818331770853234916697757410294723     
     2040606624890231364836965523836741065378958959651505332675659884334602     
     4014346154083851517119004364987057114273356839440719752829484074630184     
     1226824308025570191962508580815182660932471739703927162432076745344040     
     7899151354292795565910887889919149906365325764790675471133872755236312     
     8154661663497086483670128253145963741838822670701322677157573640045443     
     7323157640295238862588594058502689148818402951401265400024459468436058     
     6420198142735385240375615392333733235892975489052258056484437524953906     
     6342094287743778220651559763343584085542317966174858465431549634599079     
     7102442691598699646140425225687268138186373855022931975207359605793532     
     6602231098621441106138002870304821377530942647587003840234737347623037     
     9477749906881235603698489190423313296330034905235605298108041654232439     
     3200042041456709288716128498592098156930913935208956425686045134938791     
     6949986427868908737095298960985800776128853528939413525234026671640572     
     4554156943411577185775269804759003091607253473783020384655315332742857     
     3046401318816753717968907700618651361592115671058877401729404468020771     
     9741142326545604688200399463583375947563829824413958665628891816191924     
     3196614272347953516523561078209219737980458520111800771275073962880548     
     9268574309642918478344046437227457769048008606486978906914747759470647     
     9421317601000187813082255855675076288915520927798782388036354671448267     
     2032990968896801811077940461048162299941344926210201373360374146834861     
     0252638877813395333532914324807922314115453455248672456155389522626545     
     3139868735669367966837626187314477567580811596168777094767310493916575     
     5751442698225528699390263355967749774021437521393130285174798004305396     
     5175541991203970236010778581128218699076070642528007103683164394800527     
     1581784347033945287429361836077575171013183219467634626170627575712758     
     7162450109376151575623336321507314836166955707192625466231491038521696     
     6851324235024641843267749169923041113753852590330621749179729274413729     
     4928659715812323651320992312208859679440162796865456257443939271756102     
     8428028146307732018746074096711781314525167281916932127114383113419970     
     4119502568942078150233892256465463069430456524795810598623761086460593     
     6796383920154349870257565718052183077657823602117997720874461688689362     
     5023678949552415010237447451745229871930700512617303647036898815991546     
     0403377392481734185410849691339299533316916194332599651971981808311550     
     3386983991106349259306761010597804268630372121856374940099649440841436     
     3847654464323608253009474437397617224226087219877850839143687034896538     
     9324940402122000766823563383873878339580513379803646036120219842824892     
     7846638464863088151457579147026360003608911659977343129053349505459175     
     1808260045944572981813193832782782684106571490915256560272896250499417     
     5358946809978899484915423549690231768052413231088216069263406529909030     
     5597341121109900403929883156179370245089073434819712481139430593948020     
     5861672131388301863508520772540924793143405857182146659929789390289250     
     5894987331144480419457692091638721312813170241302714992533230755763366     
     1033171967359918858111796245434016408665341639707059359227267713788801     
     7387419959942988935887248736945956237922854007458207834853789228429990     
     8560308188865938102785283907790325554378221878769407564155732187484493     
     3842392095677233373458013495744979480462982725919218850247684809152125     
     0350128490285930193978529199269189959608021975830210832827738337364402     
     8436934184484914552387034021032478393687731576524733503558492681883417     
     6305261532679364298127341480941003213315064749391430065796266741197343     
     9006064386686973796519218298002648942162223401692492533705479952829472     
     7341234182134332453343142000623804882546789682741516845615426459396777     
     6214164873777987664741583297352297591439809795573171612694224737886407     
     6125968408271857198942900185157858880256451761375203058116204411114554     
     2781012529586670263084535100605001249869576418852501383795312646382285     
     5505087295274413660980758360242210599926525060024984953723419371725486     
     8908895678428843106831824483521507986016185354545414465566828516634157     
     5464621098549344798178153197956758943985077472474471927001351428150428     
     5706104320086974131149183800881334327719965434121311920712654556419891     
     1504266275485769594162002499411365014340360719760780232259662072456778     
     8436241551936447473295437228118951763187261236665845725001165841348064     
     8222546628752355743748235642647420615771235091442308246471571348725509     
     6849086029415978994589537587169358464589809012328825106684666010698473     
     3097050038971570836211553957338659291803706003305598828319979320461666     
     2857826155771043154100256673301788073628517232288607570861829097139249     
     1278851255145742361764472483973042328477192125440714362024212085469617     
     6325792916061879091153883305129240835992610639173516428196927251365127     
     0926622023712119653280028860357140410202723967363026959421537635731956     
     3216476528191343927287747247071391353555556842351032498995297105779107     
     5065450132112836274341608802698941533362575530924880957568105571907685     
     8337762444242663189313055555694148824484590433941804949808961981800562     
     9735770184014011618950034837236710962009264894479862415133164162152772     
     7572269310539449238764845488716005720462963302215999224161970975425828     
     2225507428652535823822969201913280114735378266315207167246136045437267     
     2144922814038597742699849234405242711892900143700923151550544972558488     
     8642350213153175510567204184825298479571860879361288800571187659965329     
     7461255347838280696819923067963476892701765045824123117096050867642866     
     5628246774461238183700681804299639917934228999827404441534846026595125     
     4777187804127971391614531126693062426419252704829856045955294135817977     
     7190586297415357529178941946501469663088616677600693284119667845407873     
     3222636513351080806173405174930130251536916489471507309207987141360526     
     2114963637988516575234035369782503574722619630090708815401620822073807     
     4978095739709726085192238570300673002043039981627721875612563653559515     
     1832573027347423800005731595055556774882301870202450973288450777026942     
     9402635469138769742078318407296911086556638002909509258139366228449026     
     4634413235402851126397465996544909006163035184402784991559452859514374     
     1218262632075214966061699472936814998484973230298016162638039074346245     
     1148079065161717999692146221490699943818892210335482547291836689147539     
     9335949580923722445911872294550805503533200682786505602136706914649780     
     2873826239437124559745637817551890743676674216696902817486718320793308     
     9891071815675667025585733451232490214913340238994899789932623102936186     
     8053923467301420330011490978417783420952395725558000494523175987469022     
     7364271163263707758318504481418036950156633599774895615182321720008442     
     8806077651428648501933965222901179365596032007118233656652499712957789     
     9420712450958833567166281231122737103032206324202140457154351530586447     
     2342003572939614982539080168316148271351921930898599243088994253237168     
     1617555232380254069346347639796036845606086196823246131581880181529921     
     7791974991207445065707376176094839966562413188094426219955527077042958     
     9876138586069842224736223398947719213516343258203282719040772258023140     
     1508211726523277678656828182891477013043172771758642305680324673347139     
     5449109324980860171254460864206291311554139165779723040126192372059277     
     7240156347672136079256485589551112747113867020399014938671693768553257     
     9268742791413592101269216133120099306065393391809233304619881537416886     
     6301497165118479933137781935434925940768622563466960907934768072121734     
     7845809893269932077053119089417135314610398434195095559403482139237716     
     0331988854022549798868787716421829524607640834933311060570128917989256     
     4834039951271621455735076099379026949032156992803441137094687505476427     
     0585684252529391954689497990676254710388856858686015762687047303985291     
     9155634481551591032664818440087479682896913000852651799696337304407321     
     9893549094917610978652505095627965705120940610748718182527071630995147     
     4320808243387133625266062130928988073638336999401572485234488804980766     
     3552812495585827958293658766179022435689238450956301277733531661431201     
     5092283835165149120176784230475717680851091756077964183446666947438525     
     4134838679243027561404653646630235001736209159233373096125904224258656     
     7069812400729940876191499199896741285508126213219201315109503355929825     
     3847933283856287252148966841973351407925295014014859250292430285462771     
     1828922158688219254801085292153419796910058718889423871549969340332862     
     7704193343595017618965385145193391946162430112939757781686662419186502     
     8140761434848404881065446404971347860618108124434948624930096256261033     
     4960147651780159628086456858150881189233264437772492901196294375289130     
     8292907892347502327165245176203013888276510912983393838564338594217239     
     8399582188847733817030799925480748031984785730596036841395728425657873     
     5925471976805612353491415596290266768614202877535887185848531037935164     
     7681159540204283830557884055616552137647322436782780077138785632418638     
     4681443252427754754999518022648105211913125199447127320679924536931083     
     6142055147583896169181214360172044645750485914341063309950925483904468     
     5382279412723042913857509986703331594728228124275039190638699073458592     
     0821085924606838329898087195663380269311691791258718236322784352102379     
     7728018940300279142279276565356768688567826351686787751295761912057425     
     1970028467282093781089141445089461233089282137919917767036215224377027     
     6453639145205661242170409810619687391228215720133077387080298498880706     
     1537170131273949361050823047911983201033100143317753539321917718019928     
     8279723119872025357569005298139557542538037661894520218599312765794669     
     7392950775147300179387955314525248589496169368185386183582523045756830     
     6727842597124188688089857304268691305162017676520781348956818300707793     
     1691966855925999605464309594591314591377978164081156106550141587967392     
     2149531306139835457648734396863669770407844763163357634791307049684485     
     2507239472297549660028319327033327233820315219689370912207685532107225     
     9871776544420785285081465212024951274056389565782072236249511556956876     
     1032117356181509114296736462856343274371424255685464375534680482064948     
     6882176317845215265258229002875068267956643738373455892623407437008935     
     3624045482574996656852133911007340032134052679723483641232618634013207     
     0471967909120094464678430927779203965161273210470769096647194094892949     
     4963116881246615361579721543593739112359593079927147815138498042997240     
     1249910948636474283230724142017204134659708225903444634617250977095690     
     1414546628037154594496139779175807168508377798894519519735723504625895     
     7441785480107724770273557039835670523984591645551980267863974725843624     
     0755700504358763112866314100543039997354910969030487427756443985897410     
     3993032505283407715560441174400832118581588121551250260608936521636948     
     4227748353431050537869588065097803402540670592033201062688879539456748     
     2531081014155717855829128423285615924008480568790534327260642144226936     
     8041371769747181037929086228267306798270075511539277127184001598908360     
     2842187584479711754753955102043790707961463056650138394386100863304968     
     6533540145861127271654253865053935748663672714930169121106100810718822     
     4073511223257537559393897170091534529679939050969926210930488661043588     
     5085882610186951851849059142935698456786138119600133547615337614778486     
     8690520944598378546372503783800814091559833830160349381483053440656533     
     6724741922784853380726805490081212877941479289546637174336555244639668     
     8659933894786147171151852501980454383393960117525727804405153636941548     
     8073341736146879780254909460221453852979312381921956209817274636944381     
     2207369204084907930171622702310574593296806341587203964864393953474392     
     7270788133130989927742310747886220260336192752255732631917818301749663     
     5585951598173369596693325718525853114214902351680714237710641749242169     
     3155682005645253036885792234372171052989728916142861366802427133762713     
     4233906261098273376820835763101550560089775573691000409971592417435071     
     3705914391518055107134508792850412414872888743746482145542524984557748     
     2203172131877312378456198758653496089379199853984279643855129433430186     
     1853493179095836469526379755054673193584545237791309085121006694306371     
     7549394355251130859815046939233517248894467077614652358668137539287080     
     5816721676006722038973129936627582746307699429434605726218204110269867     
     4599098211979290183286645176916684832592117564576115712339351004954084     
     2626654252556072388729426998027226387101121255474863176981038474123590     
     0767768636278747278871086101094130614751123391477275725721681741875209     
     2922991213815509127289529913071828555479740747353358235963755607421600     
     6750771745683004221811522434970305844239349190303100844078466046335234     
     2631141090680118251254429374591843710208462837251519383581433859896484     
     4657132416108930604456140245880243235493687907249220399594976563531466     
     0412812967730922937191964897364821239917193084440202681393640576150199     
     5435226097256263836952939963445939338295884979755417044108385343264412     
     9667963586574911249861104059095018174112964248571343445611051194915938     
     2068067030010011259867837959126270675205288139450358476445510987704375     
     9893854802657876464648421153228671963916019130614929923711311932409123     
     1387041673170509949233173830009276645546353366831088679878992526472328     
     1687591968975940730483502946696134244547079575435657844874521356523868     
     0428351139546751712054966388006617493555589777442467824113747536244119     
     0179794094740190998376564996120323497663988374926328693354065230315640     
     9465847417335816145960830052518262482259329378768997457116322636679449     
     2215873075697078535178764667342338749684642367057745470616783626842855     
     3079402298418267758752098705813485223737653568804756308201974996322307     
     9770101773035803276360729906208982096502971199184814932834531622617105     
     2006914918387608729945219984706450444664375178649173145159258815015892     
     0114046695572916301302264244303284668665230970461969847349980608400858     
     1080675597272809471577212065953762241640207115698991682524874352343383     
     3984580437769726275782027361998740444091699045226077426385595470894005     
     7819367216633553067595011783464276827704099219087691440329930308684302     
     2205385087265443288681333112445564635740619819079798161306696005803316     
     9086115179923652627795468208749890794808614937026202128621882548555516     
     9719214597009322870034620518673306012253283462388277668956909594109036     
     1197956075339877619409019329234400885053195904036277469334524130466848     
     1190740370780376094858011265905240841986262552872906835065770924864972     
     7915084198565665828585732375419900461188632149363884417335662624200057     
     7211336894109624712520979605412868809403336437739549241982263280111776     
     9051719998814248110090261313445536081590791136840673463077236672391685     
     4634754879685297951032663216634223025267306930745302678177383259501010     
     2378421845019393835093622417436949836532624295937053527578494127566810     
     7033700023762964078762467438433334744488565057289479242708323346679085     
     3486092015298493360924877042938445622516628973491985084367101774692367     
     4225204860722412841131073221714964466448259118624548135858743355395117     
     2531678507480486404929752465937511420969757433671751521768318656886687     
     1435214271820488427542432372012225425097849904349721032183164923333127     
     7506191467818847962464949075813671804420111352050801022796595572294788     
     8857548298293274888415635087090964600657430939482234481259968471591621     
     8175894531878493494554400633598771200000000000000000000000000000000000     
     0000000000000000000000000000000000000000000000000000000000000000000000     
     0000000000000000000000000000000000000000000000000000000000000000000000     
     0000000000000000000000000000000000000000000000000000000000000000000000     
     0000000000000000000000000000000000000000000000000000000000000000000000     
     0000000000000000000000000000000000000000000000000000000000000000000000     
     0000000000000000000000000000000000000000000000000000000000000000000000     
     0000000000000000000000000000000000000000000000000000000000000000000000     
     0000000000000000000000000000000000000000000000000000000000000000000000     
     0000000000000000000000000000000000000000000000000000000000000000000000     
     0000000000000000000000000000000000000000000000000000000000000000000000     
     0000000000000000000000000000000000000000000000000000000000000000000000     
     0000000000000000000000000000000000000000000000000000000000000000000000     
     0000000000000000000000000000000000000000000000000000000000000000000000     
     0000000000000000000000000000000000000000000000000000000000000000000000     
     0000000000000000000000000000000000000000000000000000000000000000000000     
     0000000000000000000000000000000000000000000000000000000000000000000000     
     0000000000000000000000000000000000000000000000000000000000000000000000     
     0000000000000000000000000000000000000000000000000000
