     5045972934805099635474075770277900491874931712400042065133806890611021     
     2952257478879063229939557174569529995854673559835495696866870810937787     
     9265423854270624324418164989744081676801690478647177379232199173894018     
     2661990959810276042393377524641326613956241702669448741177448659044463     
     5371597249096876865825866810959173509178601377553056593658000870200971     
     4630851857778572807582074519044758507365817716268869237667888644108337     
     9705020135307074019458057973463494341002210768682947258376344324932770     
     9946116156378492796328793903127356155643969969047166569934085599487726     
     8297273150233978327451872052329742603524160505600423387358727393524799     
     6796418029190914314325726595133620103486268225047139615358726963795400     
     8056718939440060670128455540404056761039228878601797281828130961458599     
     4667957014867350731771022867902596828150112704545556555977480556233306     
     5139549615815147029685458765501904364257393348419651990696285474857386     
     1045689938950574496371745507758924922459136903130553470371502224586848     
     6200087075947023780497159146027744537836425033086624813505069210113581     
     7136300570833572810458917148553333872996664784730531701642838752772307     
     4273959717065246001908285407283381727165707706959380486716506647071730     
     6793011906308954324020254685552498341715104805467821177400704530006689     
     0499565321100588683612872388481125824115303006769164359046937897639234     
     3733281872651252540591462868753562864316016443594320227646558433604330     
     6119908705262935857786311184108153990713199365258924259098827257968945     
     1868055144063294293934654204736088978621576450487467270308719746307626     
     0297822821131972192476887273410604887585042984910996836421175290556880     
     3512874083116903073774343770473858438784821692736272746710797366847456     
     9348351770656796484660159716209764762667060892765707319391452878094863     
     4765530933258496143349809505310820852303530610628719014264995113983552     
     6991673818403514451214190296844425398335376327420340995299210322232350     
     8109174414632467957410118588020100804271541761181931640451410698360591     
     9950264146249710237133517629381056272310743849027147061703326217223217     
     8633937413344013565999439173113622607868215988996391675023200526656350     
     4626331457505152755126760986121928273422285415942038761854523215182277     
     6982293005933795385177717755097369483508425668478195298281922567894022     
     0793131222124249802020332781659929083128145296395196197452671155531381     
     8189494665702068586618778728935506722923573938715629825022139478937996     
     4430571396159188891230073061369119329140983666103426504041898328339582     
     8844851835552162639976707688530977031009616567063475610818747434520881     
     6103821319733851251336993709662506777815852806216604992828305518241281     
     6547298021226043539696246720566529919910001335086697561385315108999373     
     0696373045701554986361007155298181615821950060107254330651119971103510     
     6074631386303218069991623849003812410764970461110321389732918026307562     
     1597209912422281049469481819186888694079456946546179321037405091918621     
     1854782593725818395908694473147823160621740354331948862949706628216630     
     1691317441530479509638879892938511945687770205304752203593425032446005     
     2627363124132367949371849168291216201427575529340482194078859352467322     
     0969247612382383647774142535234487127850548109416428138246167465896955     
     9416876265831018943466729729695992527414274029301969851750609637234717     
     9411601236955575153821595175997883861749151544151204335333764602656223     
     7203163044433634887560896211805451840044644019128603658439343017782758     
     4340461868616091310498217420413542206008018344670627305707977093479311     
     2536736320364633405912812966947698366898325391638973491576674157835190     
     9072333815431657295738114699885176969428733099405480285348741503531464     
     4401741699420455656537678944658241783405248547827803992473591479537424     
     6395464703071331458240871472379071932148214874616900916168442190921545     
     9299136568580950360743505035053674747790071190813533988562579657806028     
     3071479486124625491422723654684986983403309468003158023074165808139447     
     9093751833975835340723307856185731309215680808961569309331008158150315     
     3787716331289572282438060057414021546067686070738262684152572126074776     
     3952908320897188787117155022835390546298568377462103097042689788125808     
     7687482482200822642823858790878701849856388597974497084306418392177905     
     9963730604919755265757297361872522972943493396885891948852797218522778     
     3647688308778901254134172589923903618456422930188197095795207079137560     
     9290753644923080099423592656027546368525427613902785980089898989757355     
     9372770250367922854577541232573879891833375932287263065736812322864024     
     9741017733279832891316649170151192122455393698078146488432559536102921     
     5836846153329883476861746977748567806608805891027503175595191542965165     
     0150653248712838863218437870260671692742410779421239092821995809293007     
     0507925226293090857356158021709832179722814294359092003102634514024689     
     7336651368115606571339961904736120149544387187715008511515593861505158     
     2406700785214632561787639516452459650028740420443651791172064278828215     
     5554808140451635396096567664520864512384344580181866504992400569918255     
     5155982198647491539445909433314515666224858631451607699646954045238930     
     8363795728063884369156459792761199447454010186902987878023748173485209     
     8973931816817069388692604026741701732461359988761676814890784836275352     
     0558039034351007391216640750406809850201825895701729445731087852591593     
     5534784168173755617729044237842238797687113199184546346759137935715591     
     1377964500207005301452451370567911487476607118467648444179132081359063     
     4393003565044191728165604735935980801471386254646277722668462035292161     
     6546492854422017569922048113874106555265663463453085070675311549838622     
     4149696967130854992206716564376908257430539335284700487025912590872624     
     5445587932350807766241685260589298912927712776155102729503471454271621     
     5074086075180954904762979845509279510826052777679194045244129584770141     
     0253949340098779221092808031535627411821429652646271153325933885101904     
     7445299423191546187354307796229867626225046915714057091284438668617813     
     0625154337987543078436745464006319167425159108017880233170085384077523     
     8849782037788771257386299945275620008185945782556619090821560361862534     
     5884772436584807812447312478638726262768027684722846690972669088220414     
     3251539778843751776558123062154763014552488947831608303030144628056445     
     4324207101571676384905681390603635608068810017097054667635590567071051     
     5218567073841838412113181378735918870489208757308118973113059214984461     
     3159157465905969181125584181063181163834739416807422790016800256126713     
     0056781939285883456502313761446609914525455739341562100102174202983600     
     2606358437006871999894704512339446831809461156400904802676013648425994     
     6902859782352712937189217356265019753273369820649105316320372699678542     
     4807214493547325645505914096917288500615618264526335550537979128064488     
     5240761925161494447834302358045597200973822663575571761385152535411007     
     4301620244887182941199500838009361011318618004219628944511723382439892     
     6007387458613651057432670577811258353350193661456506848701007703913333     
     5569876418847430387205747367177335282758652330806085220127933183501563     
     1847111169799224265918537810868653501839241904749829615852427256338051     
     3900348437460663526092656560639159964523616911698237385453689353174412     
     4819103253997296910125259857560668685880394758009210117802648999729647     
     9775253010644360260101343977835813670386082452471289103098990258412533     
     8583486758327204911132550443248822548321168147185811145927235981170175     
     6461534436631450306376630479946794781722858395937284210434322475347991     
     6352953058188802021557668786454806015212881523146205634027385813147347     
     5007843374875963289541809697931647108994074371837073591415811453067260     
     0796794975523118242910119863196195650059429257838811077401710301580588     
     6276837728456508734085860012328202620411645263059061931355274052377918     
     5652192072636801956642010664912648824009687070308482172459949970848887     
     0119655897138894595163083297664406570689061608914533011534989672381727     
     6961492977703500519608698874607695159701768243849353686446468303407416     
     1568311063379250865341323984368856464015651779845170526696674548754044     
     4337564008537204068984893727887595420417241909370888616069336136382791     
     4127053512313630459425868254334708076241950586487324469607398409629134     
     9368422441604928964966353940555126462706004572378723088134177775441257     
     1383421161587337099845117293754168715028081400286779293768703150512427     
     6646326311030079717753934570201423725329639132230060694523262195550351     
     6662840818794211966750515691871804286033963959810904895800548106612115     
     1542378683364361240558488701873130661802175205485478126786201515021729     
     4888788699849877602753127520457795518357500644668938269077993893542703     
     1754644732626925550151254148504354171593379045987121430942069703457500     
     1994501931142861275735621112154256830489125367201612536887975092936618     
     4273612439144483225985602227950900732348112718131259616899176665607616     
     5750688362452133382525153510875219266222265038305972403750904426744762     
     1666243849128391696085173695997039316771288658488768804880396032728588     
     1046993259296409636956148506591674192407269701377571895615690772904782     
     7328938398939018110773646142211318045027149265553883422147449949188847     
     6789777455920395811046836529193690246284269538235609745228543448137739     
     3811360470477446588872584855790171529982376836674190135748710005841392     
     4331874673187903243617296011208996655896903900158718989612978412994481     
     1810760091672718007931679104002209924054707269193561968858685936806147     
     3849152744132894441964244024176279163078592522087189134616514559062350     
     9288341827545771918997241862772201855952448105300470793966832047759141     
     7560303800654516456909818260048202604197553149204022592800232463207894     
     4823134028295710955163605505428699934131028816870428142804855327277950     
     5923706229895703890589308205354667522445998979435083908740296743042321     
     5953608261976731983787680881677197257452100014190657911015735966908677     
     2720311276362766074394074138778284731658275233912168894526320908516553     
     2062301608276048453023870806947317643187403625714421330799519292473031     
     9992750431141470376959708235578329536210402465721362977121708089624881     
     5848460194953641159299592733119320808937769177985704854662240833826654     
     4086986634794395014032965873200094760908132613224767907680585833867537     
     1274996129192155459108054447344716481375537383708284154978968792734582     
     3077833003428007333400332800348552660714406210072726805863736390541455     
     0086358100726424607563990994603267497241227372073575317188266301627212     
     9240897216707095539686777859839736633865200585454761917371594710739248     
     6451727648581374090747264610662312943929871153477221468591172800176275     
     5109057533227532058347052084107518225996701930982377392459714456686159     
     0288152825148520169349697043196235978547063474751978834609337882189133     
     0053990475927131036859892284900164110847296648154802577264004775251186     
     4670935651766371947634245312678698305705613035158004073261987657186470     
     4628021268323592669765109233487509469659977725611952018645558604888670     
     6680156319566088529428789960455140298010579108860326325184665340259495     
     5355263317033229924911010485768197605648101596164003460299183011463090     
     1748861639229894537313118770594172678051466557557796202680300350684054     
     1865515809418113320744066496554192428739032553423362698668923062895814     
     7125133432139764189932812088576721766411453968241295031721955862344071     
     5198562545935697806722891931398538300856537352728177438327744082117164     
     0384993780576558606115892945629407575388906570415759079386376647818370     
     2817450254839992951431825371818451765613374669049038581815716020682954     
     7477119546252406103777797585046454700250457998567581630334750928683443     
     3722946057728791211276728582066910786952702335853737529043766853243863     
     1443565720416470018062348900454359660203590781628190305217803371564970     
     2031991398529070761768730456726572916563287783714677588541956116841875     
     9278386231432705324170081988745005269972097055514727420420746208046368     
     1272312894037627114032586108009843412300754766340229550515088516102462     
     2924241614110674380750615959198981067814073280284643785737506121348039     
     4427860288482230052693419009619682555671214593229320111828925930190217     
     0130510570944971779707130444359039507102185306016796136640347516932338     
     6100577400279419167521555299899742812694157780831928052760836561835658     
     6116697666276024655304895245788002891897553900465808889961354128294270     
     2220480132431011575438348801988266526340781362841564097197331567993065     
     9198821879589508986673432169032202301439775751956426768940325846260458     
     6802742772953984395174277163110916810335786367367146157296368465800263     
     3909207038112047129512923153064472128680823527106758292612959241278515     
     1952871216182033580068694915160911421025464872590218097981408199925061     
     2704976555688965480131390386320905111171913673276781927746562971705664     
     2069856997774019963411915691408795378048090527538409890826630839489172     
     1723541379812247525601031605626791359853278897294245028821288715952813     
     7784102175169843141233926179680148003329878804176139675048805460277223     
     5884297425951610576657852767257419302507943461753736359933485738286767     
     0111630177206961119749638993683166108483296698512811142564835675660172     
     6535151616566428023128266488749873653551206570712572334819523762733884     
     4347802185688590128410915944381147588331994262577107794943793336075029     
     0194992500769138813322726905980290787389205613903492666862111258067205     
     8158455408906608618863322220009884034221264862877221293256124938014476     
     3760272928627592599717346541238944173916565800953653691668092622712131     
     1180351990731377714246369204045907516226634676047860610330094648453052     
     4637819741124410658305403056227235844823482667046211777741913787251893     
     0038277633991711562566897672820742710623511847622040868696191950073360     
     0174008366850772908086043959734185851349882909805152056365164248973160     
     7666493473969386670724252088236662037911982233411126015469338159451507     
     2436524901814089638550958241441591088660945830880921735416613156935030     
     3038236724790753764849359339452136010220108304882111613438846490305378     
     9870060066564796086935541610254871778584881042890803569803620867794224     
     1893941865365355745665185452646957842390076256248125297166246832781226     
     3818239899193978836935134268128220427311612521101558305855531761039238     
     1770690597957646846783575343834647834548195627686785227501436851605062     
     7127613047816157618177517740587212321798460684007718132906614481035915     
     0660167565610010006958162346518408300239353484122062122949309667441568     
     8886755496488579038509392919597669500477257988701684178418734187618302     
     3718961835279818346472565396241219203871877363024010494137613489705015     
     8073320483280782914838595810381776866321968223664446264966581741784338     
     2429388592514725568470145992413619393412282033352187746293148392447346     
     5246465977022102794322569585490090898970522484934114666402736435114201     
     9978266888777672915755595733603333233055619662955193337697697674015958     
     6342863468451066980826494871365193622879576651552918446322860418001730     
     4203739751783279554071248522142164133775903256966426928484885772328722     
     7367111801436708434967260089539214161297496364276128455715895081389064     
     5138967865277807010657528506026880454736242616360670833918045064487334     
     5668236261911161814110781670662927872514402123320386239954978492280190     
     0825514924288709821526105025899232621680240556381670955504121116933996     
     4459967160143909090372859454915732909100914060878664432826568106898528     
     7929109056637858554701449285614550844147717462801875417548143825271797     
     1888407240581409823704737710961981525239329589397792153682986333192052     
     1381238221605316314787313227827105046946011325981961842345911147220955     
     7653533434877444228028541184874233846845146020915501893663737369811319     
     5321415196184662842165072162759804323072098354557835568569283630487964     
     5575913242967430103739456911571964064309690215090262983494843309648076     
     2824333837100163864122600610477890643085163358601789476593744256499393     
     0360578488239627094174872395408402557736386151244122562387843627092723     
     6593787325949146611926349751747358164593972959545623390763218399981475     
     5629871624320269696334545498409991920612220336306685945913305079879376     
     4612598476420813943761963510106806319343261170706381868451767585849797     
     4220137070828395174541207592329739513480983681239763376163856142374767     
     9266240959561892666201626842929738718323027686941061259758925863875539     
     8323900749764089862189171553803161175115760265096766459221562231409956     
     0087079016108329106338006037865911479312042671847180174642457821713048     
     9018690013919679282983043132200529903897609365941396259773769436705981     
     9261056066392581545024861378850226517459877844988689281180809026220518     
     7510590824998388772981887712484256062118483395937447630135485885297001     
     4116979438491955578735940747096952933124835135761220397208526021045766     
     2006182623869424774836280650520157631490751612734522325405900618630695     
     5995094358408620326827353254408978051816841564408190508184601059352738     
     7874723613812371035030974815955557846686993454851960921854225114819165     
     4143063512248890449506965638396365669873104159152819197526407619704409     
     3473918128352932874784633119537013798283696588526006969437694842496570     
     9529188064525369219843769927883423536825156778034999469710177753089021     
     8978560473086195346580144896117968126806163784233431225205141033033018     
     2628479616027143265476099710882562334021770249279390953194460330247975     
     5112299804801110699741752640687565206728649121360555571656672882036111     
     5128423872185774670179742466263062175278851788546323038372698341913039     
     6868857021930528441647444835543621190449653188682096672964851344882362     
     8953265095922492412457706804823122440523240602826692177555439393020876     
     6173789908278226209758915323914853869659506022915010151381516673915763     
     2097350086943961678177404674889340500677403922951520792507530956251271     
     1976999269883274046294703415481135623747073848653553591125806382615150     
     6221928291530567183264876016321500047564540769726552481908273418706515     
     6429815009158632225110044609974338601707405628164335756470184766960033     
     6642065186589999748008547671060651085947332513031189165590342216682601     
     5779069681365671225112341814215672007964720366036277111408784565345226     
     1937585781173645454442101780630537276629819340414397338653697588424376     
     8181277524912240354682195828394578824567915412293550856413967248648423     
     5278119532431892154946966635755978702243626910694774614017563041771920     
     0985434235445286960839648744247820965431868254880364893986111837069382     
     7212925019469602275977309736323647469379585862696397364586106337636340     
     2213120763301508568177455643304509027696534350038748862976520880121457     
     6630729988708960434030647530304833375649460809497934324528562857009698     
     1643854542923016033411995342521477477094813497428987045382655973715465     
     5105306248765915590470834300474704828148472551094716335366510561329212     
     1808601284437575397951107171471007812960339934525343307743170367773626     
     9960723717536343138217796221422519524426782718247206093072497724401882     
     5779884242477495991424674027791818027070356465442556336641786134727336     
     4161296358555199134685723274287873640601481538435314237391428062422292     
     3255734308369433119724136386597356139927817953473001070401544965955305     
     3680823090234911275502292033206241495537822275613718127889126151921249     
     9168711842701527550128889653347518364029105874763399647266408979301670     
     1328658010459467421279671761422472544198211702856213553657511397147253     
     8361158423773653645674807214755359539189350140218488504589287546588750     
     9583885632956520584810959392777323558580042187502370498435417915600982     
     3294029971006892545053709644772875698117720923919011335096764475908724     
     5098714353863820707104595569648949147644777753321972528854940176024289     
     9634159321744576953155503546152465770783307819608693418560168579395119     
     5978599050931202588517007632031226924605271269403837275845881339483929     
     1594613543187522288176598173824623823721589274250183672212532239996726     
     4247700751269464537316062712806907478817382227749533526835675768873242     
     3712284388888185025221451270222191750186297128991061900911651857524482     
     7407433932994006409811441694618645734649676212968408990517308515022247     
     2121488708042132121716003239914791164876158642295460381678250374318607     
     5259620122169171580849681053562416046013405075813171200000000000000000     
     0000000000000000000000000000000000000000000000000000000000000000000000     
     0000000000000000000000000000000000000000000000000000000000000000000000     
     0000000000000000000000000000000000000000000000000000000000000000000000     
     0000000000000000000000000000000000000000000000000000000000000000000000     
     0000000000000000000000000000000000000000000000000000000000000000000000     
     0000000000000000000000000000000000000000000000000000000000000000000000     
     0000000000000000000000000000000000000000000000000000000000000000000000     
     0000000000000000000000000000000000000000000000000000000000000000000000     
     0000000000000000000000000000000000000000000000000000000000000000000000     
     0000000000000000000000000000000000000000000000000000000000000000000000     
     0000000000000000000000000000000000000000000000000000000000000000000000     
     0000000000000000000000000000000000000000000000000000000000000000000000     
     0000000000000000000000000000000000000000000000000000000000000000000000     
     0000000000000000000000000000000000000000000000000000000000000000000000     
     0000000000000000000000000000000000000000000000000000000000000000000000     
     0000000000000000000000000000000000000000000000000000000000000000000000     
     0000000000000000000000000000000000000000000000000000000000000000000000     
     0000000000000000000000000000000000000000000000000000000000000000000000     
     0000000000000000000000000000000000000000000000000000000000000000000000     
     0000000000000000000000000000000000000000000000000000000000000000000000     
     0000000000000000000000000000000000000000000000000000000000000000000000     
     0000000000000000000000000000000000000000000000000000000000000000000000     
     0000000000000
