     8002584251610585403003576185273381157127940428625558445878312801801325     
     2065860332422552604227968450507158445251556934472711636393945870191492     
     9155899358721709604118244879380785279822586383563673172585624821149583     
     1941843515011876392743144363100266562358909148040304890476417008959888     
     3821711227877657197375657925364505090494465372181823390543219988158086     
     6229424297153492282815356844855003202990418210840076807886536260587596     
     0099088109114917268724268596327329731324284570540742012137491211317523     
     3147430581021409145160439075067183927069682239023021815071364407519560     
     0868569410407307849676713982578561349793496790312239466247801890524623     
     7795374950706576900954359222964562174638013105862842076455514077291761     
     5697879566697903391988760879019557261823136544745365218272690507859207     
     8672329763164382371698854499968027538649158398803192417858002268375507     
     4815721633706883404042257701426215545462678469904773139363885448108551     
     5731107439653634311950336539895741600709497188898213774643462953907397     
     2689538010749333619530164922278141563860840935700211498012577494623418     
     1228093685368573278327753083751850532661784225791135450574042781407825     
     3446929017166141611825356724434038782336731734580311012944940073619276     
     8542489779707568912975685016511319228738031063157096563818091915793438     
     2850558304959439096115356000171674786920856245900599151437543189192210     
     8449384699302665442262829264964143841183580707845780669676116960659614     
     7871377642072492220676472036135133917825398574235469241219385970659661     
     3452797170371176429034867552444497754690923471804450989489605406386055     
     1598893348800727550187701838481390284235611003574306363065551138126031     
     9994529002379328650733496235808303687434644447443706987933140264263902     
     9553049010972382831400450792095597434599062975465186692234319145067729     
     9659608622674877381434871926643236971238248392854243058870315065986372     
     4371862140076482208203344942857406142903349989652687032935046027850300     
     6133546069594075068902544797520097681662632911658704518378936553095317     
     5070516315556100715036828638104779783095845448545388364110912576087617     
     8489688791661169479253557851388734147365263572662516757040626048765068     
     0400226127982273714883226890153374559401185575552468167000567772221567     
     4617503811897784872755818417425343175291773660623004964270542826037522     
     4337724271932547665383285553539318510176438450539918454124645972971853     
     0004754805289825622487991835819274181816199908028519794346503158821409     
     1296977721285401863838350640696684161045188243449884500179237374143970     
     3669720613331573743907254315129629570681811033073125653380736537367409     
     5291961440648312476526877400518776531285285521964536890401620993233052     
     1454890497465332581597229416332009817138692831399082647377136899597631     
     0112039433660249483815232304311201460303974452282507169814729836279159     
     5196784566954241265545109494434463351287609113916514220239250777354989     
     1818077373686263249084560500970425010818586846222404247136310020858851     
     4549043357503846843933380195975121142444762305973286412955242331341697     
     6135377234295732282671248523825632156153929125647792102805477913520713     
     2039260186245417624263200964870397934501288569547697711286240925055179     
     3281336587870045753298264684450764624482906935635938760755040594379459     
     5235526743613247309689213267457752264660617963038455916275988136493661     
     1891231167900923874567457795534169251431730835070262679374871872360642     
     2596178651034259648342546113933058356864052088695958143199810170899816     
     0888989686203912916749440276510247414598285346000264798075265514818447     
     6152560781274615713823405307808103927053472458501115972136756719016516     
     8770895892277806543537849747679683982129223481125031197394223527559304     
     8057960417270577633116981098708785547398386982033766402167420599552221     
     2759375490680320415012230112250997480446519609937581021754190042522559     
     7734056540975068182921037780851254117594171716927283551938686600662432     
     5515137729927767307381945267716978238407240542565834991419445836475942     
     7618705007602391230456611638427756828879981727368794765953241950829903     
     4585351773830187334217713130831055554295581872931382806823043192094499     
     5698201708480756142449259211802236844872496717341556042034676134940461     
     7542559715820073534523251606043489994759010806490268321648973814624386     
     8439589155680374630676027432024100076315847076383070366826803956061749     
     2552881404205319998736402660112433581454439576719766347225147927138110     
     9953962014626448177248159683883792097829115408006582509007785543566942     
     0971198804265278297923964754457292717195777993886535528112286538377971     
     5246069559316599258002652184907749756316570413142505573774487072012903     
     4026499511624605887977661333440509294398923235204457514784049537817022     
     3919560527518316402585694658467601061618004088348808623249878034574624     
     6641708917645131377231375052330545911950325413232837164391311910878113     
     7047096965332806766492560813199160610282347634190811725659550530956286     
     9054664973928696878306336789287326101194476172222711570181601723085312     
     6372755870160110389284410711516248662374872670187006958652071317910815     
     1097237074931954877923176160328073272651724638014819946544590688483069     
     8211852386558877995342655917904724193945733127302380494545405539231090     
     1926446134541222911750531663013162760153609454483544134636189750537870     
     1147183225739570640668140905094094301223747624918863132157775765206135     
     3474328853313595506401152802858167276168947994009702338450283009801303     
     0256051078703780083966585859796845233613439214043870507756802807222913     
     3049236487532115497776011200250896617520306209330689937208802382985159     
     8986493917449841251619288986873519939688142413472662069149585497890451     
     5812671681655660322660723577315363077410994394647553576553643758954170     
     1838171610017085433725675309522813555782677904228047293791908231615913     
     5238157105343453793655793957488011771930678195648070127393339644287820     
     8848924080765449779561212054649770288674535539541383101189369363534041     
     7309806180935027365305572944632151842582295252406640347996294979564847     
     6696391859631204807575296137551329311448336025856013796249773268492235     
     9128342661222619780618556184349674619713215255263738878636938281532965     
     7032578069742611863727215642962479561628395435489554791136081290976338     
     0747592740843845004763701251126871038589271691350736132301765111499876     
     7578379412444070562841737331330477586284957828084896580994832011000746     
     9749854633025740665826583765544323278645116008772133328023871026553375     
     8626650917484459537399133894700282304030801538845352610945165650953884     
     5710000846832803888021064563376415173271831472859118529665000916519598     
     3705911606076350689445718616592436284849191596299956450266993347174324     
     7343645982383391939341323286356600343950219586657311470036927585694604     
     1246657731982444604510833643889266051898155546984157465537689056257271     
     7664042830151283445216864843938115728609318521399828958601833324244483     
     8037345377846273440727963500325477332538503571634024898025313837133114     
     5732551017784412141566997306788911358673835273949330601436536797349561     
     5344544200666677824286434417773425145991982112355232494772842860796625     
     3915132822399788263872707166721367480237317578990233527774607580121821     
     3760982998686618079519305662077341615406930120002924741425019988088152     
     3647618010779730991240593432297829562326568344037649077899602999856431     
     0420022348624088986918428859246524380303490956221023663745875019742877     
     0223352387548413305724321287371985398922493097993769962553287930211637     
     2050566411304817129733984711041964746428784558791198513540074041897733     
     1489011678760911199420080111247949894395686340346911552123032607311771     
     3743116644513378698271500685026119434993575205436004191698407171278737     
     1258676673285900514509452948707466693543412545393068353007707264174790     
     4639478489335308506974681670825821295713272185516071369349781050681361     
     0466697839521821248691661036535449126097254904900568584680654558379059     
     6657323221983977362017802314291150741795550473189966932354339979282922     
     6467986139043843487185861087606350912810533131796725774697263500732428     
     7469411129049470615684122743099926022397567223338477128790866866907463     
     0354618401902853081597388375215041702557506354842938294854349134738411     
     8233942129388048023334211491859897401851242860901848787079482310616478     
     1088056536634115751639837685295802981196591117339634220684707712564134     
     2728797335795496094842179090277651808321666162338305965291969772812924     
     3636330012991033282951277258742858240788496438723947947850116718945864     
     8008811254658822450299923517549426996059239680771649366870831476134155     
     8406022903417501382592695163651237854322894099592873098430209349770778     
     5999752116480892840980400848338438032802583003232168357985032509279770     
     9825957232582693691394410372726946070180207476595300479230952411343606     
     3280683345378048799226233565696653215045771965409433016536349501663533     
     4476062860059316551903366932850973435214353872578424535327853951152161     
     2310146636489468447466614911721196657843839990477793768000170631068476     
     5113233898187900022567291517611382587521899117112884230199905776570954     
     4354265179424999547081116156186575160415976743341652692580273611400511     
     5773354334654946013678242744547016908208740602497944462391415196908265     
     9042488208492061811745931516804591566088435637639677748546192005327353     
     4594944418407722925619930080773421320476915024161275913159299380296103     
     6155174476415215525577593818567647811554654574203158702369668936890767     
     8644449198050987896688408948002865935213968145812045245955225607912480     
     5692368935946024172842512286015309139483749785969080070105997602947965     
     7058623394857883121128221666587924341737843294882409526132781062549450     
     2678383369994264052007695660088658133390082532056450827225482390092122     
     7836772740170848104434958149103885717030261879963513369110362989754587     
     3053218440802119444572641047256050904096307246869839559577984196143157     
     7477251048620595544879873663712862010678656146827319877479113548132381     
     1781376795516008517307821689680970361289402049724282381417026036243217     
     5640610096428708199401897132769074851743704459815097335372196751013371     
     5365838249776301553670914551743798468088080529421343430751770378641252     
     0171808934518491124193557659963894978180992053951735606056447197123219     
     9705866706330106998468997653187104487071947047181014963116036750139475     
     0656328723293492274920154416403959635770718452238156228094075485175162     
     8018189661563477063259566300096709649693901247264780849033369989598348     
     0128277343345097332756239419278571657969361670850076750916379947917148     
     8359854787975858289541911179750082037386068522461103315835747803812300     
     9168517498185441458827297279738889732820179785559264425152169385773491     
     7884051816232233076358083695017908201893293673017204143565646749788219     
     6225813314022953832820420891291981516223538241025976973453968013243277     
     4868979094529090942381150369523936092525744224256842940403185635454492     
     9111823613582524367828937873547535605822804090348536003967815337990750     
     0530879155697059551706680999090762443766898294808247485131975743429586     
     3521706991176812888046515781884939836665463777939100330799370641139554     
     4212998464361295140112878435262087676802119971949628337960028813475617     
     2753557895743926171194761800396122388031336126917314486336575443976654     
     6310993893591555689321520164954211574595118841257188575822364838062515     
     0490621890849621236960556424129358336445103505102189779761663341551738     
     9089060303659895950131692573018295466111697771567533067020399363516650     
     2348841430959555169253980457886609768813922599353285150309059001839523     
     0303731930463548705694926851040638821607500191555046465812163068487262     
     4606457738592723201990153707824704048975563053148771582336811642827255     
     0830860859859795734684013140375507520811607525836897118356080307220524     
     2062485205509978615210301074333323867305086763371829485133971023129285     
     1494773054945054062979673345855865484944337824232110390419184683025060     
     2160013950520493900450761250886981040525817871305998134838653974185925     
     2626493032413139674570212426868431694279983025922759225541484203498484     
     4691035413451899993053541628023855343811451333021212050548958024352342     
     1757299963411646158613184181895601136063004849007919686245482248664531     
     8396024593993969491649448477856146393575888076087345143693251929534900     
     4932448076904763407758235766069927796816575576618433728039660539087739     
     8720200654569848496154374420878445874103962269921808536202693332191809     
     5480671709164683174439633816217146714838212920525585312404466712616261     
     7315583557526831126327929923193602334138624386888846335675030743636894     
     2983549151373576846321449447348214530130759102181852476837280260480788     
     8980207469203584751695177187043934616519890817114186202131334957577654     
     8054163032575112793346627497008101923817695715317435758623550084227190     
     6733636557770767018329644781375388357250673776886076167085026630652140     
     5510452405971255445820691894288376623178205663991382117082274541768356     
     8637299916395038667503185016489851322788085139507655375238459180543007     
     6811123093224134132654476687193813102285611366260272485230420600250819     
     1114606165837947208401530997978376337284340893478100025560925660587789     
     2885004611459914846664470590923937870833912153790054347727485004750918     
     2002065997208831014977570515505068230360165278613243703342586137233885     
     6594849383128173281285039742759725706519563301929859651991814340363521     
     2176718440611914387632642740743332539064359703437698365280822898953536     
     5751888750829533210760427808442166169482279625666189150191840335998989     
     2700530608268620485973305357842410078720073747005390132225251523236834     
     4366741921173178487759495359425156470191775279884528002773644559998735     
     9239039664853662249294767620621545867670825124954383344159252325724407     
     2639915062484167505408789402678391032592480520389906242588032392314421     
     7274395591806600246407259037367151557898483398346026866556970878091112     
     9848456032308986567563213560420327486563724800032218495094652021691646     
     2021602720170475912764572282088386848462738346719022479592190413675940     
     5339378139198204619828877799686791405533942601210886728856917136208529     
     6491752976263241462358069220564379458398482734275574649983117258208819     
     8925558794592477252647912569380093910734983352714102232633922075074919     
     8502227424830227903692344690553066873149587004965232538451972770683886     
     9591487974727825158275004718158588659440213581609965337441736222203978     
     0181563367573038822632818517123749145468066304620210037405190803069490     
     2999419272103972099895204874714329692156874657249578474674994709367820     
     4647792705288713463493171203379779591974371434751805251905109380539092     
     6499185768267460825447735610625932929085725731864921315122217575785274     
     4619312847775544815235503886135465958793329662447437683396020776779712     
     6369304206464385493658099812251776731244207849503189342784317748354311     
     3886389480202347643845813847565029715385874216290294818521322263542951     
     1796982280239297490081911409579235364374337969555889332379320808996909     
     0768437598956195331884370784266075119050063153484777585071313615146846     
     0783082771835807566041015452998368348652213442484738493984356163558460     
     6707146270553285374236207487186666016659133389463132268480287009718680     
     2652492074144509604843497030985591699333388069319776045400906449436793     
     3846971834258674770298054152677167068026550739472524487125750708689061     
     3431879933215954299051255226727479621519587735876638660623776322558498     
     9950881446666016341755282782531803709536717673814722613984747069845643     
     3845876008119941424720409885369093874350440388956020193771989806371340     
     7179887046351638222505347845895106310486127573958177338367320434882916     
     9989396681982641497279291119540349232796606063885809184755269311513207     
     9174520501530502751537933606861653301603514369339878225414009827662630     
     6679941543852810646440593035034160451131421311710010375364943885449038     
     6829001423467868827615665144618313270194070979371674957310930980972192     
     8968362471457018404608827507815116645831486299866811661673180657325930     
     8257574669244453730655096797674060053294706352907330379636946156729081     
     8713587010543273350311646504561704096687382794841462730014805200178311     
     2953912892622225389148656100295452063683980147418676190173938259019902     
     4942027670144561808717864224904119782431238538309781090512594996098557     
     5404316139658468817840786190713488647999592756660665020748626622660406     
     1261121471367447448997198908120485641476911381737677279881267523251303     
     0513913360971505148107611684323980092731799085080597179760295388468679     
     5890259802398544173005911093776969989437727991180822300665103058042198     
     5649770961430386741048226708568689600366974974394934831685266125750782     
     8540696766037513342400358596414091799754986698888735247103721260414799     
     8286079661434506203132525703495437592194017412194199822363766575152838     
     0219394583022329267168543830980454890384440321522262049733308802873579     
     1092352686398743195986654716209759108783260083736583388535877874701022     
     3006664040176587420462280604510642437915845797189291428393421131685524     
     2768007546525017951524489794240147943252194023331285307156454360615895     
     8367585970078538001560516357166670258593029222214679599800174392441741     
     2858513052119248166198626937903776915320201097478343365674862304051419     
     1819452790500255611236178550615750914506370986010583597167019588996627     
     2577527915399574710620019262357436542180256829399393905697303592935867     
     7291527265693334660355035774152104641358776177935828391121084667008732     
     6677651374014864514860818538708250517392081289715434701264125642236448     
     8644076136808550693791034174895155933969965832721955950378917535374021     
     9351916595354326520841902047307277407378105553579462376195240992981177     
     0553665127018029385239190627236177009977374141834915888496640000000000     
     0000000000000000000000000000000000000000000000000000000000000000000000     
     0000000000000000000000000000000000000000000000000000000000000000000000     
     0000000000000000000000000000000000000000000000000000000000000000000000     
     0000000000000000000000000000000000000000000000000000000000000000000000     
     0000000000000000000000000000000000000000000000000000000000000000000000     
     0000000000000000000000000000000000000000000000000000000000000000000000     
     0000000000000000000000000000000000000000000000000000000000000000000000     
     0000000000000000000000000000000000000000000000000000000000000000000000     
     0000000000000000000000000000000000000000000000000000000000000000000000     
     0000000000000000000000000000000000000000000000000000000000000000000000     
     0000000000000000000000000000000000000000000000000000000000000000000000     
     0000000000000000000000000000000000000000000000000000000000000000000000     
     0000000000000000000000000000000000000000000000000000000000000000000000     
     0000000000000000000000000000000000000000000000000000000000000000000000     
     0000000000000000000000000000000000000000000000000000000000000000000000     
     0000000000000000000000000000000000000000000000000000000000000000000000     
     0000000000000000000000000000000000000000000000000000000000000000000000     
     0000000000000000000000000000000000000000000000000000000000000000000000     
     0000000000000000000000000000000000000000000000000000000000000000000000     
     0000000000000000000000000000000000000000000000000
