     2809124750698043474163304234390435160533114675308732594760026117978295     
     7889313555900113495226202626048818770230869811541175573512699623905221     
     9736419328290348737647919888812544127445953403521281583923172491768333     
     7384110071775979681704832487415170830533002685724320966861358843517558     
     4396020956666882460126449228844447965703861324033674766128987585245023     
     3641109901595420970367806752438584151642723615716633130273250923486682     
     0637618355780223169542942667342981436026243056401013822061027464234480     
     3856047852393972482887182133800245031104164714903737433567234131513373     
     7161709994335424681623389431813130784843793116498865333840486488926149     
     2685945712407319859356943241966320726732370393073192766937603116053927     
     6157237232094308120567511301531118378397638239462439967287713339128236     
     4786415784059266733276395285428371376804829593600000000000000000000000     
     0000000000000000000000000000000000000000000000000000000000000000000000     
     000000000
