     1350666091845724007210492060354566481830397108755320008257223509065318     
     5075696850811153171618010999022065555301168262047116923705756810648039     
     9627005597499458863950877141721830856412844923053852482215234209330397     
     1792759042252741131529456180443565156906243515406008271839496212583329     
     4374469111326728758549468353698085147521152983731009807313193545895068     
     4359977132964608538028385858742894425545190513117846750033898195080221     
     7121769180105180292925900921842469546909201397050587223786093759349178     
     5997519521462653449938681576279854140683557633971190655195397825724751     
     5895886918985977891983779607415824740943397291143740185096905685879327     
     5500809190399690940863738955166767566345964146500302189916046125689722     
     0616249881884345571484241422520731834775341725094015844058243264937747     
     3494032224126037308428871806437069415642736309781563802852629368279567     
     6055766705610915977566922562102627779320939935412868242431861345852921     
     3441149485751601595473590956112475950727033466222025058030459279421763     
     2002954436234094668137543050444265313020196930383657856495234012496552     
     8895872144470410602340704879237101744774581793971622142717738485355029     
     3337753186027888525343861578293939465669215726895400025963041848264537     
     1037906922107456964352211937140716398036383911654426956524243059434894     
     7134844501060920624662981046348396360713230708278226071346137245947283     
     4568891226589562084369602149779300297790913928329979984259545775774954     
     1089253787316589646045195415763159802893883641472988418160402755485413     
     7412933821518316401945883163329594045851686352590818641198465370438194     
     7693551314972838361161575844466363826420867274855373814778770258513716     
     3637596927941466776702070548982728699773188600200501377448283355062494     
     5742872247547360855486313768447640053063510004347732160550089357443640     
     5152470094101536785457517814934910777198228324116797434161341279503702     
     1439458323698850392821345267845008353713228050652907384472717736820364     
     4941040136245349330705400696533043059091746655757271142180745563761070     
     8600722248519711342434938333638300222494777560943869167390732123522822     
     3469414975672749713487430345191668571270408819288685003587939102312931     
     7298589302575884966287196963578621620845956720600789870817553406141979     
     7679938474264513575570435720603445334195805875130067015666362800852138     
     8469764750955276507505836562508533057573713381271502553941880278797470     
     0114197319640379925481442468963105628379005608624837644004541216833311     
     2403980037721696615993922924130219699333799443401391674779859450913663     
     7785891956933642221617966159807461164894695906239369865822077396211031     
     0188350889407510955744667724065520844905521272020908621945397166773020     
     9377531858685516277462677184011405656564884095562633918647020160877344     
     1785620551675236535238100276739643919151961900504863724270827217585679     
     1217427988232686652159865982494002304768274389056851904640547453374641     
     6927144685667074250338569826227232907793119206336378979093683458840405     
     3421796884958997019506627918977099725434950165325985779447880209367564     
     6343983918869632138454578605336821041086650717866079315840155546313280     
     6367682902007590379068458511121840884774014306050188109784473966593588     
     1488886336669512633240273349727317122304337364429178417241625511460150     
     4586577049547100529633756761332344595759110615585710845583032306097464     
     5706243959392243591589883534091755239560989878284063157661666758649158     
     6928345248945368943769236826619830147334881780318698353682654776936683     
     1036442508715894453286280707745167417524255955901858191458790781164221     
     3627799061212030498664773884264330450869840837083075554032381150487168     
     5669581491442939397532329747658486328744747952414133777588003223219803     
     5532667952824099969698252561713170445185750957283222611304289559565410     
     8646147135321767105916951921194554522164159805959577140517967414851407     
     2679546887401853076346377885853242794628123793422912739608083218288417     
     5102859155033212403092678236844700408917883991812262792080471991643549     
     6202202845758026962252955456244662407905891688973344534123860837813326     
     5369455171126656157585764588616171806693290994863168373943920411189458     
     5194833056826113783799624552360177829667270422008611424933722981702208     
     9159880646677913565411813118223965647665350824320433818136793433654286     
     7606459346274356605239535894002081022180226006596406994713151705640922     
     0636167790431350798918241942909260746775552298558909552302405177972376     
     1773367627745071550244202636459467925017246120855240579925551691683283     
     1665618188062711378409046808944446222028859178140755384269190733220199     
     6055762774038400927391412373749942004593173520699203213875451510126945     
     8136462110910818491041857325246440698350012565707861176575557253441647     
     4105964778852887821689661194551870896074640137052813849247540490865918     
     0940331773134753603138966247339327450968798871787810727828253113284333     
     4298167884487378608909537721272102101807181334621022577892662940267833     
     9280990966136751172850264891513209838984112265282574933586309797436670     
     2142255467880061876603166865699078452153002358961431874956683397287576     
     6304629258894030447233345058464770087581888020071544516375748889356792     
     1143533299658326553383772034943719779833577707807016463784584115359476     
     9867085345155430382707820888060257235257900859761092123283527467613770     
     9938981694939082699623795684696046108925096408516513269409338295067229     
     2145704533080485254398787777802778117926548873783962431123541656924052     
     7949664514843329731009846251520934639161347154298145162245223667220915     
     5855606268957573661348054120924755861599387247444360236993610617413874     
     5820589693377327480264896178595849208266663111706129964764859653664895     
     6932962198524613980454541444117482939841503222866062452629396532215668     
     6219622744495660055336546528907468858865616995923610473318042018516622     
     0261107661364076502329717854005895855783775700285803126529287523796485     
     5132166399148052485820524589956399287300817819297286755146032043529451     
     4572085664399715931337656754237494386148100028395053989628454993335900     
     1012019195997118847132414914221510246507628198745622226998039871549667     
     0467470731462845927667150156580850978306360113649886589439334982723366     
     4532607584732976304133979427902369642677783621893363301918696941555014     
     7809721892740539638734818657527371159637871941609303834573460773340886     
     7799847065381660048897836162951978727058775728839374083056024050867371     
     5458611553574937923016734340233731493862845072607144694062142874000793     
     9571996704804985382880359394800017502062164133941503971911648873671293     
     0648291655608101368488612972663645061786731348711861255097015412321602     
     5575903880453989994043944208593437613650208656774057055185640945684385     
     3942900093921897656285665889063324594798152202398598035040104862990112     
     6898413536003243283230646836316987338029944006846840385616418642828531     
     8032599776403475827023459813800545233022351084565019616217819300690544     
     3733170509223067189144283716366594773753725777817986265028782595937604     
     8872801715702579511766287429823568733941874693223365697558776984094079     
     4842183196436836181279585956353952700086536255134076847453035587826210     
     9612588005171001240080117511903083496864008388307197175474370406142828     
     7260407144231974192927141193893615537521177606581335583689953626591240     
     4232007960835267034310247330598869769381700320867777051555408055756400     
     6845021146106713715604784117544392702512597433198523587971100180605875     
     2403741000272980179700743663892543907347580140945200651305759274503851     
     7786863872873904761960698236351361644406870006214030991001070376672047     
     6722345172140745657827962303446380039813156904598882064127668051434815     
     7047258462422797377633921070475870110224099556191601898459512547579909     
     9081741803046698220101288749471106748630595265560154573371776677341823     
     3175924416216168743805011461169298351220373963800089817532025141702832     
     8941969233695160826455018538183068231328687372566857372378231444999428     
     3400616981579839019004422129500680824741137948626182563052959056512277     
     9568608952775084655188551675760603517971186654604411286849176367326158     
     7359792480549138047561756137542475504257371127367983665894711943153359     
     8789704294610680679044786353785746137683689034041823225448182121536746     
     4908960715249732658676161384955016989691669339482881610429798776805914     
     7750312259492106187667809551019105765151003838882199748377526949109704     
     1697796238643392204223159638092551375051970939873703997411562814424591     
     7599675883541140313436363104942141456522583971084632312210676981048926     
     5858855623321490338210241330598380847611577073415509956845176743481147     
     4406771555792223515648650104259105589421041023739667099748187288052364     
     1867227192792535135911600490174974999321144432743954849717053990683085     
     2180827945007295406401752039225184773149070936279975187981473852223388     
     9537091457667234881533173566851011608250580096875151933512390338317921     
     9453970650285995211844398885179152118723468500873089507791881577911187     
     7693947453266401422665661897109933169846715619038183941899605165528254     
     3400321155970072101590277943159923652750092630639006179977344190978311     
     9716966434483899144862845934974329290311647989345738240055232162967883     
     5227536845045512103867959348961194174614589188161736658288300796311812     
     1667699760716410849540101949685078271730094563287312583648485864332632     
     2541220096985430151425195189842745858866212598072046193554622413089023     
     2712791496919528618340902002959337214920696080095746192262094723180944     
     4661515996650777981651134773239543175222543210740680743705215553957577     
     3060213447398396129490611683899884513796847230153825979025164368273387     
     1917573586307842028901115335679993562711701013054324840273232115607017     
     5483687851958240477380413246601725205083744618533513218122395527158231     
     6485647379339413368741002432072817885523246657284474105685016845576398     
     3066655498149836268437006124049774659538342318644857341029470650275997     
     2857342413007220000720336483246905155440368891211714357703515767333696     
     6681198672114381057331150407019772646151368043088732190420753441990843     
     8267940140951753823088757894133592333820029407656917682331184632842719     
     8917001688035799846632707498539402488034556630082397658430686787661854     
     7578199106364719280382791551660364101740315687721437518678259909634185     
     1852604048286919216134051088121283796850387581179954957343875564773226     
     0257801155665646315211375595713396716010089011623278598968092739303911     
     5880614892411059702155776095846068766756447625929897196218402685846902     
     5353107288067776017197859347893122961283889022043321578641981963569409     
     1386077321563982081392456128850347490020034471083111790368681902668621     
     1209881565244263872146145220147394121170331590340249058506864190424672     
     1270037316678342957795381497851887208781960789714479088438088801143279     
     7506496350187223882155037675495715452255803191444009133001174580057718     
     5458206815911774680368284639040922941315322666107290485841144865786176     
     9281309520158826218543880803429560943766577446811337484844719424864640     
     7397918195721004659281660265791683513977720185877632836157963650697765     
     8559249481777833330612351952090331019552358735127431996414618985826695     
     7085822195899924772793387103168748802524876996985849917217541058642641     
     5981954977981667796188708548591123255961084983437950548091396008518386     
     6364071166679580127288704613253950373629176326207239902928629068112869     
     6549133224268099392188632560318831513548669025392235253458797131602924     
     6670079016766898961902587720720955180116488521296529686252457061500022     
     1139378623098887779333124033543647906487401229381935013615543332191999     
     9007999650682359418133610838900421246396634565302329105538006795088543     
     8565595817656962729217927782101705857632523218752377797913212191290788     
     5640331704604757580117998950318422069002147299135127571290106414086943     
     9076154360351628243063727467194003529951994419822104428954561006128537     
     5065322609793235469999892905523188515518265869439766076884622293428246     
     4432314912945540385925339091786801375054410210827890988012228392127441     
     2761791816161028392508901807849634021136323355331710723789192933169871     
     2230204201822757447147200838620109006317757980283934648403555522456493     
     9067108129433809785931210228450016010502711394549035550188323376129190     
     5774885324413611464198649052663760284863304162502389838311809322629099     
     0039287715788961680355677060471855330513578662826861198189642671659728     
     6509452367499901192852313612392652137410346493879430051635429118570172     
     9291263703008719433151082040658626002062530070919425580997970693880727     
     2364329679648819818123012065020385019476455033608164910998259776496288     
     0056443163801807072546249211959469437764776742484562275539688782563759     
     9162500682292216210232037447047136978481029694499635956514176446378233     
     9016187371324753619649366697474367366899637858140376582346380603939217     
     2050185796207952681873306246649798560514159486294541293210356915076779     
     3760567660815894767934315586970105569525327643846777135997393364395841     
     0334086104750966486475625040725133503169275919184386914940112175248697     
     1479021360568723825810736802177832802235095961346828412760177384496016     
     6893891125664133482794850735685687770828401316759715338744248703076932     
     7908196985373502733662371210797426784231579617407207994934404558459439     
     3797930190625732558821833830250368877380831156415074407773630398267874     
     2359598635182270419472171072433245712621109836227180208512993008491353     
     4721570726787941341554060376595460391848491591348938747150107961575726     
     6606883457146478803776883329872643062008694988815556696946608183616457     
     4360096220956725284334994502228412354138596519926301371621722694142791     
     5805527994482397225775348102587144180071902483195014161895489265471496     
     9200501146013752921433665710946807379916178928980230794660833655269085     
     2304859020696515084454733315600630259864947869346347630915810674731718     
     5221267715836760956080388677849544489574189824970713643366362202849382     
     9258224133173719524240451308332753488193172102391900247225555486690463     
     4438309000502651214850163437118476056974352498466296199207729246627927     
     3927993161899062706375126195534831645772051707999534322058985955248287     
     4221754858238379409575492984996568871401670406679794208328691033970697     
     0523448930312079152639331345586304762840121831670960187908678062213239     
     9478118218886899169350171300475738699542506683714324673263373452614194     
     7020008449100798117983929291572416185519300937577235539862828122274757     
     4506102799729782884800245703673831191400026347624080096723794976633240     
     2067117708508442755683807900981691319649748231692714958935829489506282     
     8941675044411413035825540006897578312879068206199196244060439989054349     
     9469101558959011687840685429859502686286975360100858982576522886232083     
     4076145536298926587028186722935116507330227607894863631614080365043602     
     5055009226285454850240509159196832318538992105905409362022562473752042     
     3924323088888858434822103195504254650569517157680841471843319565812023     
     1257326624183282226471572285410784064313618222055236755418952989143331     
     8492283076651391620431935974941451270207169788091121585839402703039086     
     1345419168458126583016125671624211934369498953176112691669396298747410     
     9909549117360605939134007844045243657216026920178506944528852187671283     
     2723045057077571089178591145706829027719562727659637360649867497011555     
     3632154291434389277782416045619283934694136064533093995231046052886949     
     5256398593767108390625489566299134674593985229832541542265694515454773     
     2234926871185400414677238980021582825606857120503447853401832046062890     
     9558247702797165093227075042011035887900107710794315370026047196450676     
     2219884288017486984635028829662754822347170514473732176626700972063127     
     2540752499232469599195428225070272997271130100277221926566798803000609     
     4148302836328836716499492729441143079216946015969080797095789102434758     
     1321689144464230459407847942082753017742613024419640107876982948158608     
     6143817416535960947880087183237620464279834074046722489894163068873314     
     7196854548660347659970534458745927613771893099309830023485469709004329     
     7588703342341925035603086679126512324490174976113982311247702460350670     
     7153602812823865822061371294674965070302761030985164080659369072768523     
     9437087765877673222473898692950166339473292826649283297756561641602996     
     8574393652062383899877655577342717655511518704137517685633951448585273     
     8331474757352775347062379478977194189871797899352232127992168585242459     
     8354246779108948420479211112736094516468283667852680612977647373355995     
     3503309082038391357667264164860544111182824868817640264087194888940265     
     0020196329621018056056292725199194973280124459433290926876084006449761     
     0597770981312287082658026470484921878291019992447084897166776754218544     
     2030984408687775143248708933853811983418916806536466498816239276432580     
     9873586712689688319648730133754059932151221969426491840735342412956831     
     9917928522138151803702629851676396899527976877873319056379363366962701     
     6997944571757484515731587460809177805894453143616335480375370112651958     
     1605155806694040860031124747261926665491734629878628207949801743618154     
     0706406709789301922950257642575753945571205641329762732793374000063760     
     8765278277716651868765449900964416904100903939361606347488111450684428     
     3249993847336199619249439189446912493287812184664545765293013136562149     
     6130251952421698412969961922833390452374479101061390518909127965280750     
     1340027498469873857607672362362664387137186862899923480366650296241061     
     1848536373927588105638610138303418097598120025963299612227510556152582     
     4029975722891310505813159178573452484064065467915162264209623739281361     
     8518801675895403089180395151803649411235180242258109224536143685166139     
     8319158326198558975460544106704114244489649889143851582299407057573673     
     6928449016163702121690094002564104866123923209411578336920319710259128     
     1237659140531829871636213674010665367068747837139471773615827520995877     
     5407158853456462560287401418995768764768081162766745181936768214057466     
     6250614420654850623478831912922012686876054929641331009500137402247588     
     5031720880714482266738324884908942660227391222599547768548133327030742     
     3234771620811565596363628186552596238905225316846387177512028332290546     
     3672363798874750603861724668023589295824206803535167049996495565485650     
     2214663593564594419868174224424114710057850040291689269748004783986818     
     4890550665686933325007192936968284278915713275662441748155037400750621     
     9772891125761957740802210862142829992087590639358188116577544425074417     
     2879821211896552393777809582495521015175826009289281110185032615581533     
     1739704046441375196605200459513308216247315422803731314667718345430079     
     9161444332026970529852447966059633349193957043846685154482077041692093     
     6729131575673441185787193105485660160000000000000000000000000000000000     
     0000000000000000000000000000000000000000000000000000000000000000000000     
     0000000000000000000000000000000000000000000000000000000000000000000000     
     0000000000000000000000000000000000000000000000000000000000000000000000     
     0000000000000000000000000000000000000000000000000000000000000000000000     
     0000000000000000000000000000000000000000000000000000000000000000000000     
     0000000000000000000000000000000000000000000000000000000000000000000000     
     0000000000000000000000000000000000000000000000000000000000000000000000     
     0000000000000000000000000000000000000000000000000000000000000000000000     
     0000000000000000000000000000000000000000000000000000000000000000000000     
     0000000000000000000000000000000000000000000000000000000000000000000000     
     0000000000000000000000000000000000000000000000000000000000000000000000     
     0000000000000000000000000000000000000000000000000000000000000000000000     
     0000000000000000000000000000000000000000000000000000000000000000000000     
     0000000000000000000000000000000000000000000000000000000000000000000000     
     0000000000000000000000000000000000000000000000000000000000000000000000     
     0000000000000000000000000000000000000000000000000000000000000000000000     
     0000000000000000000000000000000000000000000000000000000000000000000000     
     0000000000000000000000000000000000000000000000000000000000000000000000     
     0000000000000000000000000000000000000000000000000000000000000000000000     
     0000000000000000000000000000000000000000000000000000000000000000000000     
     00000000000000000000
