     3154237953364138446115284889460809364190437756407270637839401571745929     
     9131825036992637195942804838390479627365072954483870838643244360020012     
     8497508598585953486902090378237822212453904175687818749677526610960270     
     6156885543041771021957749671202350692306436699178147705764280001356901     
     8203841427811535403777305580266981607427450687340858564872172876163907     
     6323703883269151269634627080387620328198242228240249344292294405734639     
     1111646098316271469679671532609329779058372089399502248260870221667907     
     9781358628808553241903397126930342785607599291614419323641466276108166     
     8779453586086371824293225420309118458177994878895826917157604568421313     
     1203959290298250270778474360905597677877772482356616739860915826755396     
     9253311404766993490963773338138624217082361783958067372317366307153989     
     2918571159636763989639245260288629015959525226679068784150509055427923     
     2315350272534645201448839131503662054861617851438059263346350118685328     
     8087417815351074350898947659808846469015026252802357944742802763604733     
     7869495317622004052798448146028867037939774883757353920109837156098604     
     2331478848213370357634507878249998997566127637064095930779590604093187     
     6130394494601875898462965212012769150305393837452320994117442532930235     
     9273359075494319952912810295100957356895076068339684945658094607496911     
     7365141072906281322605100452558194234794683337846574157165571658055943     
     4408214956642157422871373030671869770799821490182867271007397958209221     
     1682745158445914977602611706832829972680078687665185926597408182358169     
     9149030117497239149880284748739941645595933923990659832806678351605858     
     0289860061614081999030917130035170681647056560312597724238171939094298     
     2700969233629331606001011909088385303427867990064200163158388436011844     
     7618327928290730829406740432338461840845524834194600522677703329395370     
     9802296833524467565418956560087419215923565520781304152253148477942337     
     1875124917708158535419370833107407947375511811228244238484981104854532     
     2973998667149045329859711663087823649350014290447496001306871959005361     
     1237684771332780513245551249172126323378546024130479542029267422059489     
     0610990997106793124679188780301968760332674854230311671673060797889832     
     6169045806803046934864161561891560193997655201322069992590632183855468     
     7374067694545401576371048296387861560788456255000019132162331754471686     
     1568249856192185291491153483547434335007499509985713028147911876065597     
     8785453600084883738988513552681153461590694899081340126409881364679580     
     8026536317946116679893029582772594257000682098877481067591497888418274     
     4526996205657086309706951073969519469813523673553536998087262108782695     
     7030055852817729984079443573274857643770382971632531944090757656964096     
     9028806758269682611113374078501516609943215253674013644000178217670635     
     3804326619973184167557889490684319291472458778386437040325230326380008     
     7260401057622039665761448996388913400932738701150280002043780347772101     
     0049432127269943168401455566697338199741763133689400722321141177323356     
     9598016919520741958793852331037155021811615416359643622427185535081046     
     1980810999541954676686892014208791506556028321188410743171650727137258     
     0283607336275432550635637628565970870155496925263630122164580378548664     
     8991296611642904012028777226799642061448373961575936110598812647962229     
     5800841756245779269489097087706638647492816958414026755052641289522535     
     1244016472138276097608896785713544021100211615374318189908389192314229     
     2483719148638171184320607499256780743253130665287791908387842119844403     
     9655666596424009930711985043812955440036092284801886118227115985002211     
     8162642868216087895431866961729174018680224654445620471943862330488990     
     1750191560735963935788776474465339167927612488509577347694263813205352     
     6083007591214228483630492894279089074069551184536090529278637177054942     
     5270415276061506513397914350455498229992421583885954622118657099052709     
     1197734228355180905377535985358661048400890152168990868908571005534360     
     7359090953476373009969728058649787424779669617613718925418707458202822     
     3117670783641898953757890878251908046414941025271516428732871323309462     
     2697743727389311693470697314299511796262307637958426766333458111768384     
     1993878352057942773949870276816508146682424307797900837634686457987095     
     7593352107402965373223258874361944398613009201047438138581077442724606     
     2633411217550663172683657810459016413274943154363686281014198220469905     
     5676025373276805840931580404403535758765814701427659847732526307038241     
     1238353764231720813200949689049911005488887866784306622903414835782747     
     9863048565501327505359981454496854914350531012775154881153168897924770     
     4272515868721423445564877745813288082383567485615060764410930482773795     
     6485228073076467168394493897075326569053900810973570196657436064738906     
     7356978476938759468545517658010176545439015217965100677301398291106362     
     8623407879309376025111359102640147426523045852259260168049558757180199     
     6912901984725048276656077564751089757527660760551761449987222402390679     
     1856428680815944533172548923519799516339944784129873381337228206430959     
     3228956476877251558555356816114022437440811448811272159776189531454525     
     2075180306880506884352908623399851854475810789247643055094348391632802     
     6978945455840981509858412825769371358670720476143162058135098083209326     
     6181474808300227483927612803941392146022836139912039787186191652848735     
     3506175072709271396514122792044252057833579760726913812270954324786351     
     3521210374630743182494115781270074857093924124404098229323955243442765     
     8094080773117452549096078039881126462199846570990297280834888966474878     
     6300411552008967200041991424408918926879817461008473611930016783969596     
     1994830015357933658351319110622139688921121084382281807815504020699966     
     9483328053705924703991447764942244226749832901087615836818316186589246     
     1305730763196848725677408793403098876561394415666699761191789021564191     
     5679422186634362123605687856388820782128590906697867101738579900604587     
     8855575712515840727766482061905922060623398530031003550861565148046861     
     1012818648684457593233666767726599388642466244698440976111814460208284     
     0170661608521944705523078448711855537246854137908535970117083112004906     
     8029673199692872399763996019858661239829160359372882294773642555119501     
     5774689967538011852232320535042206987450812550489688594296135957587375     
     7308436480482059505474914515693698725973801120257698078658650954837042     
     0704711077109446567585339686862583586414735128077016856613766954458152     
     9177271811258822720844575868179129291017551855938874917509662811653303     
     3282441207786473787353629740237624044294193261324507580717066632054284     
     8119574490875976749622527581981456893453570520795535845370421977132309     
     8635794584426603756593636027270943863692841786288705644606228471826067     
     3834497717319404349467017953991113025373973117378767364935628657263758     
     7349229635110667527895857642953382085022999887715666557446290447746158     
     7766759436952985033136222096267340083604867665034632301710059257877423     
     1163292699500679747167367805160288812580178442963184834787480953417855     
     2299287987935116432713445036820228318695450327211968365874906184710628     
     3021417796398925645140552270028062212535598787256516775200072359833760     
     7935764462335693702923362963325151701483575363431592482702811701331503     
     8190399571458528128048236342224678982185421773352769861023904575843108     
     4063144572258976829253996393106586611106717351388665379324372894264857     
     0502956099784116225941594880444325952038703353183667274532200044290272     
     8252024159769812276663639791208097774054150994285201848882333626163236     
     7770072148822870803954726932110466550344886894037539606388872888011904     
     5437524992737378139813130779583521537104597810532099927964514768438268     
     4909133384757441393303802178790684517758952845295900697940234219962872     
     3489122581171881460055189315501931565637678196809943899263141817498587     
     7463424410797397307341587198829058426950017701364308222047808219603940     
     0231356940123912143154380711740324653286034566080170362261734674753351     
     0652568077432915144620320952864926650832034060736786079685446343546078     
     9696489544457394614261697705199124804511989583772030314978051226999219     
     5833550409851833212481669561592066842198069941082383993917778274418603     
     6657477306114583047476812178007483622551671372333816455841933981588240     
     0122017046436130845765261578446559800490143174076834089790715622820540     
     2670844064801178386501609782403732566589954247474660941677086299059737     
     7201290509149804585208713144149275263248252142269918781740597138199787     
     6842689684183400456601167684013852144751531320007695157370714673961212     
     9029220167279035536737632413198688944075955908032707426814026398531174     
     6986832564945798500990377130023327827371751640622176837255873850612286     
     9158790599012485273503552546635262923131626645517324038572205968336924     
     7524156126840626795672628478969837926688509085173656736181860109356685     
     5803878161433838782865451695807954493291684524073033616479784629216585     
     2137323221657767708436349751966914050791088392722383319034023093359009     
     0633262788857882182938277269321137131826500678374160203080852686464119     
     2979106869780818901529588125639519040457904936088983468340079461009529     
     9798854263940241884881197322460817235401845058766669503023917474803455     
     3154848261919127889425318140012467086950294705176617961954438310517314     
     0580442486497965175292911867539236299087372046413817846813561689107650     
     4975988303920232523648878170758795237647128060907821846646560294030973     
     9833743744861075807459068663198954141281618087888180351824780816624073     
     9927918373780049907147013458106720430300468238620547243025953784142212     
     6451231147982649620168215651070776937909104033299214440623744352603327     
     6883662725927372958329281649989326231989206530912580527282738345669036     
     6325049354304963368248612391925097180573022765988086176833628577956013     
     0033599639912024979822922204312653355524710943828701044898801004774273     
     8333721632176960188576521642695296362907364402457745606523985887888662     
     0954719565682840940183798088650767391043676053008939210808244015962022     
     8684634235935699374119136803014887412195421290288525702594870622243196     
     6084345388019954000102433145870557700064653488784453131490800440425356     
     2135147388909633348042697813605702881122419891171199582325984014962330     
     9920612811040470012241936124017524005864146936131850804614912311335458     
     9604666591798290821476427151274116930470693796088451691946561369724307     
     4488592678352975934073919908075528789532090045947245510311423454556142     
     1974969148766947741496843890100059570138348664906013340717195197895885     
     2692387912529959324448621785529583190858224631808000000000000000000000     
     0000000000000000000000000000000000000000000000000000000000000000000000     
     0000000000000000000000000000000000000000000000000000000000000000000000     
     0000000000000000000000000000000000000000000000000000000000000000000000     
     0000000000000000000000000000000000000000000000000000000000000000000000     
     0000000000000000000000000000000000000000000000000000000000000000000000     
     0000000000000000000000000000000000000000000000000000000000000000000000     
     0000000000000000000000000000000000000000000000000000000000000000000000     
     0000000000000000000000000000000000000000000000000000000000000000000000     
     0000000000000000000000000000000000000000000000000000000000000000000000     
     0000000000000000000000000000000000000000000000000000000000000000000000     
     0000000000000000000000000000000000000000000000000000000000000000000000     
     0000000000000000000000000000000000000000000000000000000000000000000000     
     000000000000000000000
