     6188160140138702444163649928154391429867615645483503444936957129597313     
     1336500566650602390873540082131491941021771416002166242105531791793305     
     6156624248747693414094368832663235778578820156375778392480079993580215     
     7528619353941027122202551515410992843392456162799530006111013447025670     
     5575880040404588614383952219623034484633845235522431978546005964490629     
     0080367523768476185578887994140062724880161907484628834804220936316886     
     4590615022073603370043117678980857781404264744515921521052866128871049     
     1508242881062476545296994792987661392605523679313367953519028058723642     
     4452488545049403861009811945378786071679922699674390405455048985426467     
     9086678194811102572519117063672891970394718086224875390686146996176379     
     2743769424677083090543810008475869646073698509271957073288865441593994     
     4193880610532274374871502003458648412362568678731812362745077249107229     
     4064681699959560029402765608223270770560237013017704936650334520708370     
     6765670743326459686428027613136030697261783939138717338109069547364046     
     2491443326801615232993197386506347262707638873458515382873147776068786     
     7218992820607125681384235428575513028437299765597077437434975749188679     
     5439920279066705369047622938172740453502553945358024959287217827999463     
     3202083359752799971403449981588194735438473804027022308919346063050109     
     7495894774556306976616386619055264797118982356782192364463114374279209     
     1700591321250617796842036183651228416161180204075955648261517801287638     
     1320256966791337556796716091577509257243474888228764481137662523078894     
     3510659512124133702920989361440676452596752666354010636838090751597982     
     3996034827435298593468516754022729491882151085318662455439583720314922     
     2645445422057964465646931040558514925583741669650697914382413723475315     
     6693392816335402355318948953251086725878782945015231830130382027814703     
     0762167407206238962053313557352532127753601273640104531871677585897132     
     7132375027579476905153837887411098850452445621108999484167453018386207     
     3105799641355647433918881109064854355638616460882421292866756812877512     
     6019602261022044936003979781668769008277165620961158963143976510318666     
     5451496988264965637622163122988333525472583832754567442105759203035222     
     7600040808052308815697811249168095473452484705569205818206820310504826     
     4975043825895897739615277777743807608132853972994548247070624354575809     
     4395499861550250135554735547520966782864050363697853416813707707657285     
     1328002226227083375365896976032319940857079534535843909625319903863237     
     2331674573681610370331873561988760511616331650892555247381455097565482     
     5592507424838736919298344901114225390212687047368781261004861189427304     
     1935892624693822098198452548844471328008847143605184406489403681312902     
     4650763230751345868511589962271577547245426604002180519246120851965411     
     9167000520967185111262106324379913112629984318850934634280328429789404     
     7426314212858391611542227179537009805037307112187945876894605396073742     
     7595875355992728006049897624046395168746139635525777189204344983310378     
     9065886054886282166340099455715347381459680519592190490386156347224029     
     6613024354439760928802686839395182909788367846252510397584789980969686     
     4743310570206335582558147643303044120177459851890838275723022642711184     
     3519703220810832437567045346085358803616549923433843002998883332019680     
     3588362915297957042386539821196198494086494581398846833897751169632143     
     9941294182288546015101287926689220858878295052539948240238250532020658     
     8208280431537324633138276007400908665917548642232301079752688524316479     
     2508768264795169821544961451155584430694198522868327508144388562205991     
     6877530000302202209446351734738641453005592164304047656457402825797075     
     2254205255918373501577458530798946829195706073958043508473999478128139     
     4550043232766053708628180701443307391386511466774704473874299565548450     
     0282871677137215476883533487299715019304080176483389656666839336743233     
     9118307201807815356889614165110645269632101419695930886202904389754230     
     7401911192814277138047886212526557851242079534621441055946657038416617     
     0981808413482476024634102287525558841136380507009554791520994711761721     
     9702253377355340602380554935297759327951808706056405747663622823887483     
     9505240512267385736862220726826064139168571724606399219761731380196837     
     9983448986447151971715201308942047274190751337527939342323207549442553     
     3111262836921451711033236104326044746345598465427622312073274656114507     
     6383498385852350133272097639629338990314071516821751182276295540288607     
     0583373802167216398886768312187547494759391534474312341477659198874274     
     2468018039047008987538459068192662236056802708207576724919825378383457     
     5654997114188153031819706743666383272840001885014816133603571183499788     
     2250728123521516146955421433348864741876674871305833722287534452026676     
     2093236289590301549912342313779274760012580117720026640441526557103400     
     7849549347481520033142190958552720722686151024542663216335043668394195     
     4266080845690265827496641319118046184131483208828947313862134426107693     
     2264917254045843928821740851623800365371635089081115786570974881204809     
     8952924400993507459287865309173370857261824929900042563524575256834579     
     9721826562390413176744671440461531595997053563816751643693519373839239     
     7193281688573281317589015477424391888529844510626571631458270016142875     
     8073458952112702669797040455084012857307900410030434292446160323731897     
     2445839143369745120134915581231034462942208128257639716863688987240527     
     6035403887118060900923350852787988068419170661883013093784292493073925     
     2608370794818711887418885537362738312372247093789822452517343387253206     
     8555349831817225558620280534902221183412933620704614982502333398202863     
     0928866558616255160390975637327947279010003788368467975507749019907143     
     8485618757469354916482531312455475805219941914275948162827967850673101     
     8519614727069138262535199521456048650565437197310482513832876867823795     
     1454412416264632618223755900302763146462102154069776506904946621616980     
     7542641114027942233646903081761995249273327583136006890659926990988124     
     9987979395490227817758940872667140107029185959514531972853352899975106     
     9793349149446112092760152928284151728811441920251950344628210238266671     
     0889890571038217303786218018464007193907653588792753538122887475765557     
     8749765292034452626118296685659147574043843192893327662596245635501019     
     9253508132314557819257257015021246678549298008984575608500476886932819     
     6983334498238246892020423755750534532693767586989142954526338967341750     
     9350945716795211802960797363417631249538693264973752831168216255769783     
     5794911305181484853000767906573578623835262227921315485735919014817918     
     7808339233113580239832829202414328666910893958642358084039807195321813     
     7992688799808680710734796987374162276164142845798830307669001156644351     
     2301350129088656490482284321249136186775292306932023122392078831696674     
     2392109784546081023282351764023555641112390331388368754505928361625731     
     1711576541754352128747755625494790990587184121364080556266269187960555     
     7410335069295019681935314749393422646975045228368857325513472087935963     
     1389314752902953136805503405163401274798420113591281638330839143580265     
     6977184436809116287337925467244055648768762348238142221021663356423831     
     3088679210884146865117752891472512510436647202887898460431680997380747     
     9438247396950388645647971478734059842867723185849892583185290310850807     
     9675635663510452811349941045911201128122684270016946106447332010505561     
     5127743468655273744205583185826157312964786448778593966186223801133144     
     2287851547324227523830589604956700569966790857599283499500149531551488     
     5397541026194658194575055804255894352831570166502981925685346715742712     
     5192990863129344336910764167486739283427516796520458197484621929999130     
     1339973489035626941256655385529185826935377139779955973185999382081811     
     4009899142406501580112113513614065257494592483450568018519266770585588     
     2943630368531803673125498516628158459171192593227141097575093395693674     
     4436759023967392612032142663363449508862111317265547133980471601727932     
     0902626962282080677328763200538818309036162488742586955711806673495415     
     7697817310909136651315180613786787652485054917070191315370177698728226     
     7922173188944798845696104127323469313205856493373718164787605973627034     
     5564943545474608542203252281225278011518358935882897818949111750724524     
     2065839831858648282765722126607962859449395919053246305975903599457526     
     3869013087468220612822736203877255840890764915193039993069952594942700     
     0044112529504534827277148828123489270952186351948042363923026117946236     
     5854566186111378369641536267571105437441383650826105967565292359311143     
     2141214208649015134699964386202072562293538773551863136576830055211529     
     3388663278100346208875625212938970925512972513472439672531146645198745     
     1177268547272301389172470064426279318654293818105483116037994727852451     
     1495461864682730766016003796773318432517701031742664594865183170968978     
     8002032885062026643152397469866859253162290543707251487129899607144041     
     9263994733303666168751937873553750190788413572372361278055323559225641     
     7317129777735331212370441334900531753812687165546395433372104798608277     
     0515643279976542207539611167171249918696482976115112534621211045631722     
     3597460926798375788743899617724781112594401172079816348150453951759655     
     4136740778955871541112269739154966133129463923735272755296561008286203     
     2509878878685935930655018284721310492631682096029791180938743946577939     
     4002617739148879162930938902815766026269373630867326842478583087750043     
     7959613854329508572338523692962606210908047384180241925918437095967283     
     9177472908387647575911281853399389474482727983586240331999639400010182     
     3922421970322813964620605818117948153214711574727459720189303669566029     
     9666726336852537309231599698397748744197110305048703130549339363666984     
     1765036005527243121736557669690484973683650835503779332853754945823998     
     7565830701515435129365471707451990119390974699391846021436186356338606     
     9253132155938075793069000275771272530442422344981668804295821879295514     
     3560938485069557436588956110988747302937156823895810267948541250408652     
     3787370858560037271457559915236275341313945922083732761101168728502596     
     7679910233334868842157488169233483086752922079310885769264175675819092     
     2100136388193664817810575018851668520466161637387825048849804757612022     
     4430876831809104093330372540634771706187529474163853672940129649366043     
     9760694742177808384000000000000000000000000000000000000000000000000000     
     0000000000000000000000000000000000000000000000000000000000000000000000     
     0000000000000000000000000000000000000000000000000000000000000000000000     
     0000000000000000000000000000000000000000000000000000000000000000000000     
     0000000000000000000000000000000000000000000000000000000000000000000000     
     0000000000000000000000000000000000000000000000000000000000000000000000     
     0000000000000000000000000000000000000000000000000000000000000000000000     
     0000000000000000000000000000000000000000000000000000000000000000000000     
     0000000000000000000000000000000000000000000000000000000000000000000000     
     0000000000000000000000000000000000000000000000000000000000000000000000     
     0000000000000000000000000000000000000000000000000000000000000000000000     
     0000000000000000000000000000000000000000000000000000000000000000000000     
     000000000000000000000000000000000000000000
