     8961610350783674220261761745808780932411548459141067136085410483097297     
     5054766133842254458823635912336760032649975678251943746402767914229498     
     8437116126692820594905357917391829422140170988295637306663952555789030     
     7626264041788412407390580357369784537168632082305673801852994513762641     
     2165043081970817898723448935209191605264402968181219923701824638146588     
     5445620024343214865203078062539215544152575877836104025145964190987428     
     1704912258013942570330130005022322697521631488670440446724667985840915     
     1825656174747978120232485169219032785300277799941460938220891792784537     
     4955647215020780692398427640721073073443687985380065407572287737944643     
     2240665879768101533897252369980353683368425225564556866139638537954826     
     9419587292046151837432920281899892966961164790202337291489085411881436     
     9275842151375525491566258709467696577502409335554826110730503428190269     
     5207424433428385163222878337058345237209287509698706022527418580635118     
     3635536648106937942368406953142472180510262690465668888777791484159657     
     9317181653724035836221042623805538269375095035699073674659209495184075     
     3050446041411255679482396086713195159098390725395881446802163639366798     
     2819036696448580061621884924857372917286555377034199178546602935827242     
     0683094881338346950666940500259218049656953223035231575119067590476925     
     9806720809047805372502180666069808874174639410235772830624696151387057     
     2473845391693429293308824530790163612088304302510967088201364806382658     
     0350063271470816169895003517179435029106525003396117073774047562416720     
     9587084755270006102370031301019246964271536769621675494770473991014310     
     1925218238293485405522193650652019562574898917722314217558527237580282     
     7489088734182167060882195336514335233975246340785016074036313282174795     
     0836225794537007652684582218279541641137837094129343255365515641110695     
     4172726569106227565302770930987715282974285011629585118257543287234234     
     5283819153375629357846160711483356838888705343527659790008573387230340     
     5394148013151726733789366012359341425878787898908927741022427762962647     
     6817391360992045473147334012399945463820611485729859534194138385487175     
     0910049016427030198530217235442786185597646565451354439866537081912169     
     5411015365930315572431446054276405721971323662969348951128737892237753     
     9030769101142228615188632409265758100809956481773244529141893125383081     
     1826716436283307512693360266921832872301556905472740491488828762106931     
     7249071259668277952870307718880748926066719268847535801533377894699531     
     1942089411048150447509844637684431004556480872212995150779822864322249     
     8516864290588820862026812726008161784658179028854356227345520319110307     
     6132004586389390944053066007311049539974788073024517751656022116626801     
     6152871709517377042042780089698594817487005881876942812692387716904654     
     8790073572826744438689789564856437687075898113430453586723001164280716     
     9863586162141019441892674218883818180553149301575497405306049237769757     
     9920296315363425756001902839391799765177212891985616087551412327859272     
     5212177857916602240728807554958408786379232363129076186788764398044381     
     9117000232443710752933233209146277092952259100367435520055819973456095     
     5937989391772258957389653344327011519407214946760831320460269908508587     
     0463203370194750445010306384770834321070343785815292889773707583726104     
     8276786128395134144063912713950398215768465549122715955534571361337404     
     5727504919268371538714496194775765839006912639498059792223642214915851     
     9497208197732224587751640091999460155128647765898320048425662058061728     
     9212581499856608140753943770827449810803695365145746127413423370745999     
     8892390471090405736599578409215540645063662698338761514936643076391792     
     7854373814116504982061533667783635622334790245530930384690581509667390     
     4517241560292876070349649087232541954766235358000181719600496460237078     
     7573180817488144882848416596805059277160735287762798790148665177290852     
     3434265537858066506408039214723344643029104784703729132786087881395244     
     6600910625430952696784577251592768783005759395756341440758103604943704     
     5830398914330022667095302082936018678337570212045197539960160623540422     
     9525160932324949222328129277485436099065445954332497369762020442083917     
     8370522491587502504830748817878965030110849559218427745406025728000000     
     0000000000000000000000000000000000000000000000000000000000000000000000     
     0000000000000000000000000000000000000000000000000000000000000000000000     
     0000000000000000000000000000000000000000000000000000000000000000000000     
     0000000000000000000000000000000000000000000000000000000000000000000000     
     0000000000000000000000000000000000000000000000000000000000000000000000     
     0000000000000000000000000000000000000000000
