     7200853366251655791075499579216574079698792999119942364912199764547861     
     0525132809159378467834995498605087535272311918938124365317296523560341     
     7073495076317988449837030067812794322250213792448687702726845038558963     
     8116375192079539319060420488717802729496218097427945219866847384219336     
     6660947189982249910798090045829137413125835510861225930454720704103418     
     2530642218554201149926701022350599895375547544610039515851417426859486     
     6521288968045065179776214544866444334423207429696236434836439092013097     
     3501390280667589875993251337606235624314320737663892187529952620202382     
     3788254881655491910930915270089324461414696591404656483417070198052462     
     8464498039192882584902128997796749852207931086723607481822034935609648     
     1104408615468476232804765565363980345095009073607657536477544146189883     
     5288534167570956975142933173067999524124321894381236379501968806442663     
     9322700631673315069115629258046556249145444383732563992485538308017197     
     7354837087063476808136580852842298096860231801570598812176499903429551     
     1851236787820413224307006413916538319586251791126257294612425324413088     
     3307871219909097665914076890160188094989308784363291447303992774680621     
     0332117314044918140672659318056468806643787696977652919986105189387174     
     6477451551708866590395309899687866163681713684469880400306617348239925     
     4220732312719366445173270559137474256777834794056464235573292565771155     
     0124044280237978385886538879919479379036537799428350996096845823906153     
     9236568504002122491723908138377071224896735554205747809613687642319995     
     6619104634772466647362613526289354152315788598189882918919407674279060     
     9124730546415855570355370263395051113237031059774682912877078218274728     
     6982895648809500803898894157029271652599467648359730662559431454497814     
     8963297643834497612098684359171439624480803727268707248492222016891790     
     3558692108581043913354109513148969625892602827704097464027441743063552     
     1026053587459447727112180409331656648345976233935099215854359661304050     
     2596709066764130315643850364324162086320438437514225700563909013491470     
     1533215951791878337236599074855448224694426527913117697225895413556847     
     3396679170226903788451321184244875365246227626435881786859049495570827     
     1253083433930379101258279061907623369416827948501412034869438032916972     
     3778279872238655273514277422417398087995482727255812979697341961098127     
     2884877817548021651391254440147191756494086743963770454138682234581380     
     7228808580745889753079553096985527205795218762630696229167609032991254     
     5434716261181598701631297165901832817955653760613174748300928150399587     
     4142504190140371728369066631642851460436620942866372420433823688426335     
     5606205703934454362861113955699672866058037256036141238137440800897197     
     8437775688809327323134255158257907144894509307784167938573367027160932     
     2784914340589808396019201765015684137677408935871250121005688010792558     
     9914909442712026361597651649563209934083029377350202666808198561398678     
     7548748448758523318354017284535244410850532826896446695428030381399227     
     4262096714392145793832377034503812048913634149529879965369518205835909     
     1062295687106844843273714091117358672961165808138103363827723365177544     
     3694220390412521173606665996228036955686490391387976085180171942895302     
     0333914450738594470277264364830283734193250202637667435513126212944447     
     4224099546922359908252171966093580722093083635149459702543989471593399     
     1114050674888880135191606370876492000756944078647954213497772151031886     
     4042998909188063421379450359259152988941395395425685858477292077607800     
     7624528448079683692914909718496919680796659669882666704821590117513823     
     3064401018809249762944702241902094160761725233395899968927917062558892     
     8827401062340245872418779168607904623191927661342263850277708122728162     
     6578551412251699046266819967299870181409047512455617041866611237674389     
     3469846914520625002460626652806484686951251205641940576592013846291768     
     5231057794741547459781855362107395736421422903441290093131775424062035     
     9791042143458339476600859189608627565435405773583857214450836982950943     
     3240140433310205798889871893468924945587059044649994163537814172264486     
     0954709614613236034019741712477521683381582090741964573545005130899752     
     0217796327103870604213061203436358049709176658111157746627993291434690     
     2948859336611900017669078185400157295615275765015903506427934603454717     
     1234991067266336457496796357467190415668668640682495016201746876832155     
     5114906027793989214621201451708116209525432278669317270563814042734425     
     4814986234117225070404028952643100938222243856654359859365191073939945     
     2416248129757912186921762742306886201385792591188677236022430978591486     
     7792785368812018799814730460780052176686358482642599772979308071334212     
     8292482945866188314916521724502492338208657775678452659188998181101612     
     3835675419615535083721794169421398141189993838867260134940307587279540     
     7851299801930120429430742892127067179979545137607689267055969328324082     
     9555883680211361150721495400856579983917970233974727650276095291190333     
     9248166663261765102225911986781290802577166155666440231894795361337206     
     7729480433318342823671733393331009249927287651100604128608875956636179     
     8009546504008448908239532616400327045013306381976050232649659850669218     
     8813773730664964571006684332657215707780435245658311220535584076766129     
     3816853773986947216647267510345282481897874289556466369217524851989640     
     1943000723080534500646778841828371103730352032979065839584061725187115     
     9688648069191717235672619692694827956045802123695776778741916474888468     
     1516897005448499154238243428740471303235018474434555863499327742281782     
     5066321572129813447044807978367182001832287897006935302610600023917171     
     1431929023171162817054890901990540177740098128880809712398598905631457     
     6015918529424743997769247059468240698174740787152169460207514761828739     
     2706782144677036301209486669410647164402609868434221742463589472456880     
     0005707330399628696050526675649144753735078978660632963912613404975088     
     8878487928275282786462642428653921656743442849285527868256490621518390     
     4277257569465826441615619271005057063453274051269775802669001984546415     
     8292467844276423366606265094870138788250604304085456146898961671219356     
     2963676734478940323657424298534772151298866111468005062429743758940289     
     9653279309853353814713160061841396821519364480849331249293330321421657     
     6844463635448240832379438655965568594538105272412218172149293915360557     
     7368366405278432489746838436893052219479753742833205579478464799425763     
     6950204814013660987871737601536836762366092540357338388909995523921828     
     2780879278046025301516868082361105056488248630766345534091082934469066     
     7869382339680691315714329240270359649263184876402346372347586621805928     
     7142736624766705007192518742985595960583550176651290190343295861863713     
     0097571900596478277622602548979816614229308597501360731714928866037602     
     5131006965993955426787280241042262033461801038342027542020668031680624     
     3985975473529217928506216716848053098118886418298503229789997443274322     
     7072401763738635198403563613775430884407108436641612117084154292886380     
     0898456565726339846309862134375304390356646127383630850986171758376988     
     1935593412895943427913302807259390110426242798818607373671391344913709     
     9355548640644060516882501987010333084658920292458889650072918264755158     
     6792064790211435907138571033060417140693918742089964821972549457068431     
     6352279823423177638853996724240804394998302043941184453268805511499620     
     7853615530529698927330607509589516407426635900950909660845476318796311     
     0164919622714569162930780196933927854425947352695970764628147077466875     
     0228221608824411981673119745846555006949993055150718823965318877960427     
     9266997093058378166743606770256759930977394181118575470049365648717111     
     8762945159261150240866383209384518014415737154316527820301669016019399     
     4207802095092527955612490818980113699560842108162326394711285500058771     
     7155284059276942313864996050001161328854605672148691481194891993806194     
     0954584573059983383080319617991396208315810394274513696461698336063396     
     5128716290071440164885820136392462878895527109099069257271371505550080     
     6539293225266180719237067118348962111630342710941393347175235849964927     
     1595387985353257349658337341771207759891049481707428042862695794549777     
     4979651511236940939681009517034598943723975695103734562145210281496001     
     4570836247438503517328816734458050358805066560835206910006325078594097     
     7522006364854178898675994865240829062821197359542467780312126644049195     
     8815987666458175629528544192223420299326187412277469557015478561751680     
     7100487769674355253464205575279881385364979746973133605836011037944811     
     6693020591742425596290666986452196723979697237219710183120096701596761     
     7707163664800768069576790224344661603724996282843004344348259905810825     
     0090978070354903412171968140752685699437723644102684809982963374421731     
     1005830002824561956329724342748374418053489628806095556524505444731972     
     6319201922141209756399094245347123689604609328210668855907124491397313     
     5506643645718145334091302144510778767253037529356416487147419878051144     
     8652119985133796613454032215679149325039874768440426155001851771644344     
     9240490311018196731797043887761634982718877108619677078233742232032749     
     2084529390920345948160596826098482968699701317092553545177597299517580     
     1378671836816599353222438842395469819644179879345627259064395264666034     
     1974105225819651386785564763071023015538628364660461714675280423923162     
     0790849734414388158784261116493028669816071066788791353297927778985430     
     7317649576565402980627289343451255814490250195935522139833348887777600     
     7319640647825119771744459124497321160159072003255021166587456770350972     
     1585806950363725291662896897864016518328393847754383916635498469313647     
     4066484426181086319910089528676842678322875540691997347285933950785759     
     6113550466966228301861836653016165747520723204074970960435299636925821     
     4016680597720607095357228909790878232258624944121193066907954247269971     
     6326834465035851758356592192683246453581671359105489336889887821657464     
     2057782713287839031786074856695696515865082542703200608272061681901362     
     4709703982900398660407092671735202630457855122454876363782675029180840     
     5682052262093094442973482077500687092368539235821553505917433855102043     
     5619946144415141873501374816135649247716917263395912278938700370738409     
     4650777020618861066933128078245721606086078395162016902906292648728241     
     6763320482469089562395188045953346384408767916681601883943287282904171     
     3769717849246586524232796549701725792288826982574260637418632912280761     
     6542703764438452637984059437599502093786614620364719684056297163925158     
     0464193523327874071642810576536177509991292852575914721321936743395577     
     2364590191016970214585488685889188350086914221543262583356459159604136     
     3177171949318569885797294271142175166033849678332268363260371833216621     
     8843370693554405016669948345887548731995672474372300734855554350819139     
     0769633836456226999367343152892958080871632192180891081926156323997835     
     6817736662121044156139879637333943324164062256786650091315697847071557     
     1621753424039847438068293108608730054569686848650622449895249465732681     
     9332908404047681261983291931913997133565617309030032424805951443752292     
     7303542815891083851949543052739137855309050786516495992706702231419491     
     0561741330116420121522385481367281042441715433564541882722707870512613     
     6178584568322411176655116688116199757054366739009705712255155267606182     
     9037498549309399219115171646930388694491104476657713505960187462365366     
     1276268717071732269541793933466144206190225185723502250650568280192615     
     6294970448098123985822527357352643712919651157471130614020256644441234     
     1142994764449173337793431126371352155927318104235131672770037542823746     
     3238559864086679292550254953552205088096155606324579675007379885390972     
     0787694707587459627468452700523163166832340727576293281542327869470934     
     3617033067703720775301302526871681070028879161331421828050189567292826     
     2046496949264626108203636754803267704187530405894980049823832696486545     
     9559747836779041635091858085691080688766233987212788688131373173215312     
     7399680529640095541031087345691404531409342544459214597556975452374903     
     3431750808923587963335037949757898838265159820076336289245851929919824     
     5738328530894648854861898395866233926000937804781001729256942249834459     
     8597987749011819522329894943248208347772839978359426304612899626304751     
     9413329702090956103228838283926161540222846269478382309392728220334637     
     4749098924383800853931406861910435193271873747751828811548629746951232     
     6647406367276402189875256945777836416687990169716095459464412904287493     
     1732965906535193915351210245782056141040660491501253250782403663060499     
     4161298936046461581656415322560306324754544614123694975360242470727653     
     0810339990151962030708530822607781993809029096512588597818729575808613     
     3205097339645557452602020360299974379951765067643422286901116324484656     
     6202210287779014624182159658696299021182570373867797936909146990755228     
     5979123150832014617618617535749065165656782334280966348170034057288637     
     2103494123363038623400549131779766060057518560668402536351649058871493     
     6189174150768005016895880251024848699011896866511104874610435897708117     
     5926560608661226152903636535415620336990868929067458572471886141802277     
     7698386207623980736807097981972046976574738488844049383609955982941666     
     6842226935665394212012684004778064138435850711429347270947263655953029     
     3888420697648323001676053410166814145060597751777377683696326067161006     
     0585428359042903906663803041849563641148128975531024602531294860616835     
     2215386147257103923916766907146408630543718756790125726813599807640962     
     8248664122764906666893414964172708144601370796585785437285897286509217     
     5816042255198516413975138695730413676516009253918316855982396184370698     
     5938330042350074294216676924755643722707882362426196101343885332231034     
     9816463371351473271517773544308747525638937067136049495408423214964263     
     1921561332882239632392805137745795232414681669409395769205303975849504     
     8025120721649973072200190082462330652259664670109173378559025272921251     
     8795003995547473192918341334484972994560000000000000000000000000000000     
     0000000000000000000000000000000000000000000000000000000000000000000000     
     0000000000000000000000000000000000000000000000000000000000000000000000     
     0000000000000000000000000000000000000000000000000000000000000000000000     
     0000000000000000000000000000000000000000000000000000000000000000000000     
     0000000000000000000000000000000000000000000000000000000000000000000000     
     0000000000000000000000000000000000000000000000000000000000000000000000     
     0000000000000000000000000000000000000000000000000000000000000000000000     
     0000000000000000000000000000000000000000000000000000000000000000000000     
     0000000000000000000000000000000000000000000000000000000000000000000000     
     0000000000000000000000000000000000000000000000000000000000000000000000     
     0000000000000000000000000000000000000000000000000000000000000000000000     
     0000000000000000000000000000000000000000000000000000000000000000000000     
     0000000000000000000000000000000000000000000000000000000000000000000000     
     0000000000000000000000000000000000000000000000000000000000000000000000     
     0000000000000000000000000000000000000000000000000000000000000000000000     
     000000000000000000000000000000000000000000000
