     5615526329283307146626578073567308621499109699835814608343860112440215     
     9805327103242033374333780492595904901889896723310055661929377790490898     
     1437428132696839039414864738924813746822882645844028796799114859040886     
     7664796260272863191684518878899471699189206378779124832540695016189082     
     0152642536165299386234514189019426731379434705301126136900495584395978     
     0946774172458137059192223316387575919734119595964397001307959169570347     
     8132274595823872420415588511133333305593087106612994058339099083584393     
     7789156950787485913955750012317003289279995386369861777348730766012220     
     3400333132104457991021957539626752842145300118634009894577183139538542     
     8447219136694598004017363103546078352573303469526933686107539678295400     
     9858803288260447928732270265282627497303616582259032942483678668837065     
     4004076479112051571012757867332933333236208516711865254698363721157631     
     5427970040639080390045653207560022483132578394962348118505385197228262     
     9595477146460820046322247558627584540784649479577643929177525482625373     
     6667856483134270447906870146319202620100614184990981214019957031402478     
     1398448069956570659584858551687588420787241282765154631075928484951564     
     2616324810626958528097146322336289506375037632598935789700995399200009     
     3892250666934904037304798407249829026117978947984313078470378066862201     
     5950014355630975479134229671510640792979138509949749707540500537997976     
     9370162407158391183721617913171812563339238746683968287437836428083666     
     8194868477154236709626889693968120285578040639422724494686960382632633     
     8666017432213381281713307992112374932209488570940194785929154338065393     
     4371496311809168226194600662199898059297085664308880128901983999874272     
     6961979961414589037163553845174264877558882044071318739525336877053689     
     0668579082554694405137702955223103067780295002312842075498825949204260     
     9459350801971523153189704818194327275598767146008823211244008046119413     
     9660145136079430553002308224204294268262658542348051055262697661623521     
     7187477105685390845234377456427828890037015402517388572836390990669103     
     9510698141059641200777017484149797682958154553225750146872308245060485     
     7151974100299015647037813698395611294468720719495641148077696113593759     
     6814581050449254935319105842250702377448738282882624684463968605731691     
     6039133162336593613578492509195379387713946636998068705774982427455310     
     6867544635766039191530319671439039393985757495867761999785626820157380     
     2418649843249575556009298782294914296125103719060693643788147068547218     
     5074994170678791355743041443421613828230191619142792316792657803501290     
     1760038752906940056696594534822814931396485406145961315592635954718859     
     0545126412684769488431353347584778247147872535470813621244107966847327     
     0173274716258480316532487181117515225228424107346268073294689655202222     
     2331503336917716345168713397446649829601271985473215530247251390665764     
     0119033591319303029464893432025281081116655916433777976462211449900576     
     4914281686388805913308108193004391567673138923380220668695072734002896     
     8060985138425431055138039050301049863907605462442992546567456815958922     
     3626200748831941907557337629636348516928465807995311356306007671194855     
     5319021456688661310806535898838956781517810642508645157977867435455996     
     8715436738353748059928676198733650047414278181579727536373367677717699     
     6880419796663153245893136763804519768480102281676606348236779281898849     
     9459624512684669372612666347929294419890647086542919752571914460004502     
     4566847971034082225128525700427086643863382809300761409080312014872344     
     5298866092091610333850609700837251416131741545755585477252144146593150     
     1014682918616888443534973063143404074813618572394721288231699690675514     
     0121879261607963594032900796623062781021992385780476935707881200138464     
     7646562224580396047297756211502040367034454748711161085096622079541239     
     9363505615352269658277274838633066075514847036394075705980027551335548     
     1676069107764687250854449000090035006359538969951653660045165621815490     
     0351391930510028696198959637373386623177051190938228135561990623731746     
     3147028812643120996991642912359328585413991917009313242223429782024081     
     8369201397770881403765675386990161436229022409067196559775506795824761     
     2114275813599523987686958623945918609684655758139810056978379771664524     
     3596874077496021061567147635091629216486927673035742357392239989994280     
     6964236809963850935444626546328998293129831381961480927850365879979505     
     2140536071909467770334005548982034556748136793417912987911448103055198     
     6087817410073918887172301555308539124601348260903428486210790086470019     
     7796956318885084134230574198793229777966739539614321146667113918008657     
     6408244876887248469479052011792378961910293423731500562955706757844775     
     6207889255231509337249751786589234075868919207328010087610439908782425     
     7558014099221765454918707736249484177867484260067781669018471480805413     
     8418402383579681676821542234396715921923771133629907763149603579140589     
     5974377067959566387295663172937774905506169655375814419728467210296182     
     9167656572154963019483588696388093462057137619488861940184343581477786     
     9507623533677180970340055633069292402190495418035389048513010849380853     
     2264133672710094332251748563052092632324147866760263390189302569516360     
     6250798139272468336471824858745766659441901760125181582527374249066259     
     2512242498235810151003078754830094404987606851591196275046342306384559     
     7378828515634318665820929428940510374970200591226332576756790248517383     
     5740553408985519883215549937101145731854432411845278048272179975313575     
     9934175426394418849231740625995137808872156271841165878960929298873699     
     3084030375063979489989232698337047198934367954379877699537289310974852     
     6339171896954420297140795855290679301595165024143572641969931655929808     
     5723939054089130758708379976142388537361678136773598542002240645803612     
     7913663123578544332069395793844786517849541637568080391489489668059860     
     1299481138744556156872608320487583831744759818762826669081990851065507     
     3995152240903112167758599576421701350505505446155685116768656072781837     
     3747017186782038757558019757196233178667593731141465280770315148844065     
     2511085325350752264472511988913353033613366865239265458690035835431181     
     4286613592839489120599159559822727644766018305071907432616699822059360     
     3717346492545903070440516780637482079545899703189005155378855604149092     
     7015887370542399685782661044150685354023989316347861110788198125325005     
     2229297316773585389281002421434633606075064435919351590492273176690855     
     8285719654587825407838696270666259477555658146080849470632067400542253     
     7764729394264323817453062371337900361238830503598368275888021316964637     
     4340462951083560551751470062772564406181716839522501170307588043127834     
     2078965061444597551898408670248314868088153664398454923351605515972064     
     3290586011092606155196494738489549695910741400269667036072659883471322     
     6752795770936754361921143712198610574742350497062268774137085352075087     
     1759805685754242253836695599147328213625006797012025071408312227981303     
     1708509205995119810858775069303892246896794825836453542552904831021785     
     8492358396127569570386059037143047538334765144785357571826214212225908     
     1593598050809637944460352059316143671173963577522058632388467566927657     
     9453165328279931915194394762860647457985338543757611665771035084314898     
     7211338091826725474660185937210720660728524116581398030461448518108671     
     2313789424282167780942058386359814861795976470545871469905199348470420     
     8032279303706415712791449101016883307383854646692272051932496273292989     
     3016517993267667286278916687289032550652026127203102376698412974668674     
     3662836367296941914451801402267167044186007813734775116358802115343017     
     0954598015816948543576565212717932723086421650495688528808330538033635     
     0635759128403982017950591346659523940251569743085679342102535649288552     
     9233743646469958324306809494711746907289895778063681428146637621722664     
     6968766637246359298131244268061060645399180150272262578566855940695746     
     1666990440248108314184132939407776503183331816144033236747178677967565     
     0195206463935003167919115565352390137327163941551889939527090582572806     
     3710350063897862891730994245193609254049343467140844924244811250129344     
     6155290987754745789542418775440389990649719715829614971899148214002766     
     6247617321838838888200673783429401823060014079146632825212137872215517     
     9125028034446770049677469117386883288909892128904089303818173848966141     
     2975665954990800196054323496310918795798669271080058189110428766119539     
     1619033366133499754174526579549943178881415335989648933816711267106775     
     8832792740040166319584613631015954289026768198654990603770784533752606     
     8988699441597184957994312893060229343873552284472956458445307178968758     
     6786119170484737611466299563497555172902824759207927498799482699529939     
     2728570767532495776955030654252432301886239463200200982107913216691431     
     8626420104715233516716841911027302316186911602876150648495684148698497     
     0397629971293058262900294163436897213057964678794859341298992802939941     
     1352182263747471237727747319717636493371416396267337659316865483828372     
     1757170990126956228044664528509456513655249942003674059836277647665497     
     7970361678026419482415679095782763140783347699010927911423532811701673     
     8326613524360580921767400910612249588624203139817756967086124067609611     
     9869482755091029235984177670637138769462631210780975552642291293741628     
     5431484411167801611644635695215042105334217404771868548104981618193012     
     7375778729493878054729238750828933908674937579404983643910059103690955     
     6272844797255310348926176188606695252458231606440613639532875920395919     
     5179953825340143858733004083149507359803582125712970220727646821611774     
     5574949247052254834308199664044527575897321736320039576756490639946688     
     3406930772424768764243605531652558097186633070084977150154825211416620     
     1324488016172330119588541742314554280664675031597189820704500825794853     
     6821937723147330520418678480739236902586397230088487790987543534197881     
     1825208308782292203806904141962249839664342693011152738276493445645939     
     1201798809483727448857546612052848728966218361016820297984481201093906     
     2863627849008811147585094659476583935733082842596768048285721394100228     
     2607627855444342217256623939069971668530413014247681085212949320514866     
     5164112520894293922990062610288878597814536805060970444210151181612746     
     5155310110760434686661969132321302377357623102214596571329317670295418     
     6180683162436388609959301435400168895468181275115559095225764355484334     
     4894107340504799117255756585676730603545088860793641903892061460727805     
     6211175455951816922660005549848131409600251391964085085642446586085610     
     7748553650336599831626721711705176086829085953815596477499337713987269     
     3037480961881531422926694179275492659272783396029067698671814604395379     
     0479538217043120146005022942629724076692284933963446430927453665860722     
     6833227547009699576950308428594655046263014972647016267234364550473101     
     7962911358522572215583548092174664762141143703182351603676014167374525     
     6093159566032817172105155580210021029626311219695440280205132856159532     
     3437333009819558928890881696233849979485666896634974350301043759031072     
     5408183643204719851573441052304265172304795718996325922033887572415133     
     1619047523333389755194271442808424899699515408536112044848218284931895     
     1152163702490065739639564777083740765048486622965079699279614963098366     
     5653729121102680882960677820264257404074627356219412537250000787405351     
     7820550827395471697270555052967238138374382890095517147411778676750249     
     7434348644937522739818451057976673442170727030840816113485748220668197     
     8748104435877714762445328861925371679709170286095005471654348226302671     
     6952923461453899258732074470838152632198991890166282384263657919440417     
     2497917680551758657497233194591907015199480862362046577855572674200933     
     7085523105428496898715494011174085406386232180571878129687958440922262     
     5907250101404889803578090351301809983828999850760880603540849798424396     
     3462789791346156465131911272082134150496457935908152815582515811358489     
     8363666109411960119539609132399579985663892521641623184118383514115822     
     7463698611239026435380506792813204441475246750827190372430408221277346     
     8450544958638248404743350654063266086982034560317627080895335154534457     
     3656872221878722695223671803396089556157652969029764715733855731833397     
     4471002577459277185897329626636484158117308155469152199584966469275348     
     5386871599273932971092404730038169465986804009240994510818946978273771     
     7764624304769487516206413552039357596285010333278581683413775348751863     
     4678480070570642298724708865456554078805790597266385477157001482326050     
     2795489087881064919569608792247908058892871567664268845036935020355533     
     1164535414188292861724492950710265039186782258533484866328067923162283     
     7312274050994985425136768013467441459328802001386343121900859818136758     
     4101703524492402253070687427978242912939740346698824374783989640060876     
     5070910730019480297477713582040948304916685822569065472315552923358858     
     8341173409177654818576029879325912441166428136807579683528846747536140     
     5308533229193677947499841954271410227643295207346942541884373307344645     
     9146416675220085124734275252050877875821569627495902459020792268264069     
     0093710456013658622067016385343326916327340345939079518557177716707146     
     7630559416937638225857979471422049589992138275713584087452101352148382     
     6176200473152766163530851278119311348999003226326225799743524342878256     
     1355816207753109957150598955611870817178269743268110942212498465089604     
     6348125079436831581334546300808336561542524793218644633906416507276627     
     2330026467539179772156718408311273463355961601487144915882599573890136     
     2994671286604946680292343487618657620760768333620854678715379575754784     
     1694660858586575296293417073110107332641675027880573977158412440219009     
     6422874893653910824318818069276196853152205271358418288496727670179269     
     0559253689726620915270959243720180972041919603000186501134624807736569     
     3873669027908692144417841376360279102996144853290512188862213193979423     
     7699424870103965048221688858686985892415304118405354830195053619906164     
     2639837610560433262296056488230065196380093331277332278211928600700754     
     1894746478683182087320624307038133434330706800336251960367224119235487     
     2111814251456498753264994867383116685961721410860148067798048727850524     
     3310107069385386074083825878858869440737306013533974575658340148762893     
     8708562032988727476528606366167030159522291936027024404940375272029613     
     4618808614935772213688865695160713454443221185458974512453481737680555     
     3178020837166215054071286632687839050070666726342656000000000000000000     
     0000000000000000000000000000000000000000000000000000000000000000000000     
     0000000000000000000000000000000000000000000000000000000000000000000000     
     0000000000000000000000000000000000000000000000000000000000000000000000     
     0000000000000000000000000000000000000000000000000000000000000000000000     
     0000000000000000000000000000000000000000000000000000000000000000000000     
     0000000000000000000000000000000000000000000000000000000000000000000000     
     0000000000000000000000000000000000000000000000000000000000000000000000     
     0000000000000000000000000000000000000000000000000000000000000000000000     
     0000000000000000000000000000000000000000000000000000000000000000000000     
     0000000000000000000000000000000000000000000000000000000000000000000000     
     0000000000000000000000000000000000000000000000000000000000000000000000     
     0000000000000000000000000000000000000000000000000000000000000000000000     
     0000000000000000000000000000000000000000000000000000000000000000000000     
     0000000000000000000000000000000000000000000000000000000000000000000000     
     0000000000000000000000000000000000000000000000000000000000000000000000     
     0000000000000000000000000000000000000000000000000000000000000000000000     
     00000000000000000000
