     9417758151977347099459751257712600308572248517156662763383000682868777     
     6019002114139806599401092241484078972784175142625298030051920919970076     
     0845576603981903367384822534410853622362731376026906261716935448600751     
     1584725760804265168376996517144190712801152767872398754254592526110109     
     3153192080798176144937010917018537427151874208526449570325751011729395     
     5530798121552472273209533077829508142129501002138261346969503184011965     
     2968048454844665872350004537690714897183803385698093291106624177897177     
     8557307452350347861930967208174278411196320929832733970055357861429478     
     4600304510095007508896417900740746834703694733403398259243458141147542     
     9908164220293076458333705378577001981877068872810699331950269690755241     
     9582055721770904837211446683263785810467934680283053886835917022457624     
     4187954406719234576397552611417073234020708827988969631510633410377956     
     3949482428525568621590765919824241306319364318791146673753840537653470     
     4464733657069164393912203545953574426800248385787656629341402874572750     
     0348024316781694784984603883264154541547456527657444261968669813654740     
     6883418692545727001150434396214904883513576836997433953017607594250319     
     1870845803988436791337468688023917437378748906646747306088133575672195     
     9383580368483061143801826540752801791225306749580059880692052551211177     
     7684039533338151777661928965083287622725778602564510847472681904829011     
     3002721685226402873982406217186320945732083333689508110641533497102203     
     9482563552544775802739309358168357669250805851263792939434951424533200     
     7077430259823611559205455367578242032112560919634900058800708426393530     
     7605708804630198651909463937522359727648503211745998041276716723529731     
     8877627687927250697058890383471502066649259464180144652509612286332170     
     6611762868513057616560975524902398142338556337227148201671294962709549     
     1728731006585351131299432735352433357117937338671766673006865218659229     
     1483489291111928685968415180260506205584923598090451534722173652156660     
     5968621698665780154598632749955166122413879709221737244524807914788638     
     0430880198724464902226037575341757851685116737189632419611586490591926     
     3384936746691418965999297632833701705848029987864994453683193954982471     
     0221315034240898297072287500494493541538939059113515566789622872747684     
     8683558359519205578370559036353590340258044790452760161963701252636257     
     3705502652811097526975788956702450697223707899418091557327005831931862     
     1979222519250951630344089770650795407572592280698199387009208864197927     
     7983148496525896760197670981409080131900625779219918034487722282979983     
     4060930999897033489002285778479222745045077316127509608391085361820279     
     1382801671417802791224955404135829056727159623389820317239613964326618     
     5941399997893051110382520234826739081783165545083320833414691639893745     
     5152294600171900932026404774444155315761236003484991879139428052038057     
     4618291773291234537954492848600931140713039841977709752274585407938096     
     7735111790797591268573385480572666195348008712323756077332088786767178     
     6307275111965178450572849150520926358526458400916415244968331584256596     
     2487124748481061133433316034009453528709219215855258646570390177357390     
     0602684124971596696377303643997637938979926992045632911673805627741677     
     8531993566295548399151930973618109904099586189650509670418654804196735     
     0437132678617873170364750722319076873591339058450732671506740746694671     
     0741358848669508782401092565405250358600450524091432826541265541224369     
     4238442210686942586016033615613902630504982999888234956231189353085352     
     3248677310850679077885633027227032429599991441200303607872127793486671     
     4058638075745299467268782838285256808569439852682504564398853949721160     
     4646633246438233303348581397418859224215102124218115171043890455302480     
     5848568625602022692477063256052281979760294279415230326585498014858808     
     6943969465995025803731439322576049156479112129785335471040101434256812     
     0662041095765621238467932371943128552781776991950466415344444521519756     
     9677183330396265663041239808113244692490864478564417549155182360326763     
     3570128957313107898975738775157503215828745484424593157684907413493458     
     9662947854890752452961169230086023910527891915203967181941776401628858     
     7450667549238842089502141239503587637462096224746740917663709461314432     
     6100063055716450947972602704477525630740778761908546371771066731081621     
     6232597446115337270514935139058298153294078926571207932129282914122950     
     0888442301769156677105206420715046373086442890302906393648908885520318     
     5376642424422385819821139602089108742826438998519108549730939676186827     
     3702011627080003685537519281209263110369202270109371320274638217771997     
     1279950507722759855304218990931433572007193924234127364538650583309266     
     8814938739624031789475346064896594523663471303072393987318274985272187     
     7560524887972947034626437219841977736261660244125925910450645290220046     
     2580488024559235955749643017290763146341166458004013926461611997073899     
     8042155769835086555458169805593771413395585277403130530932310909732077     
     7696771197691794410671945036703185899904961136153491437296445225974011     
     4254324667719255428181738170955178890431633721082043267645732879094735     
     8305566947463103907217793694213634423163272322113204722640612368566513     
     6792904820955823048179492600290504875629450662271289046098049738014044     
     3078209813199938283474218191303056317269424474371357449374149157219589     
     4801126396476420113918688043267515750814960962885236804634067299732580     
     0166213577143406755101545074903480104753581244374507213090206470068834     
     8755685875139428271381719289826453061898347220770692303973533322131410     
     3816325558373563404824904353358883189267246205316888406016811551968780     
     2938979883523060708414788278471486336472297650717742240816986576683001     
     2899787334579584589930151857375934745924175093201200625534422529297710     
     0600320258190122932413508404316813320852321779332065954702543921524581     
     1935482243225609734150703073415802781048956427314450151678737455869087     
     3606434355235940005765502909699590204553631680196838107338085132864765     
     9928301824677622481680140877647111497867400799958363359335450153704169     
     9587437519054835263360200117260851178596834138429218738049060722108175     
     9420404693606886686202532174323037346723269803807698543541605131469201     
     9676468987913214495003719889133699230395839542425518389440471192629308     
     1721107900573285994304799469891625317391534978679945062026952211608615     
     3896886245892840715923843003297707820180877929458278371490139992976359     
     9070248122611797421066272155425681262301116676172892207634076941519321     
     6310356684955397359348175156053795014074843779452643751254136772039278     
     0943205096336177047205654250161645666101065190075464783063044570530986     
     9566312418787627581867529111594222603459590703585915526165082998729402     
     5583580933378963367459712695865988644955355866341646481597476887442042     
     0513602883689518518344157231164471325359272579655856291435185125442254     
     2061855471359456335343845927588917582339764062019278050250293582717095     
     7748484148401708029373440845195007533329856332386782090267073533880353     
     2264172857071222516717795606731165240347462313363739361266237377562020     
     6373119388403365669121384977739934852718635921075641910268025715314015     
     5255705508910917858100283043421385244936616053417928272299537852507092     
     2070697443343026728793049300212981003126556216746654094562813549756159     
     1903159144201697691519383317575649740562777424545360758593426005775072     
     3459799260128973129145579290281293851820859549017945263656885022574461     
     6972854586134911897670251480034766765717720617903676152310987953515433     
     9541109184845352266664571491767300821249255351324117340037730339282944     
     1614066792166935243010313961003471361348104676922627567340964184710339     
     3755060095607217608645818834262375036116556218780593197245425071083337     
     4493200480799122586206320941961874119609508683652469096388692015750625     
     5829804067073451720851891437643650736411850550308057933640343435417920     
     1194000511070800876133057028781852976675024998286270860129069163527785     
     3822038819209071280896317861303109153413447577308958363361018018499168     
     4316200504988481855084999631500694969076442177604646816478057195205239     
     3161047761681331684969393715686130021775436975270127170719214842633034     
     0016947378689831167189659292980290992713509065801732193345697713865253     
     8084421911267790580178888714940549751452470304772192853390735566826462     
     2102081723794944966875167548985524965625048960244266479861464935253588     
     8027618199533842873747710360488758047761794140656919680448583239695609     
     2268857161082500610156445019976894641332768004781930303580841826027671     
     5310605544415846599439207419008972545818231704669250752232807355045508     
     5862351936736508619337329558955250461593308625502369221551507965333305     
     9681737253852977241209450264153778645039649137179431903752356056460256     
     1300304566464173227383579541610432423532786965456587012634247389896307     
     5503092997791722874513893004564163261121315518408559046452180403620663     
     8143667650012054823119199481848771859934802044931416354321284014922975     
     3165528988964066852300107535191646505631487753986825556312467852003781     
     1606452280585066942635115626381406220655197389763175934555700712441601     
     4380459576148420822872131032549813382424571821310261613728063961642295     
     3412417676801664706987167131045741819459896824497236618544562460004247     
     5997832828471024142028487025119201124843648380909082219153068304496222     
     5423243033182231470147207015860168106783991136479395386966747427082963     
     0296963827846710726101890331707476237829604396290741573102937926229595     
     4628226017418039788384820677091560903626147760206123521916751237516595     
     2809566256641257102065948015572655316109536855958834194074068492455428     
     6600834251395391678481370681499662079051711453514512282392721064185599     
     5513155161212325672920340992806044306261790105566748184368352457493638     
     3788216101985842186110656025795964771470567739547386979966943712042502     
     5309273344029726954231235838482348911319442048107759108769252987604581     
     6262411522891038518145191554665091387548195286436562287023474737615627     
     7219702616791170915775510169554079984331190873557456538650746052798942     
     6478258155101452185442927698005009240595400463658118477444345495698411     
     1448833783948951304441890841172423530255668776611820903976262543346716     
     4618516303420017900835182352410696112961590437266157582215931378893073     
     3637920392525096149304614491252722206059718990809021139883289179938421     
     7954495505534602369661895407041511062286505729985269540939447361694195     
     6351492903491238522898546822878538675761613844820359810215988824967602     
     3103427894427088169160562363904500370287968891966542175795772765636049     
     4686934574408051339721592318207767454698376654608174631363732071939536     
     1752849099376608042653218948701395120144181491122078191154049525027208     
     3687273889152897799314620371251598523795611294141816215176805368409507     
     2433841194186674541517767542917171987043838550587855747936921856618758     
     6521758218666803441820349238406078794039889832400828404174417813567669     
     6157446026164453874743810074058642714976577017344835731001667998095027     
     1852312649693704921231429407741227992080739342075787425175514442047313     
     1967414686507662664268586983974956296115282754026924702121332230633760     
     0570235979617783285260698215633491836835807343560859322892236214480861     
     3525581120704410305756417173277994611351971253012215432005125766058984     
     2103066335034089784215149282910101090594439326156685560785740471157944     
     5184332713261316409082713927904453914913457201177455159153821478540253     
     6441015097370082707225033521645400748450232942369290783037186578197581     
     9515988778023081553254268171671510218722473747745998007946468613605953     
     4393348457374357943938961837715587995619696605669633163299609757922398     
     1485351823341277736621245334345097486704210254232681498638239329193678     
     2452120408631308597753028057099803632445171881424820242544809531420255     
     1364255119611229616764998016340173950866834284663600522819252865787363     
     9828778458075908880963511750185621662797614251178473885554410926843004     
     2510326964975451963902469454917907754434374488570167851138998707735213     
     0645942058745633883112752821161449222561945766924403976892165507337394     
     4735998324262233907045813809183832319392614489561883220311561659002076     
     7554649345581474170730501854100030510394622710112658932907994053213481     
     7003423925734907369703202823173735125582031085911204579948523006114905     
     1539457134534443798305587660943526682054653991175202515814290059535058     
     6798296252915087281641517160305179722272940625172444986277465107181267     
     0160078948343793695868915038687740326115469938692716533373916375206304     
     8416329426791263557153444184047123688136341356537935647179447782743387     
     0355329002988425790611640795714314312787941467427589078875350891897547     
     1081804798000755057913604563242994144149770842093880211959557701148174     
     0728931781876256143108080248496456230933892271552435834056794815495186     
     6837951996827294435043689044266105307747234116095525080546652926682996     
     8750240417801557148817688171451168361182292595891204219902487316404705     
     0113430548496630811429193613867864209530065974394107635833350432927590     
     0441535599704738783092731577406245132273988247714175554808528300281038     
     9777531857052122181155777990027755043441497918996566562018043661013201     
     2588767842194862666394661287279707031897471810420844892245148663257742     
     8680772068690335021420756891657202290670296312877031119970268736456429     
     3357647444466485506585084613124928788954499197620052534157460923882907     
     8324553872857317356739217381399087147004988436339990293366082796145465     
     9124203375735860248070106991781145073532362253259831576741205846015913     
     6397564675903434581175463868601542710838370652438545997385725781634254     
     8451427945000270885966757246134458831847938275783179640175780012233839     
     1450220292148180726079066350026633959677765360629935826700402452267817     
     0567721418194376458667048851583034594981889737287657518664575647649621     
     4484948446018885701699113882870097460348882406688372577011816562241356     
     9444415907970111975434495083539655035552358505908922711217080983320187     
     9269175818865068749616601477658705065382162052381089048654761554275771     
     6816732136940998606466262354766220692886225200562715026269365916664820     
     7102391139215968315587588317491681362598596150619558752590914112266242     
     2097048243631926924371603924916839275639494806643270163044779822975643     
     1734688637536062120058342645425734390155814312032892018822760454743793     
     3246724110822308771271587694732651183809255560980144118306752136034880     
     5976309866582746043898390543171873906530666632156850904265848679482079     
     9387290999481146219220175850340524006747812415359692097611851684764344     
     6490497349387323037484157154875543796804008502659301851785488749620133     
     9386491263487998416232828896062842963373655522015129201471873193901126     
     7994471441006164867393862138644513550571252248243657061561956741813947     
     1828143270800294909057859397419628114071164280625542208726334947008224     
     7951321050292136706297822650409230456531688597115133500350323811897761     
     3004464426360695844202462486040135857903267509322884063679026576136592     
     4795202766547997481992483436802055844778756999223376700334325747045784     
     6600008326030163366698564670280772724088594983012929857693189078561218     
     2510239102303717697242139004170120405350528801719467138589195238217152     
     2773448516690316331865475938421096720836433652547537845397963684218516     
     7253715144492921427517236877475215950353717247957042438465187582972949     
     2038694413363598362112439624443797657401901325607888405136909684974322     
     0167735143937877468636598385279714744131007665504874014631474615344530     
     4127896629164153767519252120577105060604517167438675462341624322417443     
     9308262234151278683663863711927340830579023778671116463905233082876318     
     3337555948194133934754776771174202912883771856551219180994499127147369     
     2553328394090571961613178459944867531321712979343199388015937806897067     
     9624538178524560554075627452227474147158448583399053271841103652153712     
     5971826041137593773560969894642450528171120606928585220147677373595532     
     1551704619271195272400058729499787768129298182774197850649841475831254     
     5668351800311447242664373541086341646220197398995463179450672418421361     
     8144270944706688911263998920883320676976176714743886751438494723208570     
     8409478206082163638243633639379906496828207008813129170628952642286470     
     7785688994483559055797136189041030235253355171199144436945122440154177     
     3286621641766108895947520731461417516715392201325890049356188402579923     
     9670990125426301671514208142476949331665884823626816765548901788611063     
     5519109450117848318844884316348745129032417723802641429500399270887721     
     6336464657757203105427880913425812194058467484552819316933538737814289     
     1302586977174279675948461574710827383734759496177760215433077915146896     
     0803799790883995465859669781276300553995996204934574326145601701947628     
     8684228408576812777857367378528655506788439299631083945213671436822770     
     0401213270666699894110436615973607178494339512285614317862259376230959     
     6254268459727607559220626523451987068332067493380788711004186622516207     
     1556546073677748271469962100952932225598455340489466123313961360286037     
     7037885066732605224226667078017384678230386533234557584659662606901060     
     3731164436863062687280400656335559638140686767967588750863957250313140     
     3034611107643902215360376823561197205356865143631445695871105358311238     
     9557158213812155313763922494966490177601388017282040857203645049639683     
     0163561669812973978462606575639724068756678515410017828117510233220789     
     8592198509529199248775700433335874060825287767653826601366517769183922     
     3292370687478697148709613228455813577959925691069757814014246605679109     
     5283154503763748220572807035368834224260685216111412784827401359087962     
     1483100857671342115559416073619589294151722879874634569402555996999838     
     0775023806161697656498304250511507757944576728065790895161169789005246     
     5774836955534858355236482501199646096025103502532372483069306748513578     
     9537628061998958257225869753570424563700578852470336028142544114128663     
     4303602118179723089008836247254077732222101043424899887031903175274905     
     3139043506440966097257067184804678941520859793942178776095084137135601     
     8201266576612495147069320965804275357908669180002775087207479715974180     
     2794979201948069372501506588830073772957183633503425344384612207274180     
     4657173362508068139217417290835522939552432118940034773766247733486781     
     5395595237079238350708839203484657806375192240598341829438177397431458     
     0458132376108575556287460782261342542015836761475077316555509646478726     
     6532785580771975155965682308922433378237393536012061093482871893139304     
     7622682674598359776532815110327820966172533350643207796960557521545935     
     0218809575080136910282374522010134539791378382735789515768949426923412     
     3220229414196672658657520423012469364113190880164071164356312003195555     
     3223951999798025371776770907098064031654446804852655220568378610091524     
     8856096549252109447144573689429719847596128102174055389660199603329951     
     6577523414800247943471114939233058984397160490679458456736323073497834     
     7880217009192960000000000000000000000000000000000000000000000000000000     
     0000000000000000000000000000000000000000000000000000000000000000000000     
     0000000000000000000000000000000000000000000000000000000000000000000000     
     0000000000000000000000000000000000000000000000000000000000000000000000     
     0000000000000000000000000000000000000000000000000000000000000000000000     
     0000000000000000000000000000000000000000000000000000000000000000000000     
     0000000000000000000000000000000000000000000000000000000000000000000000     
     0000000000000000000000000000000000000000000000000000000000000000000000     
     0000000000000000000000000000000000000000000000000000000000000000000000     
     0000000000000000000000000000000000000000000000000000000000000000000000     
     0000000000000000000000000000000000000000000000000000000000000000000000     
     0000000000000000000000000000000000000000000000000000000000000000000000     
     0000000000000000000000000000000000000000000000000000000000000000000000     
     0000000000000000000000000000000000000000000000000000000000000000000000     
     0000000000000000000000000000000000000000000000000000000000000000000000     
     0000000000000000000000000000000000000000000000000000000000000000000000     
     0000000000000000000000000000000000000000000000000000000000000000000000     
     0000000000000000000000000000000000000000000000000000000000000000000000     
     0000000000000000000000000000000000000000000000000000000000000000000000     
     0000000000000000000000000000000000000000000000000000000000000000000000     
     0000000000000000000000000000000000000000000000000000000000000000000000     
     000000000000000000
