     3185983489032029927893402750563679899088940923266442940883361153050263     
     2310969496520963465388552229012499394461438418065205954660220367114735     
     5505312431327179238066959272030170509198120589677937862698617684657513     
     5320469629812059744547348092826051038469808214910846173849537667230860     
     6488785935148633145690562994185874562389114172960246861457240134793363     
     4145087106422159955575865732412874421221975273560264606842827272676545     
     6041078687767358510129166245725133570839497713303287279690061793901795     
     4511298265120114289418797045129554385423865871948118092896522584389953     
     7437029968819220684210688219138551463080110281170475161381477876735433     
     8620261046213543802050490954497789204557255815174938621296692789539911     
     7368791815515283206383316752816704285926680666268520168276356505148895     
     7171246190145769323066273010216031676616875795033992369105165295220568     
     2082176763631957002755125834428323591897228546110093407369039929215786     
     2594549089134575163108299078232029406468053834708051495406343197348708     
     9492037437230151812335649656623275108802322191979699867832166378685624     
     4614455438990435513246302917578168242659626222210252888519959073747611     
     0141578235595868999114842492854636895834701917153963573574865985697722     
     3287021087563473183555153883813959745275778782468261488973794517918986     
     5874667707259485258636351213085383460238067099427211736164280902747142     
     5852260672320706026608559617414787719090037242751683640367491786057719     
     3195822782260316861798780363855154815028152377414161692217167034892341     
     2876036649866378986428385644732494438895610484629827961404850243694477     
     0635525590940800739394236515285672834423654359752394147333602159289283     
     6782191828606631820006983739963512156370427668644989042979163911374719     
     1249138885863583975582688352650588294318404648741104151890980641874653     
     6446014253551648751027510345624045425798147383719018533593847328966176     
     3157147435033003677212194314880458068240881523445354269074304951537071     
     6926887493284219899427402381702617652377384989369320455187554320853575     
     3919897804565520639474966915329198994305307146407553088217810177790263     
     9011284836405823338632532608519686068890153489996433417986487207577893     
     3004825680125324057761476305373490479566201632954113199842838259063205     
     5280899657687410703622873172752147728807821262054149494052775628570319     
     7653674413781120691544887508931162227411234021434830293114196123726724     
     7258354839544442851879749798864456567103339379222435651797432402845538     
     3064831545552076900518000009011708667697986208805696414990604980855584     
     3911971146270764652789640507678779041730779122741651601732422793993167     
     1801545404484277081852723720224116432595660370832169432425256420982427     
     2593823029903714451808291517711306939167124343373395797209955710133783     
     2690425653642429808285789433305164347176948887473133091395685964145540     
     5711547274900739182437884971490244493250173237039387840602666160456999     
     8386422889846482613786293086500264787485727477063371584049663101901850     
     1909056008756056029756448538783155906828663724866485784179116250002547     
     3591598009797250495175365363241757990660429700072432273237753364301705     
     3586151300714822778448040997608696137804390146264988179103442490669410     
     0935185250228281108788754768888919148734203232026920360072836337090203     
     6810362464555852279191241613897264444620154212556346539985536726161957     
     4356327689908963691223854208722723945073749202404003532735588209196723     
     3234859858062293723450652727701904203927270417867817493229434259090560     
     8443775971674082867235558638183536839492035141314265117805140654897685     
     3888691108223875797787533535343443557388294550512822343399106026381876     
     9998947524865482030623067387522743202645323119815481263391491430371949     
     2483338632061915180151782962815686584032716228423809033041949250543118     
     9550486071618867604138497528521186956725407477483093170013165440926152     
     3231288222583099410975125857318075113128025710657230533018174583809809     
     8447895890593576810728244481046570055526024737575367251192277320133643     
     9881656266958835605650825467711609885651832939367705294240424316340457     
     1518892500452677957758981564611900330665169023354269195136187375852441     
     4179048462663604246160020921263833454672610310019050498737094515021917     
     7666561104135039704952225320086794058165317702350449600724074710421367     
     0001989173845726625870498074607281367936581276529487553430340453761193     
     0719202258743829706784951466583621491352843995238079995562905904028793     
     1758809551230440825787999109324357514434267528009001193711829133733389     
     9965550053541528086870359478515694733281612322146833571004906103273316     
     8822989625577788569506010473439098411791867281411486861371134039025834     
     8912592830051591489335882287080451152292421882008740321126795172588463     
     7900500039096392249229505111165334769916071863105922085762922619045720     
     4520868726990813657904273122982885985774495828015392335048725545996014     
     9556100625580948487475462483313385250493096644235385895314038976849563     
     3349598836601166067016709559830153108245265190842069188485560894256090     
     8786062718050691232367955649454101328831949177312326648355912362061708     
     7000336741005292937945104103865148046040645875339838027638480191283769     
     4740783594177234219122355237264063654000345287722960270230225759489199     
     9645563946883226056800899803413036597070545155753898890239563219278787     
     6663946540989160751687711211614539422240739702940759882002109300938509     
     1904919188574467933638549613700319797021776342549646750905867606351472     
     9508039630502920086897125783044805774975439176263288563768304341001583     
     1282105153148139736079638400962067533330337352686515604925395399468186     
     7882570672834384250285130267259954946761792331016736520850763819458641     
     4677369299056812510889643383997790016986902410371727317194638678142796     
     8280324573993070891151739507200743993248702439281624274769633345420353     
     2708473208769927565215275169761192630231507663498712209047805246223140     
     6758141839326944304971086758137630750323890105908919973984951249540974     
     4663906035503970285453349975513458473004791019957015240554351186830553     
     1730604063601977146294075175724830086438984283739590891626158322045796     
     9781599388042872680844773585590650773554440249239050553407446363220840     
     4039654861197585423059299727442185525872037823745554150499175592589804     
     3209097851496175557886292319159477152238458205191685256780613642561870     
     8164563760995648025830917875685429256608515752509527245286699569324622     
     2510798818377814045719863449061587315403596361751985060723998128070117     
     8399168787688578986413681946223209811450837870934721786409580984676649     
     3069301034359815972705772113705763644782739908334449368757809458248977     
     0059470836340542745212631162297932746197794552035121243707935234069453     
     7303063818690239328485108844944329341319441787231553401373164336360004     
     2228590247986963837734166514045097896981194114306035903556025834242860     
     1154886923544352228912301094340997510116361022760075640160698923204218     
     2773729392447646821705128640550891886795034070689938375713416602964143     
     5953863335419460630485351523830046032137629274908249708976838370061532     
     7132780539305209462891585578444944687564580500392428930586233970952438     
     4304789898740054973077792235828012793454358620354148757095020617951109     
     8342719909946245667625677942357192576371564261259186767595042169236586     
     8978883015241698575838568142414944600238630568089229874997170931697215     
     6541287801160108889167821308637956752389477454395986045835548025531690     
     3199537285568153459123304686946578019338057878617629735124936138138055     
     8638159874745735517203788146059740130801266851996668207926497592921449     
     4236732361923184223421996477460517569792977184220342052978430015882511     
     7420802409969908910254034345956038287789745459212858938275707167142241     
     9948740909806000982880963288470538483455630914578142967876811451402809     
     8588418863334703546332478055408046406464848675298821025481858233096418     
     5337703497833426562702928390900076832808526974696713890434839503923404     
     1606279429426515529915731780197967660711835340428198328376849287027884     
     3589937628190174970119686717658293076073650204980655886860239142320060     
     6527682916707016714486765362976613362389694745925028436514385995768648     
     1292455228945134020279897443259654744099520661083540969144996597034984     
     2622615458993533415274912477610831154958064399371671845529667148522916     
     7322548918048442660530867544037353821966308069958409866085789874542098     
     5332864346257685745342078006820395733979906724248834691010553750394991     
     9801760732762641558251475653241857733695869863286573940108993167252386     
     8536095782474615566268211751689732674823660992702592597721292567200846     
     8050786771964198651294545894099849559606072332399731505853243831450435     
     4282036170860626880304052462280368584966639075997177715262617099287296     
     0826319391767341254926100118014256619752127378676495884989332999468899     
     7314679398169146022726455826393807095623749163507345567970584040125752     
     5247850192392281236651598800026734939803209162280561353020357804829502     
     1435684940963419788057382180104265063463104239526608950114469026549358     
     7481616765812904026627886125805312314112943720965326291446655370936916     
     9958500727652771752724890901093606478338881768107997326750955546679567     
     7364102705518350898748304194991763919639436694706380957102705582528679     
     9551252227811052228963800648144730824306536679744142770345953096632908     
     0287111349760080198518364191140192371996355504663597770521446563073363     
     0776559452564281988350052705775560517002381630693978726520688310446757     
     3518288705899316804995507926795064253019948637755435049359343598955263     
     6739943117648331240793000529069391755655493382545881289413635200957428     
     3256391437723606131714894546306447169646924475370097154830520363852983     
     8826756645856741986196054116940946905178230516001989438878194050451157     
     6422953322562835556862028899710311802313037261486138463090833439761772     
     7854549142412927425659334796511911434921327612445252306501542445968978     
     8115226034487192948142518693827349979393328538013127215845026922728689     
     8820157611251092485627895359361190138222898260260635584688598165743793     
     2879120109215817871249976832962379127057316649436016839480343346801424     
     6896483924305986157133689179213374918080058622871144903374002676997983     
     3533147253751546765033566139910886849416399285045792930050227979623392     
     3692001822428179188665983421727857762142597922636918465506878340685798     
     4770989779184457858752696082839942163731761815340174051361589442555903     
     8049501661273499110633040762924935762955924688148494485101936423637305     
     2214275201435600307927193327884422111227288482057906450533607248487989     
     8118703372109545513101600497309554793236550452146676074608763026256325     
     3609410597711758409942350922982668661947825451753825331573256723095415     
     9245740104402660608761403517827096890912168464100985042908538441764669     
     9945622534356226675033242505919273839498727976306147683376766520261521     
     3422813256893127306464746990009930501757532812997832073465001418437664     
     3127489942967214218983370902851773339116637223498842200030351432840315     
     7897364844022311053941301742049998018740499848254586974883644135689081     
     6799061507019710416465534362150566295631210093275513825579378236358789     
     7378256676513826598612408809583770102985048660801100358322692042737444     
     4910334578929157953155447320189017748159458570718942410805793515133710     
     6505802573764791440829518562678017502710405905804371827345087379399951     
     4250487506891855639033932107096440829722948653530900565584361335142751     
     1791129020975023946143398222864019032055508112023577237095157227124416     
     2315059200000000000000000000000000000000000000000000000000000000000000     
     0000000000000000000000000000000000000000000000000000000000000000000000     
     0000000000000000000000000000000000000000000000000000000000000000000000     
     0000000000000000000000000000000000000000000000000000000000000000000000     
     0000000000000000000000000000000000000000000000000000000000000000000000     
     0000000000000000000000000000000000000000000000000000000000000000000000     
     0000000000000000000000000000000000000000000000000000000000000000000000     
     0000000000000000000000000000000000000000000000000000000000000000000000     
     0000000000000000000000000000000000000000000000000000000000000000000000     
     0000000000000000000000000000000000000000000000000000000000000000000000     
     0000000000000000000000000000000000000000000000000000000000000000000000     
     0000000000000000000000000000000000000000000000000000000000000000000000     
     0000000000000000000000000000000000000000000000000000000000000000000000     
     00000000000000000000000000000000000000000000000000
