     4548041667323542820195470488337073456600194108469206127581532882279599     
     8351186793073438551108065718727008625109856627064593087630191977546888     
     9392642309040108246061902970412756678308245010749719309871854893576203     
     1244331622477075808362562274085539334335581612042633222121856820861558     
     6272324584303169922553353813701065013479739386723859623179433763706005     
     3321845318253364504243180317563207424352008080985513881779415259258719     
     2780061599210197926808067760472425410168402505785939881609197452422459     
     3104937957326650916241587071285981276387347090920579577675560511570145     
     7685852709997797738557082710969556560274598027274236597038942088757805     
     6202691795713649559198935357488355567881990530224323666017238870104551     
     6483336465831258585174831756985486627578416598059254396012069948045271     
     1929283078488862991797096760692858879755892421589774140124066761706241     
     1019527226296663772808963185706468604820813264972768965783645629484936     
     3117591112081255077265594041682643279796116552333612115673885361113122     
     7034356220747511323302036558108960200325604574184284334819050401084607     
     9831996196730448253544539874276113080385138553874558882707394063713957     
     6692807358217558372204267759858493341656407862840259892929585197865460     
     8652773434470269216562723092193252327881952954677661334591490329365549     
     3154143271638153967918829342177636264277505627368157041993816798100379     
     3545367523514817505928752658408360184211217417323731328991263347870286     
     3890673752404906785633145779687932688096149509199175790647053215444916     
     0474643721920768197834943573170731280999111333468929908065328259420923     
     4083107221134932073822071293602212711785752954780708672403611433819729     
     1210926640691231365912046126891277202104380183966715757538100879850284     
     4809565604465503057300498432999863207848054102760311272120007743552994     
     1501569223259364528407092029535596259631215613379505170323086849783717     
     7908737067259117920532543931045055782336270779075855565722463968466352     
     1391060285600817986982593673939254362895038609836311171902481876631089     
     3647932934316258493593398490543785487924155531084941931223263486039215     
     1784839519088634469424054255447601170446503573283121522188094516488851     
     7103489924577731199995465064819740194152904989905641402723530391010330     
     5093690955915794594042075115370194734387782960577963115789046957105987     
     2285806094736528804062132712580953760776821219800560052031952379563399     
     3342759933621846718794301035982507760286136289226253145457038353381520     
     9542467959359155504721286143233090704306565080918721544460794248089965     
     8453171489797429789556038967087415791781626859373821341634876512467646     
     6243651344035022237738678986106486959887975229072390268130281037250119     
     1942920311895120607064762881900349057732275119670411756734595510123047     
     9259539016147995673274241313201109273479512701388277984953052633275769     
     2176588764958340087448223471695227462893600503924510238607681419950271     
     4013555408955779015729051494452430206994509465920882954221675071314572     
     4746778010000093936825760464268513780402128606847942876715800609283401     
     3585440584591466817359606635212177535212957484063143636105004095097387     
     4940056735543760319177537953692678994255832625862498608418020102490624     
     2937104528207647055648677665176291359075161615061837538151590823060494     
     7712523618744125945750533069760632837211097149723960506756332086636156     
     8220264818887850883765514400426718329117595963624956188849004503705578     
     7272402440017529635998614413873974205585476314271874866617697470101471     
     1523293244387681426912107254187891993372594950849334375322136423263666     
     4294471153090945992527153845282453276604043571408127565094640686559951     
     9945818638153359974368106459373123838351381964179956606440652783944716     
     7668016558058759403232419033595466519485586463715466673311042028324200     
     9399332089077996946258357408524373080696752877627774334250166495490745     
     1816598267579752815320402915400032028083867680948697356750667581915738     
     9920377229686008209275939891903424541404639467216622234158606847784451     
     7842416168542462639989004801614681568378456846096753834361989270153021     
     6517147604898245487811688262245913778613984941497027621318532034052684     
     5060147910067928742772301869383451300167488944796396609625147219390968     
     5667658798779474493041036171952387226969492291689000820204738627806846     
     0167764840572944994203983705682973838577325568791292755766191330112292     
     3699285972414937753683538209814111580362788644978125850644925751926584     
     0018595056534806324892537025478640782938609893545056553767559721722886     
     1761978884247775675232830615573975191338028462829190845282049253381996     
     7035797273510371098221237660789585140279440028304558684846125257487770     
     6800317640750215034855814205150975251529566562391511749793953015810131     
     4922691115412426318974448282147254607275742206520775063704350688322438     
     6118662556706525523327575371658346121402529868877502063783956120576079     
     7344707673335853184177221793092356535549663097521722410983882902042865     
     3804524342390959111574103674295861701802864194120226878917878763215890     
     0776567868665964752923938932316760333330735962124174355523189701002496     
     0482276044607127445145229057613933032344982700793478332642670007140487     
     4301207211203663102847572381190686962506387129385359366689095507735519     
     0125629505794403483891187280652128390704078840739390162258814252002016     
     8164881264343568520972096882470362283120291580113807838830642879102245     
     8046466023278557805963088629935337079218648272838604240119499005938560     
     5866672285048826107139733604643789036112291674990409146129201237088205     
     8657287701820805029364935095694189634736347667852774272082079523624288     
     2953792491589296106930119669879286646425741594238909208783274008649724     
     7946246308102881229082522792010723559931251471917158922173747066071592     
     1264301737937689592174006184651145813091573656605614096483781760467874     
     6315399370177702219019031662000984289264475801136799780624326371225980     
     5108750013361568504184908571614434956255007948110278655284553304437761     
     9775183286959362505225046768597913243699567695051095410805185604837386     
     9964513535130390361580559106258083769035222909938218262171711817107981     
     3353044897320434306026286070977024885200308748693109872941728475118735     
     5152093814371682631992797083658306507920568412642768050037470162046874     
     0009062278008660645809668424247059359677067397621411233867904291964978     
     2898674365802656571604732103259154555224827133050603095087892876303280     
     2458490481102766218376652774710555308635888222151873238287262336597139     
     0406843488092249383957872897494651833817411440258736251576217497330215     
     2145372739432031512026060517096202643869128021888780204683026569428482     
     1652936411558850958995658212899564541068586298481720509802591985340223     
     0848645001709846544818271649117044512173175402452769291727804017150086     
     1159123927277178428953952181344496304769936608132167195567364953825322     
     1265208142057018935080433644853953639678518185290275463208086160079488     
     9159595945801077136261123138653954442486111343600896047994402710502858     
     5121142731069947926852729255311526919942643490331673890326644332204645     
     7598035339135776486528438529047905369668900003209703805669660056661566     
     8223294374084865585266286668005655155679109336203236101196123501755069     
     1196565967754992696010143375917665576957695709216431487890637730081516     
     7015391529864605620956435805472673786741134843344977515377092532454502     
     3511162155711130487282281305652876549214219498917597938981198929757918     
     8518099539002511589246727503214977287736445196889115723227710904774839     
     2215105229487473171464455356133783972110813576752409194474793505955128     
     0226525824576885199684555823311465143812531791617051019942324606832066     
     3942958397869450216828846723781900854778097615713268612062951713084169     
     4727805037926377770195599448231729722217297528550954904821603021085694     
     1530310337844959856463006602803796308906268334352252159189883358106660     
     4168927402889411634051083844278056499743145624318759489223274372484404     
     6715180723600842694337067909264300811054392597480568673844384564082018     
     1668693281699618647098321310699763880492580106950962101911909744895818     
     5084014702063704151178052185172845371505533512392279883826986366464450     
     9953539746518499708603258649546818529557940957540493804135340253840115     
     8144510598655353302558153805819485703322805828524842359015208958722770     
     1830058974179859196107648140717171100956575873407029637702225890219421     
     3264614832676120457648831885854797061367854289895096909372765541217345     
     4087650288103057650226013396161824811655592024296963855162589862467341     
     0271384608825635780592832315609352952438762119179066447951161835959370     
     8598102489807728790088024780734804934774594109345207539117573195376872     
     7901485991890176972980632112126888269900723954008714957177951564626789     
     4253367005734002478874480547457494985569203639683005327606819620557317     
     4661586866635457998311603987391579632910308733160462017462436643902031     
     2890772368982031945696375413982606442451956033730681723331616828227324     
     0745605638724497634959808703566670660663720737046525287093004601976203     
     5988984223507236533008054983502937669352850270096262838110879766283894     
     3455651613053256381825368111167049429223298227968056739584367903344858     
     7538032686685187979468934242852095676775179413924178104117751049592520     
     3588025691872119448864104636044665209618553704193618133871750006838792     
     0073261184363021490627080543696441427770861463060266960678130044334664     
     5401987105666703519940814384785599066826459358539469480748389054641172     
     4157703683405818680519093279950002484048170087744467976284520436659551     
     8005122181418134623007501442744898502583134264829813991952761388903144     
     0850231695323110365890597646624097559127001768378979147115716223336193     
     7702344079628676850084409849906980139985616729978548540081792568353241     
     1949647253462184148188630502822138343889148747536431059453909755576679     
     7348953885028836918247221274775234626879794187419164154464893593092517     
     8952246531336571378803490223311338896240879445247921472757196342559146     
     2665454371122355802498492046489586268327089550736020819150273524175703     
     1692158084898713714371711492418241586980410064669378431072345792576609     
     8170451737513207795675504687966105382061718640298231712604398016384933     
     5088604857389447817994595361574005388976483573802442732588498382881246     
     2156053503787273128688960192245263675093019379851096029471921177404180     
     5132579060559440623762766813485502987627750768661678974777641113311305     
     4100655249447952896071487903103389791850158523967985689979355558580629     
     5272207260880478475926364678070893642392608991741858993293789770861930     
     7972945844194897538025715024893004902098446988515759208683033110903462     
     8491565790484479788901757150994039619066571432541248121252720562392738     
     4579002330991521443150659939380033498391469742362846153400391672113965     
     7305597877881305776550300530715731006225123067413726518074983457333821     
     5134145917614045453906175017478116338733075687352181855117854588323746     
     8168956950769955481761474120053962958667264783444960485189727866615858     
     7078462979268600408405276057790562085260285859751759274074343270985571     
     5528813008657300377302024836133104209624566481304098403277376782346233     
     7331654974322582582890046820270307593966776784805233527040154872634538     
     9392028397911721348891707992614596715245437657313501634087051285708451     
     9429899271300901351671278438477121793750902611892461668128526182016817     
     1563879721342299522318245885763333738109101453646931152266236490034150     
     2572720884299101334360272022463845475953651670696979217672355915096457     
     3316105583659597157860286474807946300485136493930546604048225950958586     
     8867780354121616480036038545045839439269991428384284029076510897581884     
     3175701396669675220726598149315975181830280251346645476904147682383745     
     9982762736540893163898809467314565756310951519109394214951717548599702     
     7131855020185051594104049882842565718912499107375935995798549763905459     
     8056266488044227537755119029543485705823523787020512724805650625076344     
     4858451626250219380677780644161733762453689575357558171711629375462295     
     0127797841233299796101774762869092549397338340525377660065329015530250     
     8378118630675270088476209828220510592206556065783497516615971363427127     
     0231016772034812665910417215736989764027696037440390440593760826922745     
     3177547842680142492949080237101825695599149249583380221534930613082051     
     7095176012621621609987565330269746213016213113830530517736802687362995     
     6889704864077275714203210612587434165945916618560258384235626285677219     
     2371215477850191662051502509697461974346770483874336503290206654047278     
     4714282236552300589985988442660342034243056617082195907998238731344665     
     4507317257766621460321663470073561177739186101440759448277044890571341     
     1060827173796251490340967100610469757361069913147387669308031099258897     
     7967522519753452999908640953243003603839940410080935466118368996156376     
     2105691312050771559829504383444803710338002232728484546806900691552987     
     2281059044349110500396006113353083933404940214007585336292569239651865     
     0242629175877331589661498805987898479566575330641333896854102615720379     
     3222231063899969754419549564929870442126899325646803796117855003247485     
     6094622131644567174820030440051342698626589088939438312550322049709744     
     3378973492947288332984539448801432250098906294898821887898969020622577     
     1534327156578031476949512986076635886780716468488720794114544157984611     
     5345016627397688280091126790275574325788074455359887010308314321711975     
     2254177457152824417946899193937767474749312416107438867113924772138311     
     4650131189007540346450564014688584504261312534412618403340385014425862     
     9876898499382884194954549843606725965713742971964924149327748178017419     
     5926053333679517007309668518839053077328124007827439155098275075013488     
     6586338233398705209866770242656089136156254172672920645647796240359639     
     6684932986680665965413948848771077873131773372837097844239633151251809     
     0973243728397258368255126479306362022839558312189361371136478305190944     
     4041976418427196667027085158725414105516441406410869758525186770026173     
     4189969335860405364542091616730438112796937054337487239481626869680117     
     8731009061932285394458227311028624341770910688331953187846751758060330     
     6439922656216663711866460482515083645429163912788888396080508024046029     
     5503508859129055909560889469255819423781813771371280903700224450262607     
     8631251296479272500350429371785132834097900308011173650745047455815066     
     0193849505092936193091942389471263527172606561682721923174141254692582     
     0423601858702051943463178145041623591847485260811126145096488975027985     
     1299821821208079461303602903355353302972891208815553111550897210663986     
     0922577246101222252926070222591785559422287379426736409323915585713916     
     4285404047912242750368609392766736705866456758882711352877047267607979     
     2612747670029055767549486621978766220990439332275514923733355868115904     
     4668963586819349701898834108974278704727620358898838910516947751369092     
     5471709509158941615766380317862574982585531513517913234930024455396682     
     2852478369815310780047806047763480814675460668368289026954977221745141     
     1538095700922186948134477239668497007739932618499718931515044781566869     
     1540598953647958072356725236214778879610987980389841713002176267012522     
     1067736183223310018579453646862320085164745477525227923128413190867397     
     1319597781611290072316841755464879836455892481424817064438746791390949     
     1957014326173137077623270266317494228177466986673779342118178238092316     
     7073562300422322022571384154118073408864984494387688151493612593134212     
     8390508112657072841556122364471057619621453492216068814870067792790047     
     1206887655845330688524962163882629265112501143265766784523371013453104     
     9892564828725560349034506584483447089442961498380219720157776245789739     
     4656757837157108027664013573691078114562036727534526044139733154263362     
     9041414973560769068257533506370544491196720650423303097626111000227081     
     1683986431419979557588954782897115514665612480916074834323678849839346     
     0331654398438506494947401624505216600630026800588286262759710326491980     
     6746992081417705210631793152118336412606443468572034612148316134802949     
     4908856849576012822570396244960079731281646352133157668077272676744645     
     3403190107409970818619014458186291377403024382018720351407081996790988     
     1980794222530619742454654986495583514014125319345238473790726401806610     
     7365916135344249304783205372063977080424068652484141043799842774485885     
     3515962537187518080935791896618123965254550554034799567050216946485118     
     1817183224152756810609306547529068699789621428705241654209789510300071     
     5905729708871936888278694485764267855844162429923770116872315231579084     
     8712308640117637840950620622572559429332769847204463710153684192503783     
     8394836106776998439423500718155916309613994150037172763179161221620642     
     3417450079545847670993244701908812349973758317201617425337483083502560     
     6270097687441776382500878771453109835294807329901893334795157650374512     
     9507681275036695084617044228770673593608787642762036026369350042726824     
     7782957077473480312698352150086975095772411464106499494805563377229663     
     4390460615066891594752247174836244016104889872055746167319495249799587     
     6295983139822933089599391331509037749530433370453144756410409698155145     
     2622836491432653178805611846294632382023136038851321278482871940177838     
     6574104482833678392172629266503530502349584467179694679398332915108550     
     5520661509997986477339547632597694242863933249946451114152742105155654     
     7581956691042437557816952281759210075003628106931656119693543354745687     
     3556518539248821300368450842029813746430380448488089758641956359653458     
     5632187570765829042500332043110244501688820983135581924604363087952930     
     0140380166310990673061651684373386370674542066032388723180139272400058     
     5278501741018977876486777838986600520664318131183709733348354946500462     
     3473179139307397792620801321755056478795609212765038723167205700852038     
     6438682740926909203620581988360861231890652030394868484601910585719073     
     4360815860902370388060197071918725566719365722757333876100445145922983     
     4298399852823804341002440657682071850827932846194382385785942061144686     
     9863903153279504782324140592065765925055227096181366033836577324871228     
     3021750394949542483975709570744094034041037011113599302397120754697310     
     3779621736255570085997401044101113593121602080026842947836601636935819     
     4833412448091944062924383320456339975118945204249874493972079243748095     
     3913656947644215865141056387220615477225920615019803016257471561033396     
     0416057612811441710827858719899698802837893107874876744124932566941098     
     6095340047357015376411244138378354646431615096568889432971203862915221     
     2486316728115085974242339039476039737723348846803128265631534648196250     
     9391068975271413121645910271402076830913090768234086400000000000000000     
     0000000000000000000000000000000000000000000000000000000000000000000000     
     0000000000000000000000000000000000000000000000000000000000000000000000     
     0000000000000000000000000000000000000000000000000000000000000000000000     
     0000000000000000000000000000000000000000000000000000000000000000000000     
     0000000000000000000000000000000000000000000000000000000000000000000000     
     0000000000000000000000000000000000000000000000000000000000000000000000     
     0000000000000000000000000000000000000000000000000000000000000000000000     
     0000000000000000000000000000000000000000000000000000000000000000000000     
     0000000000000000000000000000000000000000000000000000000000000000000000     
     0000000000000000000000000000000000000000000000000000000000000000000000     
     0000000000000000000000000000000000000000000000000000000000000000000000     
     0000000000000000000000000000000000000000000000000000000000000000000000     
     0000000000000000000000000000000000000000000000000000000000000000000000     
     0000000000000000000000000000000000000000000000000000000000000000000000     
     0000000000000000000000000000000000000000000000000000000000000000000000     
     0000000000000000000000000000000000000000000000000000000000000000000000     
     0000000000000000000000000000000000000000000000000000000000000000000000     
     0000000000000000000000000000000000000000000000000000000000000000000000     
     0000000000000000000000000000000000000000000000000000000000000000000000     
     0000000000000000000000000000000000000000000000000000000000000000000000     
     000000000000000000000000000000000
