     6150214503323770159953361139199040438562303676922220586995687838870835     
     8809246514301799302466256487300832461050489015336246189577952602894491     
     9581164931320091701707725437493663085675505446812016037277969897920836     
     4465465971070643828389881042252345230899099901962100066451358319514599     
     2334149508350455103941607952749111581811024464653291898928191516796090     
     8105648705738256809900190583285528871571388003188287421253272856644049     
     6832396577674367206843640877357111759895663247380080242337478725955651     
     7870784870965674013298522722622306974058275991962226762069452251406063     
     5669628077220891056613846235886011466050707020282548488142810960477673     
     6271476471926559372269041660784810094062868195587772206948204483192284     
     4090293206399390115211102387655715538688756437693454544917970465532336     
     5500769270413957794431964030903029519410383623932614150895253859919951     
     8524976987781961463250026608482370047886208947019660624778493908219971     
     7010707630212235704984846092124848323832043437685547061403065876503638     
     1224102953819458265496630615371026012051481894504217694145886881091891     
     5143532623567375539308597797071912889452717269746124578830410423569394     
     9431351573360781907645540247555019085301304049106906699904698384264769     
     6730713518071074421460668263547780751679161909809843624883368118435796     
     2148379572375087978531762233452784708346931789893393746042416580377337     
     9550846624367193418171039728292771158016158585355475941379042276108799     
     8402715632065568751729251705139463761360130774832299755709705578845755     
     6212923551824641163870635745476203702686097866868165059112808657439727     
     0483333107952593655581557743856044558659006727816577618054628701157122     
     8095828659460821640803155709669337080358364508385312029043729657109177     
     9921088985144521766760320696666374106721339499841311806596552282595104     
     6991185345398043153744181448631500222233637018106964968720538943969125     
     0955925119071276503797906032764603014396139778744222526167255845318716     
     8817176625734103780456546181320222273354325986144692886016822437368564     
     4798133519850037834336285623669140808003429140662374448577060802138412     
     8592365286319251127139682714781961966354817829828231379356244040416532     
     3164169438942385517077895404841587068018167999298757969978207460997591     
     6381814419957994068109086465057923511460628640897302217743611869221492     
     4788682826749645574118038539880687941062031294987044386159134970829083     
     8273424506379764065650876200030388044834960935455809540475695124056402     
     8757050893048328073448211359737330882697344188512493805389890053112997     
     6341799080087540933694886814691166183322939327419113280648407626936634     
     5031471114088463410779531011563053412053319736479084258780710492239718     
     1524139577387929935100017443170006270715564525522578712162656121792549     
     1076510674497380731277622176302324983806240235193318895209263168227846     
     9101836783481034964463569750749276665736484365529273761167084110150860     
     0702762455711327192832043125151831925525641892337810154600856577437911     
     8530388007178604554447675133621451901924219111344420386255665681287566     
     2427173444344486622281775303560265536186188066264832647226439963838487     
     0514215285551455381149438100090750885829315551217970702465483659895962     
     8000478906378245298518241003617029695657751124923662917982403083090319     
     9778839701150359834979412547111523984314526850684820243277960773656029     
     1991319049422097381012708473449640508544064128091028890630974675803919     
     1213755143937245920333559997076737271652138591602694906059289874082750     
     6668608493088042017917896515745090664970230629747669117759252290257464     
     4635548834565271864445679591946937185978335912133846200007293501133046     
     5204054588901269123798782239693850410465853801575820178321999272923013     
     2883424123811461921053441999750922352637940167524885279236068753974249     
     0516749681808684594945795737990695479741095331459950138746367264104020     
     4268992253283337272673260241285461811916725249574989005559870607961516     
     9923989754168182326094056329175354094048541903217256490783858430190198     
     5546724786904070531329863953406506556907205175526055822137309668613160     
     3045602345827426478029534266308020419480382815057093759866844781039046     
     6802122339050943859036781782861698645567569330158793463500062799066593     
     5270836823985698209084546752965927218604174631359081756151042040950901     
     9335775685197306377404389399062695132292072492548383078120791361640807     
     2315812373867339608006653071889625279379265152144076996815917552115088     
     8313736961860584368230153163017428440679665800757555855204594871318145     
     2691291811837142160142968387891279977814670485769738878066213148579961     
     5411787648528459855403559693505452971556530013025747126719450860418198     
     5500519495191500661922567795696492632570398385438727810532252317105773     
     5670436340943974258812166998038160933134580589733271558123145825084683     
     6783552265006191916535428089061595940938599470433403820883589155979088     
     1256004565955206588018229005559405108958509811041012945355574077914554     
     7573371721267933498972994685234567287378925036705879463419479401382260     
     5063300069841262684613500412294491457217966504914074896744230898299619     
     5675360278905453798823177788580906742816738613840370833490336929215252     
     2664702446398424026888851958978631373396773089553886509608839144860280     
     6483795218146031633194164638396472972702202240380215370551417656878580     
     4431733659389242263439536071183422921301712261838465912873755753455843     
     8579040926909368533119145951316872150710878005914440354115035712094244     
     5450825129076664929193708577777534430684255769830238939532133669835105     
     0830343404425429176767097564340768457457486991527188369839245712880256     
     4440476377696599372455766914557737918238463888492796289005721967969397     
     6787302312162863533393658798823150153136844231279744768306314942955772     
     0750652309906880285208009775160099706669821976773002514836686824107866     
     1323077070638013103725004932780761019379288425790363395655563294958517     
     6149849851097433751210218100983245700218124438911603845121249743514362     
     3437012413883890876082343040993827225600000000000000000000000000000000     
     0000000000000000000000000000000000000000000000000000000000000000000000     
     0000000000000000000000000000000000000000000000000000000000000000000000     
     0000000000000000000000000000000000000000000000000000000000000000000000     
     0000000000000000000000000000000000000000000000000000000000000000000000     
     0000000000000000000000000000000000000000000000000000000000000000000000     
     0000000000000000000000000000000000000000000000000000000000000000000000     
     0000000000000000000000000000000000000000000000000000000000000000000000     
     00000000000000000000
