     7733311442254337597438491010805384431707627833048423072862039328994780     
     7038894130930425657124976664087217417580688848329681673248360370054867     
     5924030527972908964316175510308610930107229218970005827143926618286496     
     7143027638538698617741978047859241985372445437847366454186517527605149     
     1707913903155714844961953062356927599471868168839001984511051055278871     
     7404086702979428576791250639457923540538652382224940901777755212605369     
     2263783656353493195804579923678407668961380812179545310537644653589142     
     9127317439017558396758488031092391403192948909761942690859342679091896     
     4999686728170248714880366366068602621007435075425297621335494964190124     
     4227952899072255774274285901114297386872685562790860913216473741599278     
     0118823227090345436789895059265975677765660426583966127857380110796335     
     3974832199565637624142009932285472819637746719738028864561009556011483     
     5497317732949182280446056075406547674808598997373825073409718390222946     
     8145085970916887175829983785401162489592873115232680300917826001245506     
     5455974966882541919731335878561336821192839226669834733471759345034516     
     3347413011022194389354210485231559560721452135168068400211410703294703     
     3991839290531401501319462673211987636150216661206699697522904953860104     
     3106854966604310007085636797829115839121821752331077038693176993691217     
     6062289138635446541226542104835775499507932882279907873653969935376937     
     9992628998904334462776580253229773968838469321498187818901270519513534     
     0944220350182804698635553826374770465277102463927201608027383677571667     
     5530408383893552081229097605360303684151751789686220485017500686870941     
     3010534898064887607949269095903570948246725261925734777878529624978844     
     7140584113407076409326076931230982770135690112996120182399080750134318     
     1741563365852209463632881184621341637905850750982833034725190134954353     
     1355729836098823914160596050437230079968776697161211616168852489286663     
     9802393201157082545802313127959328504797354799464592277458515008187933     
     5540994492903022413382070473221069398023764633329297491084943161161689     
     3670690035859353995204716090889441456202165832613037315935954042231784     
     2366204798955395503872843902628036579620020253063364067540324914235049     
     2477656788450564988885390664947606812448599734326982449962558405179484     
     9402402446901807867135087391915399393952961226506951460278332018699873     
     4984632889311305228356560147568146313951248921945645682083660706679185     
     6236128533127591128598528805891307949340076003218812593078171629111777     
     7540353924851830561926658946604316122214047068446302680091191445643667     
     1719839867461027893774683569320727939542137930366574080880998354871879     
     3615182602258452709425694894229156210583267576307175463018538748748149     
     7546187012013352356056209909209464353595778345897743631553411322142331     
     0506208845389282552453419884470799718002605040167376002453939328373138     
     0475836105066004972175029006360201120358648536530701120009400577028391     
     6674809755473034673264733467070764314975646259003618305479997502186744     
     5434780057725822466904271442033317340458618314435260679008127975867314     
     1488305980522458074111574732609115862792740655703229477865860508526438     
     1988929954923974628944377705994647513068186894733153464841976379541226     
     1128437792973391738854694152733574133379937816542877521771539705668410     
     4365255078786971202530319751609689236632486594577951893592451914843129     
     2362278100139856095551960304814078666617233315453395915903126861629892     
     6942409468157549246763645588717205716891238087852252305070172135033688     
     6301151542850810095647025520738236677208624262022348774677866687279178     
     1037835114530611453642916924000088695005314751691369279542292227351286     
     4033861831609687641283311109639345106290938949070068730206123247266825     
     1399067715363750637805456610181921572875750072920322754825721817596910     
     7907696408129204037159616053653862653031406580277340437634704690421092     
     0722952702136855112851220509670075671710203347016476339303010702646844     
     2016733525587055306309812792192943797943425778907551469545063757362609     
     8832413236797789666613841997354228826305511529458811920351951043885333     
     8204668655197777796869452111532065878010146003825490827254688290926729     
     6405754496259838069422151833334799806475557517065089062651891997155601     
     1246717072282694609930004904447388171102918749380487959236674324021245     
     8753691240979791325316194395321893868166402929102531771891600182892518     
     4486625019455284679550024108221414622067156922809525880918133067968898     
     3258835176462790290758174017499031131688897401782273646400110965201238     
     9333639378633130424232242542563943666048435597649336990150158706207000     
     5127275325496424778791473049016176618599400821227064939723764506874865     
     2624346491415065721461167509698295852291512252817259218633165240025274     
     1052821557471212105185987274050254347219165235496077307813306732077221     
     0342101170709060409341651383437831526422023377290789870046758134107638     
     6784022283990595675125508391395935865474400994802464387355698839461442     
     3038967009962698481310728686566026762695117425540931639285844522355934     
     9029616358778950588615004086084373162015341425661610991663775077060500     
     5322755528509263717229076576040727007564332559956382778677796520347284     
     2280078687147682885538827063636587804003138297924702646378784019453307     
     8905278225426193615255465498677192313568522802538794291431508412644394     
     1135563478840363427378459768353592740549472715933619108738972039819922     
     5722082248202736077194327485793093890610452723814139747112161712391146     
     2409200739500224301085430249007939888406355797566781028411983854662945     
     8735365426780745452119642598555116587113107616136524259098427795157397     
     9035093693137685917131210294301476518988243725755640920034524572058027     
     2351114084802951462021695395441995432707626455420935235585022330393283     
     2580007344639311741928425224416308828793262324052752784714851399534506     
     1734548404400139662115491909444547477633815597972211958549962562772484     
     5017945239033439271807021894244298485078786324463955179380944105134431     
     1966006102355995721609635598254017362707422535736185364770371868075822     
     9527380605139377055407797622153447517277057882987627365957429459483050     
     1952890092885048162735686955647167633916566143123941773969719262389507     
     8417647667515718170913692841027451788100224418780219836484227746234722     
     0981746087546471249721184049525030275250289614695623274156749614022575     
     3805561693994103120288901256939257717654877351065134579937029437767784     
     3347416541272476781728704605409048098341925409007487594615014591293017     
     5979606199838421372008956533020351864821074138078969665965293336541083     
     5698491128730373464198888082495383729352789388762995308200434201938688     
     5373313317823302977519920569670289241091503862280848845208381439177593     
     9309632091631447319305232196198009132274729053595600910586360547105834     
     0258627384029711097609607043093373728578929964255094059185705427926351     
     6257757078191314326102931935296675249168062903405724185369074670246824     
     7855540594567167994770573508317796628429604588710158164932046797980023     
     3020284545784196768203042826950031373546455531902818288423541542860223     
     7498155644134590922283992223810449863441178597166307978641047672518209     
     5850717294428554934893224436919800665719674839746198008435655632589408     
     7306133844201194109532784614760215817960359577200172989159793565729660     
     3263533369433738681634395989926178702599844703512204133856325978655299     
     6463705228660798740389758812814473545495752786285410996115409760453960     
     2712234273506199482489377797263782540419679792965736009321796427552336     
     0774056978126556791900290559117186063579957410623317374330947211462104     
     3172446842249714112087014827170906504594636178307973376410550244945503     
     5204944967453389018799983370645655225498192029218326586477841414447580     
     2014236489119010209439626487379003363180908985186189055021031123626614     
     2897587180048668964286552520306151244277561176271551197029442627176832     
     2612580084504580580109193695662632351055023403440961728562800401147406     
     6819801549377172685660791655965709085392953632804850451567787992551157     
     0503971901867345074165474723781736519666332045202441635058674066003639     
     5273365669802646507064038879080694558466636888765577224799994378753083     
     5702976330727052523995088005207164058667721547278097484103375876546758     
     3115051004383227879242162181088964457799263556365272239440248022811428     
     2566986093279498454917095421557447378444153459582458768632055586054814     
     7518688873273893504746710199842207560418338832588274848726572302472458     
     9032517642682429892603211543362116312798922112857592410347460561204386     
     7806103569725009203392124109148927338325001962394891508526201995166925     
     8047670495595447432165418765261228261706526405835147459918723670901046     
     3168212708856586401470240137386904722372584097718126818877421335476777     
     7951497411148099410320563680819367531901026341994910759332980551267960     
     0959003721588142948745713696864845088222790340044489017351038852423601     
     6148666314003251556155355510002616450871344815007168364670636530995410     
     3599403949965046387514160197459008463759678068346330753898204325951543     
     6666577540855710574170224103054169910489007930960534935172405760624249     
     5819322448547386897735165715743167727528390254302403684035134146835110     
     5372733417565220370216185612586479906814191918913932832826203521690313     
     5970776186955226390338439828894250044304357325872575315890249839526514     
     4149689700447641920392858584487671790066728982143634156282860856151872     
     6065337150907442515131668682403281796145873830782535167276280635493197     
     3561959020728008913509889693163407800046558500264409594944130422862718     
     7600250983362997139256255401805271949744376938666693561805820557772893     
     6304123153495965083303584685417059333067529614365608663388987971744712     
     0660918833892490606326945711049861182588811005013854018272713683683927     
     6224682673447424073049889401139342379022341095083042998809672039845044     
     4646664473988372718168596843812895084117184172220053743536895427962067     
     8415049620747278846618460630355415840768916121408256539194475559523890     
     4350234947853765733483555969283526148746240099094928180319811420692861     
     5383376949483959916252442150965473891435871117938419576575531315331227     
     2265898341705252926531173463016883866719248669393061590915310376599177     
     0778607218028116197433900243750248758137861391491444563218683704919373     
     4023795108275725620213625808135513027875578332986206255467276506780107     
     4106035657419482609116771811893607918057369417482810085897851722062450     
     9630584651268855257742716199139933882870241631369814111363993535647835     
     0212918856818204858720224322096710674792329716130006914303219921374707     
     9692363384868832940678621456931873006674191368453946837099128535133780     
     2434478811563933428112682067319451423725955254355736156640961715148408     
     3648918155645401797950458751005951579348077523090034505450992389539466     
     7280970898954048271760932600466886772935671116172481815523082494309370     
     4539222926908164965298795525644504800215869814986277815968068242505545     
     1843121641719945235749259956495845239691138355544121878223221601626666     
     2658939257844264032257571736920072515358830777016157161929525500017611     
     8638705830380082325807851720905661606967712046643087107973859920874413     
     5333242682248220938480970374978798239124875883353881055824295900471208     
     6894174852671354823696603381563374227804466056686004791246434879895892     
     7422964354702225676171410034313592790297803993780649324875767978092809     
     9428533821913324922458539289731808188226280897931207812309559973793531     
     8682949787220589859365189107023939852563119093767436034385097265735048     
     5215949625587966041226900219808540064149862141034808449196244019066642     
     5215701091630782015894449864777756390448319360831724872819865771388306     
     0014522654251047989025218883000723324018184748711654058641946777962433     
     2637477995489852206429236358138545792998079540083777383871457127304623     
     8228072667594332217445136412424583507978465456068606282232044185283604     
     2425629351464915406119287153083651671897167841807077919917262120035960     
     3492169161128163534093093299501149407431959876027256628967520763577619     
     0417691721514968366425625595754868516584689405499771666777254386149733     
     4248949429979175617886206109043578697327627544314949423267367302117574     
     0837743354211433047375215474329335836332556159241836332399846361048877     
     0318347577780330780946292008766588329773188059418032151195161612227776     
     7256947313405041192088590737018613029086355258598958518785050001690683     
     6927105631755856068913812380120772878559741471254453204148040672213207     
     2075885198329501138152061765054072809019007350601048633409535368433307     
     7221382701161433126358606438463595869330394417973448561891342711994505     
     7822416246487153366834166133843189894945530537838516934250748550828767     
     0793417795962793195497354751326802325603355401665981276970577132145716     
     9531555210548495868167032302070751522604799638996644099991234679337156     
     6234172754913135989738397895399092954211858147885377541339992873169732     
     1408495753104773521086361780330459002569698406828173881290132859430458     
     1690976247921939260397379333739929290246088977875841004728637029127378     
     3493937691757427379106578373682862211548329770918139465875419751483660     
     8444352750923470096307718606771458094363100648984551252076385270665681     
     8049271751108469007230333271290764445133752418406861812096760459986413     
     1896643713159189777389892927610991967318333252204500869496879638422732     
     0868769039104401315905258637438002770852731722472472826290584952211052     
     0088839776302016325061189937160180230759688852658598149779761107447783     
     6270464007578636314555039124323943085168112227886358090938574664457673     
     8012421343125158816314005675401342158710791379574535194504267983108085     
     3482215664877957803931897262692736376828633212198427536222920017900587     
     8220853732085830990195695461248063923395121575707202067415838941418908     
     7626740861839847011580696426465319153897826614706093734135520908470868     
     5163921713816342722552336644732307491498603553403965495670225670258504     
     9049704877239501126098847681353674238548331340581033556185637977793825     
     5392927488067329547619077546815706905966767604121953153967667540787266     
     6687333521703552726846843475449488420181115796811542371362651782246720     
     4688103711372438517008669055685789370869284181852109741919310308956887     
     7946616243574868766029039905738457818210898472858521836224831651475715     
     0770110909441973893460600006809440509882335825972806724592888097327980     
     6455205923631655342531096651955285118014038610152603444694365119615863     
     6275402966434826292546407777782215496693870332338221081294220470933170     
     8371091272613591115771426779334367817424246184008703834536911562611268     
     0526728585617000533827289171143510198179181465473445442309770903527144     
     2455968829656881177130531215814743922074909336374100855896293034367479     
     3879326851853140717430798309294899056713599956486019630090503245882583     
     8130959051863121756479927099192880015137676548407834963565436966925051     
     3302933962606137468283184760486488746044078302975000739398601808508798     
     6541631620930789050810653563812185723654669094216436671810252295758059     
     6414307881038628215000486349755325895584440710739467080292960799844709     
     8108103661159426196894774148192869890057670247357825673888355963986629     
     3498717897538606001601759921003281174795222830313514533484110220034404     
     6607509993845340823174565489451797126668688320958886786187186285965130     
     4574221132579522996462139885931081620675243485434886403440109988423778     
     2808953649181330432823970581393456685111698001914148477711526737723866     
     3312463062454958472499935713293281703545276257679730151966561627480475     
     2876844261652644171607903323666282883361287442222435636579895942118307     
     2395437449043541319618118668678158609247756769254123167780002591418730     
     6632972710776421908304565027826454132039441308931944438494735684337441     
     2941423211593349726087109396368926632603771769334096761268882342051947     
     4834296920706365457092102115361249588521667921646615972545855945372126     
     9888671066758132513678486935267834706529762825137243018198602897764858     
     0952029078549273068664177935657494028916811830368577347625254767054058     
     5496168471906120068302564406966770123297092179434494072560275726266800     
     1549449316348082726602322899217619423547407323361372424755489097919866     
     9071234587329948750963999351480675796539325780976771460043327212617270     
     6005741795623604723970470646932946248820545153703992121361511620568964     
     6024017956368091257265919933560159321077265685883718440538585979932084     
     8077904290312170325723461929261551284472869402580748837379696141271105     
     0012378611939159412890867183037532934133275068503446942324743070152810     
     3794349880607397325332210480618570555670806939354212048381537963699266     
     7802047720733192745414483544994679411970821052376502507991923901128756     
     5536652274729723827343814463905092031207944328902047381945223471505986     
     0370284054957431403003957211836523775405730824967768817189679641502793     
     8282297177739960661223241996947758085937619833060402613158444214655480     
     0883463367477288619299977968660867775684539248233075802198986230421616     
     2909264006683251583121539033196674384462855737715521537823082296410946     
     6997323769386512173137523811789876650481984953939507926926514672187547     
     6976563233336556302256208509958525452242191942562315126685079231750929     
     1959984121447449704983911789890493604580313319203423266816178385331235     
     6419460938623341181107870209518009765025623394317135601690581341719418     
     5385818992657479918216670182935081805090547780471615406446292409030926     
     5321505206666172391149304683166142594261162483892178861520083347505582     
     3418257339985833089902592012984649364627080341970351493582989975407607     
     8560243634692707614672560663116835896629511469280817241903182642556286     
     9708093298807766900781678668875500149745715980406513241863616378623282     
     5278962264173978052291869629008716019000990109829599053335042417821220     
     8640000000000000000000000000000000000000000000000000000000000000000000     
     0000000000000000000000000000000000000000000000000000000000000000000000     
     0000000000000000000000000000000000000000000000000000000000000000000000     
     0000000000000000000000000000000000000000000000000000000000000000000000     
     0000000000000000000000000000000000000000000000000000000000000000000000     
     0000000000000000000000000000000000000000000000000000000000000000000000     
     0000000000000000000000000000000000000000000000000000000000000000000000     
     0000000000000000000000000000000000000000000000000000000000000000000000     
     0000000000000000000000000000000000000000000000000000000000000000000000     
     0000000000000000000000000000000000000000000000000000000000000000000000     
     0000000000000000000000000000000000000000000000000000000000000000000000     
     0000000000000000000000000000000000000000000000000000000000000000000000     
     0000000000000000000000000000000000000000000000000000000000000000000000     
     0000000000000000000000000000000000000000000000000000000000000000000000     
     0000000000000000000000000000000000000000000000000000000000000000000000     
     0000000000000000000000000000000000000000000000000000000000000000000000     
     0000000000000000000000000000000000000000000000000000000000000000000000     
     0000000000000000000000000000000000000000000000000000000000000000000000     
     0000000000000000000000000000000000000000000000000000000000000000000000     
     0000000000000000000000000000000000000000000000000000000000000000
