     8035024128504426640945838491408382712918490763578854623179450393422200     
     9907127207041030621027000349144814381118167883746186282768351423708309     
     4924831450701727713820890683872235884429825344756811497371192366847817     
     6250892544914183107654438106179370526228562447152388287251671502419586     
     3024478865533124312935773819810935751619871379875851087500464015823901     
     7396065115438048803202637599960247935408789014917662236862304092104027     
     9954491186663724323155461137700615637029257487751693591601567335291707     
     0981182759768533100610018289589273761007023326459798792689126327249726     
     4752329389705643194291469132889361657619687816633023959541334866720386     
     1132365499672237275063525650433287512946770238456702909958418630954252     
     4906706368964714984533117861862570579174506444632931282846801981498662     
     7190726423411909060082389536949393964362278318586181729341659650989583     
     2883629956719437334773059495910892830876824059002763052470689202334295     
     1892674603642871331674603582400002560067752174798387681605642004488180     
     9092280988681237976189411664464328656062667839317498211752524103684597     
     3756108624341473789419521794293294992755003173107133550029194009173537     
     8725237934914904424969960136911086455777574539903526036126839931747553     
     9162162216297245612510993577125585920303609334536031344653569202226402     
     5640465792841310758403483416567820398160486108898362143317942127984228     
     0094949251723750003963018895453968073619538888291002603648747415268033     
     9075492625554644055444159813218460910251580125645831267761225629691922     
     6961276388066052515820342462072828887513976976959598065062172516113025     
     2296046121836032952544527550501722645504219566174502426384581608228790     
     0720752293327738114375171171358039779449177823630007261618246179566743     
     3119853767962168050474932832518660353620216467407354591991645436864143     
     9343156586916348861049466321849106817454386613239219699105222426389287     
     5548951757634334500888982424667403130134278072699673495049519649720807     
     8543236898406898823217966706980755049397354614596752511781732801989310     
     7495347953763175114735984645386589853288474724982269199092658687939917     
     2590851208790400217907884654352861952218344791993710243627250507557128     
     6542583274966606545091037618239016151247923387522835015414167014520812     
     2722746957989047930631923698756117077949770442750919084619812584983823     
     0521811021008772918453434899187102790723189676632375413740499762217557     
     0319600683718423606720976828411078897053748427849469464960371655216022     
     4409894151286781153556843101263232963193680384049365580607121432198941     
     5722906486252016719227228733944307156423694324434347442153984371087411     
     4731319278884593952762131286606002965191993036917409863748421368890015     
     3320793031608061549160974414740297526087924934164363107680170355513663     
     4394027685335765256495891052279486924879490704115796160759922819294450     
     0879003761183813208656100316463002626287338019034456716199532001404273     
     9966699642353609448400656252791235152387792247889640951168156944595361     
     7385302215185874379059889065772091382184565497167238850867294789345341     
     0679005412147006348698631859950669178814041875490253224760264000256006     
     4141548436034853140907241535254879710534306755378296218679588896239780     
     1564747554891016386851904155689651071321014191088848365943063870248842     
     2921788804666518792587811897070998953708360134266193098911372377470393     
     4683997587899172954236022373188602006067104365037208044501034010332847     
     9046871883903239861999777182218649640140495671540414310215163611859599     
     0162401192924291276870961014414137178955442858950505523129862960850321     
     2526739968125412759979637468846515510413896197895338154275887765859873     
     7157042986498709810739273414442652822478242599374646977252483934005456     
     7178900621267934727857041070674522692167491876853118984402345064579914     
     3931430722955956125893237241742810710636937317944168225281792107860813     
     1949400099171777119979529667617652608025416117905792394700228113093793     
     1687904825978506347004754539158873595964869205911726050842594648384710     
     5121727220617705638336895594764326722927794092466619040791348517814253     
     4430152554359329146636844902373327876280692796751280264875204607852400     
     4949181971060395027212734235978660251014408163714742046342694009386928     
     7169559017748800192409752029706068913348279785821699927422579602668612     
     4636095171145009412112329369418315698079709196349089943152545159724203     
     6895996745774446703788034709530047264723453627916280762622795953043013     
     3344295777118895436309929264437089122228414626573599628868260368475637     
     9232317951546624995824347448024362649936504667957268006078579524898777     
     9176640720615626875708510125106961509684765368466312503405203598111559     
     4920826088640859199391083101103487800184592564554246829471890754502215     
     3228951461680341936268907977020787531523326656429850906506430045713828     
     5106219397903324414091930111077065507627141146466824843496331496423043     
     7605538822716438237064712863408368144549951284394877331357268509335611     
     5556702443855727078882790576384269780752760017744813983704331024479836     
     7140667959637516610343779703684850795313061271350309831012630055466717     
     4019253918567969167841849215884271918179075556626707775124631609080700     
     7645231339008082491713325274501842117880640215680256949957478446427213     
     9859378551754849365280172490967297223727795288762163664269169384269901     
     9112219556933903148113821726900482958391848291504668822885410744507098     
     5343160111118913711269360835118404892214846980690122772864429484780498     
     0749562234823303948266654539280364673572592366091896310414145037852584     
     1702433085404792234016771287204328929168448994450775126027041100293157     
     6926347827671832366253033531607484692516078314557765326940161026227784     
     2019057955809033807712502781622592383447722706764511030550116568664478     
     7536312664943211663394770115298638247484387210877469124240932386685405     
     1221318807387135407410114356611490021933854000100857396649873512350224     
     7558433482118133505129408156617754045788467209867547566002084684932635     
     7251258459067083886336342528210688695491631413464050986507474243994584     
     3731856275242775302397077693963476631473941746314718547597756728156311     
     6594197407667924044552648601082828401851726629680948418437422308448786     
     7427475510389385864621575404766209121545192583268947177652566525927453     
     1642432232968015999990811099614044565656054745655433518233715841030032     
     1581079651974934479007338004180173914106373209413920259687095181269638     
     6357655357840241574067961604322971040997092351979638251390197731974228     
     6014488528016010467873740145176933779495633683717723693851719871156183     
     1460902234612699201692098262781038739852994026796212519044545592414758     
     7098304675319652236921689043426588607457781595275882086337882967662733     
     7759610536328839007954895195688701990401941821301653536141745681160307     
     6880151171506688067547188039162929884859236217987109346073089079604754     
     2717500671645721309701569919903744456888909811245825324131397373497977     
     6248808848105641055277718180587158497421452492901122981159475976468120     
     0834772791727736845251703383014236183012757972722877180683346221093688     
     3451397790393096840216869894996596595961921302807705439338891782992299     
     3931378738618150697875353865683682143032926552220532330851060828473111     
     7597559332663923684998832261078197432071107262789976650582011079884513     
     8382628134620754796559174352459212189461113963302003883663348377253031     
     6197662500140205704185493589216225662092212339525795617547144224904553     
     0757811041685090287239367484219269123637966782137504032538517988657950     
     0296341371463074745448530856497114215663600588704653782960051696669145     
     0863043214968887165046776534643024837149774879844864223361672017153307     
     0105195258886279942990285050305724521719730954564946355480442240463550     
     6079353608833448142499855819087811983914869642476907106781544879335645     
     0331689383561698600815440024262681982912414628531617917732863274209728     
     4174834749543349348571186358454947357746898524519431084749550787424273     
     3435745578373127342086249667902455624803849357641161103859487058547443     
     3511271730220986916620313496019510164214523293630456413143158197173912     
     3537232720214970795719136903876544745584691909919760859407045979781827     
     1114304680662334831853015218904368726724009423564148001727797931669236     
     1749077394905393071930934120225888562613653123752138610033482983946239     
     4002622663831860539728652454588857385308751997570002147549081661578386     
     9056447628857984737375941905921806782831300339977485051149987115973949     
     7641422873229438004958479200668614909431743548472564682012162348828536     
     3382576863642603603164200166248651588721514207132381310207960401020634     
     1532584178232525726150303251192858148413650037055677988569025984705339     
     6834307123436122879791489207306250318481821740650428456726423146104573     
     8075571389705849168159482179415136503118188444625077129281141346876742     
     8060407332277982269820451061522006625431929559524545095805593811777377     
     0567983476785810327391426509394856164299240591175925376443061920008281     
     3505316750103736297720973234221974755043908927119871424927506652484819     
     1463897837308443184584277434868045656280376646798015553189411779211763     
     5871404702621892089661380008861770753325656402048350221282427009798224     
     3143344701741599039565897838870818674141080598667764388274109252633715     
     2965868701413357635633614419287492607299610517286618997822859242819554     
     8138217861352022848643331651920393055200870152536810130182193077867755     
     5474692848642509718980189191362815587291639094641475486484691848086109     
     6861713625634252043527205744386694238422005925808456366399464346075394     
     1177385515727616726861834283767273925498333616049573307481634891925256     
     5481667463805133720424662089808866039808226596222570494183707324620721     
     7538128029345876498213561166484349588896052125526664180715416805029583     
     5866304483785000206044493570985155530817424406122409823423567677231234     
     2563110369458170860511662168320025471619534054077297416466170049116074     
     8360531791435772940962033993627808221612536248584064506233252294031753     
     7815962851326653495833946459652333221622588036679176690552943114952834     
     6731367514290500256555734168961161513180703523314323443852464068190273     
     4384140365524141666708255650212762306313868355395964923045171422039147     
     1174656900988714896448606526131135763735378093409808416381375575885466     
     3350944478742391753778824838308417489145873652522054534403594535976221     
     2352548436059804222494383489262463399765524305806102690784761301271044     
     7501263807036787194942191168557445901267874477395694451039920741500204     
     9533784827825825798464183431372495232364182167833961791684202147958505     
     1408574959991738837005240955783446079174692899148426433845268999678673     
     1068756736202250950188856814226163872687247219321139131629406780278496     
     8978524126551938042541546612528456333062405295645468477394394628030229     
     3862991226242674537266178368796388561294668993652583193216831369979187     
     5186154130448628706526043871571894801707583762478121675516468739721872     
     2971473159734741252837808516692876127356774322859283181850337447340071     
     1410420066651681587200000000000000000000000000000000000000000000000000     
     0000000000000000000000000000000000000000000000000000000000000000000000     
     0000000000000000000000000000000000000000000000000000000000000000000000     
     0000000000000000000000000000000000000000000000000000000000000000000000     
     0000000000000000000000000000000000000000000000000000000000000000000000     
     0000000000000000000000000000000000000000000000000000000000000000000000     
     0000000000000000000000000000000000000000000000000000000000000000000000     
     0000000000000000000000000000000000000000000000000000000000000000000000     
     0000000000000000000000000000000000000000000000000000000000000000000000     
     0000000000000000000000000000000000000000000000000000000000000000000000     
     0000000000000000000000000000000000000000000000000000000000000000000000     
     0000000000000000000000000000000000000000000000000000000000000000000000     
     0000000000000000000000000000000000000000000000000000000000000000000000     
     0000000000000000000000000
