     7992430306325343127496892888299349352326786784385952242293202623619512     
     0857565241667305977284117850640626979210502020207881290178795902162368     
     9360968371203809466671451190500288444183644439815104880005803574907681     
     4055245020930098349322191161967283318748774855757413036961163219271827     
     2973288848333363045533233784043650318843970662816139509175971738749903     
     2687196854735318195062854621494158246793597903319074700612893555124276     
     1119320894226324299025203228934040851624723789878300020862337087721804     
     5554155478428634818804819238208651287075876549111963138688174769799287     
     9287357953195841475250615085905463436130651082622281292747050327227985     
     3557022553309495919913880129913894501034447611219803621539649715610811     
     0092237585747754553630094824272757607340733585102807650266883840494032     
     2365777833358309618839967025542767778458871407738162290336708832986456     
     9313253408015013600831982222663910275561434351887823844382399027296528     
     4331120818227237399404444498154004225514455342070517932328010959351798     
     6779617425798720587481515777365997677564178824530366493545109405866263     
     5615529462335227523142680242818927999192897773265859976497078095729477     
     6289181957583797421795824883951094716728791427204091642519189819015122     
     9621478812901574202317286325286404907043864361192338300669397496461003     
     8649712657313365865931360199410172851725673823981633016896630873292471     
     2506012954321672625766424688723249037751567712047049763408590569093195     
     8583804036634255019223183194885304538127227103226766788648950242272949     
     3102652190620054997457950337761722119153458766072484861845774009452208     
     7101713614727903061578783549119283623140289298575212413170938422447305     
     2369849854575745007845297731558795821891157512379921766889680907663626     
     9365352961876138761876908330780329938855357924705671688136508086674124     
     1506485272135333913007531395859905224954592162609309961394021503530080     
     7829226574438805094470498725785734221564589104891563330770656168688027     
     6676735330035265747089041150937732733249834754847628928350241202267718     
     4668911513548825829306098851542795324333323003783405204730047540479412     
     3651966924625757123052123248212579774627372084381790028451387591940886     
     6356462525057017389171994884428906487812380870028270644055951150519844     
     8729450510638148854477249932573216678677556929615400971610843277474829     
     5015826471230655137562130053470818629297835904240693698298534265397915     
     7122649584614468512384791364723332049716852637255700883161206470225333     
     4118058594266427577258754412505533508599357861454967871306605942957422     
     3964695082108479429656414930985562377193424676494410838600246844913140     
     4688935066654641226938055531756326455250287452983068508676585198549271     
     5852432255062462360377987053263248840344073518626440523054398456372702     
     9630887807360763730663221727831226319140752572638784612351177401892013     
     8103055912663411040243741195066495587053910074975823367690779168577973     
     8855856829772736801265583431434456860548901166732258822711385067690433     
     3854872232782198779535752065614036055544638968015704766449600308586728     
     2356156074970621395614479540903181318087669499073676753565168456520892     
     7824344890105453219208887805851466907962006641403347747211126929159204     
     0664789710152399422278805699454983358456618760874781481032108788945530     
     1993362842475986207683704448014455834969919809468465022267382171759401     
     9731323996046630303421554538399671328999870768459060871719739453060720     
     9097418597214287236389505340406271383660058447591519881919351877110575     
     2944265564527141018957929025305041522412873019830227261928503566293979     
     3917460982270851815381950698527917365811213074533048904949100940036328     
     2470738798964963401038764868995804187257462449389242421306209392781116     
     8364316864362128818031401447759654437560573652284778185182334267253213     
     2092943343247236450727505451165597312245591868805815896617857240210683     
     0469843589991326055186060654356913728575156144720384620053475450075710     
     2113037244973487059257118508189422263573209131075600435103218530727715     
     9437915699626265359281900774578534597542558189722573764021563576711824     
     2563427142737705734697588881481556964460832945498618772902051210792768     
     3414458392517860762608585118563400451165849996351811073306285909458886     
     0690786171580304122667760243778416325051590872710873396696330166556980     
     1801579786765614873180604685342488162421730514096720788575243742398793     
     7846453311501134414781293777150785599721342424593340975261822566175373     
     0717733130776794807549615569642082750671447843588256857225956104487256     
     7952311612892172078586035029251567747859282794480883451815787243000330     
     0192113630758570652244461815227172371038208000000000000000000000000000     
     0000000000000000000000000000000000000000000000000000000000000000000000     
     0000000000000000000000000000000000000000000000000000000000000000000000     
     0000000000000000000000000000000000000000000000000000000000000000000000     
     0000000000000000000000000000000000000000000000000000000000000000000000     
     0000000000000000000000000000000000000000000000000000000000000000000000     
     0000000000000000000000000000000000000000000000000000000
