     4410915272670198386393961173173447426252072548044165962247002953188515     
     0907243651529238969951197489545708906009132735689199359666646469723954     
     6558508071014431693685936691856137263659878090583340644702417483211246     
     9926460842435863181786724717216748517058798791350232748554810796536242     
     3399429633047796945009633834794580406374457290921994629582396651506868     
     2020007769119180597174792396110264338999073149351114334457268540559946     
     7478202995376283020500407726017246139913428137721974324428653719809337     
     2830592702580265776378032893773718259026699070481027730604754943501543     
     5732141824780039448138616719348077676574531654528838907594901876230981     
     2486418490466098997622764534909570035858576312129500183534514806306875     
     9570299504109720909978714046078101409503635917997268919340437767946856     
     6591882924650380731262975850763295569536224632270384911776475430246107     
     2799225463422767688432155724438109754972920409244231408369430208431300     
     2954711171100184272088305745250527965098698979566227491648076900024355     
     1274768771436561581666920740175665886246405627070691475318967795973558     
     4588706396397863039697204495682098171296794092448213277885151007388516     
     7516969713738833043779866335447331761513441351988968725286613419562404     
     7150144176123928206164158161510426134239015416833606920230782630280423     
     1802021378442134918757130178123793284973916923508823649988113065863816     
     6964109350407697688637566513836802129228892476844587628433503693501996     
     2149656590420423797956979233099947915442666852162873691741090881186603     
     6712806416486659740753220482006428004435711865947040675530413641518692     
     7909265735484677905098269074918302546606046624486033271295587966907396     
     5541022920794537470152597986572271127344558703542733094706506638915800     
     3596418546237331807342243645705451233583574733991209299836151951685006     
     2392698322508089447434557768928911339608327555822032047360619095813364     
     1672231785669801928659217539567655965371234868816769942205855863923901     
     1721386345213270758625897662870070962738519770145168720377463788162736     
     2767508715193074072359580740974952107307861397440283634768062587913019     
     0699859184672691544201467635122551364929595434889748672667707472866116     
     1409431567823919334618052079488018863791365953379453592081615211496965     
     0178058735240718895060282536395552363572148770664774852568087271314179     
     9454476150527561436517786258706466192847951974178561390399674412739876     
     7961257571554832078127737354165882831783576972962245550344174799537765     
     9641971778096908379074463804669270933377377920740438542893487041992417     
     2997698534679032379227931934085411218753771066800211176993041700711264     
     8198690331800655025119257961226678309985162801727104667393501684974819     
     6857702853515468972255977040999108784206369562908937880568660289232382     
     1755415448020317486403283187895013893913284861491712682051916855509303     
     7787812831769623584592505593639051390812687663227142450983042164055818     
     9725847185709212146540643160649646324380448521962528888515472907827157     
     0364777952805684872238987035867125582191868364497335873514159282897233     
     2714512500640288829237011164022424466720971783064262167701431950143638     
     7067920807956208245943282457359113408702938276752938149882205028911113     
     3108624817384735682145161563422579013529201368330735038644062713706967     
     9258223656087323700825650679269098002055327128093376130723440540269183     
     2709001081734606966424748853079762167694404887987759163338082758813305     
     5958146263936923665056910857025792348201384817674242862684414894969130     
     7793757687177446145895395909097141949797198070169041003536296850344688     
     1301310047351106739486806524783757236909779941437589042194941958119528     
     0508020969266354364819940467546006872918663775077731967984280591320368     
     9520119088722884932393294078289602933049117115146695419564079524599889     
     4006055100122264141219580012095408382043872448814379781502861195749597     
     3767610121531146100658762300280916091610043759134019820183162682428623     
     5542625333953409475942642296995576908304635972584341659666544923309693     
     8128738500373438323137725936131440492166219818719058643950106297989120     
     8170194530892894982187437615549879949456535634279279835417120051323907     
     4176951275493175174913501541258311933905818145720364997992685093038839     
     9745733494596221961990166910924033480082637582367322472092505933205644     
     9683418201654517400694378858889687848861209261389076287067178952091182     
     4531986921312862180930094658086631736882042035756621468176278609162742     
     3164666778932673502521553889458447581307403519709233101790006584459113     
     3649590447988873916227023209682965561413307566896376813652661896351585     
     0337056544293112673090671914317160837590175595255743839501908412815902     
     2617888432415767443163904877867680553011938868806263438359110858270062     
     5392542395605281478643205024637310949112772639251153658182944534069166     
     0047851249220323213239227976758593317583031121588010748054001546148727     
     6964138358727270901489989563809687068239523697215893329704693459233926     
     6469010099245247136730521523594023918285233695105532513895955691604707     
     9255900326829672646697613230985850549516040087226665828715064883552167     
     6145527078339202225073899666683887784960767141783384402975229952522847     
     3200837399666131835980197844035383490134677222098393945665401701221681     
     7417161630448816130527105082458744533736295203314156379045673719241972     
     8876626085537284775187601506537306303868129757325958305745150822914763     
     8159960986448515048669986616071419808654442730775700023436687196551492     
     4506329841193655628414109314637660185800537632972051966476432306358125     
     0916568612721600394792961202684085742438380300093021901413695278514952     
     4465301876324588380028603226347903515110129098053736710813793699754800     
     9639270199071003287609781192520905176631105663958453733242473576869577     
     4687764913381925815523243929059760987941811845658168557659383427760610     
     3582895192445693757276410788342816003921925725468979874396967684103760     
     0670269251266846958957442153408415679676940887547899445875064354056321     
     3739193957514994546281879443141950529981681635273858566572711275200125     
     8672253993386726628404361808539323031766449565873503611762573166697717     
     0839483949363558420384692299072300455478198255499403810414646075406862     
     7828184439391971630674686957151866192687569633436073044659638170686031     
     5828873343146900348936134262046019718426195122869732627836603081799214     
     6446797501901232001108044703330738718899069783363554941137151212854158     
     3217641276754834715183849011739385696516669361236280773191158592792239     
     8719961727551747328902844309993767743697935915341122933001308542475025     
     8603903273494413175906059620589285079945219353603096054713422978569396     
     8122489713116296180967777728427844662419264192095611490407988004842894     
     4234293942697651180735131682654072761413623046394606554407645040998441     
     2419631679595740081722548127193573476156831003274096852519420401768982     
     4188518143948276146744412053747651099519412960942843924059873103399616     
     8500792091847155626542727200053982600298457067611983470244831509859836     
     1251908707984011929879270770527794458618556155216115842185259437760546     
     7565425516166530861162321836689386219273605613232470224864896071418791     
     4067773646261206022300278327301562381616535292537511108172196269438332     
     0166463809628093344690506961267955510094004178274396192047720491936304     
     4580366001858725144293813880353860390174985520727181868326302874935466     
     2258684329066828623233285054194422821480549961523657750712419788929942     
     2070807277742902708014555855225840518508908690743554740390483366615493     
     4000416907281164118733994121148156158395717677109847902939487643008680     
     4926530729921149521050020206999291362006796989504130064240463930518058     
     1350134744653091601337179973099286648957544978842412189351312970013889     
     5123606451642338370645217850831206165552856316890618848817388134999062     
     5926782220205905162282277623110901886773922357348553034210849618403306     
     4386480370901253839897466599800453792262709611202363370906306737114302     
     3258840153773211938614548490813041838884827206805723105596397419519811     
     3920068553118044164085607787023422532620044640213417747983340169301276     
     8651424200885895909833906289969012688512921975902362981342016375745566     
     4761815355660460964994214972022809349547356045944455985774437280562747     
     9518456029653571182423953652102946213558395793780894502268012776839414     
     0081849135601348641701017614679231204233720998686644569890564362897736     
     7871630996552025397088433553497286665336183769671982449691663108484064     
     0085719070094206154159469822456791012083148432396465185575577506419911     
     0245781278905363791835157731051960864781758445323893011340041268915575     
     3004538265711466282396679876844762589046875136935385566130819472085729     
     3027023483186204938800984411601201729551780705372893570844126308316733     
     1554378715464137286492849120290739452957139176034147728447556409053597     
     3597178871956332012418975348862358233465573011061668650367383381331987     
     0905680940423245930330321095733474598562259287908779687195842952363497     
     7158269957928197799692544101607014971289687815852299899028371183994166     
     7792533446692495199944931612368342504592630606515569164850609606800259     
     4608385348548801002330907259108317167939891729070029518316816300309636     
     3297505366303087312549311288097859703161552072859030494159707124600539     
     6303892580851655588695817332248156773174261901928780339417321006564104     
     8634430366659397908432482903135618194242848844996280087219723870861791     
     6113152286816768486253071021445626528940844147235438640225913151607624     
     8180568723289041809907210428883303072720702546970454523057550126074358     
     9031081960716637566719911213635287960623808085878471375048661480494493     
     2591814842652812605671335324750449284850585486599534711033310834266046     
     3173135328103562701861610990675469493904337087030501560243046401870088     
     5951968453605444392642713673598862282562055548935858044192764909310439     
     1418437146334212174781040470124210598332150532085363211214625638974808     
     4786465963601368942117998268881655447886161200626824856862949105631065     
     5878453782885289865681346786761606732173276543567906843098528022913217     
     0495218993846910308048827574277758464927345434109843654751107128711946     
     8176964947784196096036671256791640105580092576396583770308554723482177     
     3909705338576476716077526381727369849594382663604641990664569821977538     
     2690623526189086215181502454217909545492482721481697816390703762586268     
     9651894661378425268482547278043508655148933727446970523627974354921940     
     3380115965415878630322954575483027124210961369438000153102207955585031     
     4534274033186049767460454662176554384703471788012166092183377266835760     
     5334113798812835530297120081971015733519560241730498488903010643243153     
     2168815408884990998208704586534074912872346068778608361666955404524568     
     6035733659621440503833915179500741497435770787534412478147396112459800     
     1410412719609499319460560699535232428829017235052736450827360439708752     
     4581311193825909244741184225285883141696121991019720291591425427491222     
     9430416608541767996449892154301852382245517917846674117772700460442437     
     0963015641029010508693905651292707430014501955671445127361739809404711     
     9138189813953877786183849155204357239042511072484329848073478887985072     
     0278137028849142015051380594540020238622458884924008809686189579452163     
     6953715484239090503888420364399102969230707811228858222048237186449527     
     0970033128233192343406176657815334329351150203045694286257906085328079     
     4146221723072248744092031084172862426004240710614103751857023757768180     
     6486562807743885286860950471836623627889307706456903558862801332596664     
     3753498797971299487378424507473465804151677904916432841192711493900570     
     4288231280488862880594348452680222160467665095271938636180273612685905     
     6400401626406767209194202374162394105642141604808208615276814679797606     
     9912131800206146161555707250252600269918073584822552214433075337264023     
     5316214676488367723727864505825625672296802504939731944545850705653559     
     2640263933919773893262036854857766523975337834690166370847557888603758     
     6889991736922549685449314824226834816530225459544929758794279068215997     
     5644187465178096968082414434058330549187493507248926643485149226389952     
     8755501007393364318063518285639830687302881805396343623478795533849827     
     5898497519300993868554487047378855910781444201981772629530882468561592     
     2176228343663057663763722298980864032258155636295462531611689144814619     
     9961928605316201151105834356039407237803477675345465452266307174624142     
     9161813197301157505353778588546942363094199337627923950964194087822476     
     7437898059986524657698233154647373704826767862780870799885776232162597     
     1098340667385888733457073789523834640208471891654664762010643818804575     
     4182851467446245038390636097040421315866386893749454699606892681485518     
     3777015593439083843575454841383833867548359343576735946113315898412919     
     4551052113933954636903457297265721302308680480433496808914777990689771     
     5558172508859570409546159058096672743982554802295198284010594089565334     
     3026879659594952369880144428928374715362529973368816644116225256687631     
     9082720560026411758345123078016552584618268503452077126285486620733565     
     0491782667169631026597602052080778206166982711855134593537100543452945     
     1240685333604132530010520134493887603817225874261415403170225439986576     
     4724845796331432962415325480073966670408025785741771754319197110222343     
     7328021085362178740329346737509656619350018498739571933989381996790159     
     3176268169142760038186950545831168252903452482782487549742482375706413     
     3499730005293112388010744353371877729316892512625162927687032726168670     
     0089531671357298966640287672125541384351821607987402581197582183735573     
     7089148748018362878845324801963589073989796412930421843546848185196682     
     6477538826003701473173236109196078839517709236178613542350112238788229     
     6918089917497083091842047813814692160920988711836056123318030909025936     
     6558398675063606132981097435267505398811456282823019269449679395261165     
     9737480197262401530004572474334532408443403898159329588768758794967048     
     3200202691872294898923197493669746380738492891113434961154555061513731     
     4059267661494512046644329740432164203890679370513684489081423685943364     
     9879518795797074681824179320821999090687221893130087868672636322298205     
     7628352170005289143178048161735766220954373738833081685090757381370449     
     7121967817778083480918856568390413227898846975170318636216925501970734     
     4363399188415162138913773028959861647027767898052441515701734216913243     
     7650864475460871647352258495899273298817009369465829248773859589431313     
     0912211517478694682338282187865021779637278027326478191047468072871323     
     1217336406218101702554445559265810687053066551336722688812724951134407     
     6067314976986136098171468613198212153772258735751663138854131669692990     
     3820149193073481622348764180668275761170576375817095393916951134974760     
     9926295264386198225048756862960973644601653848367549976074480406205724     
     4317804417101854455768575148969516949343007837060662343179090922676287     
     7876331083820104347950234395566608538912674711112067076134331267821484     
     3914333888018965222120726970190483001715627866729226479615797278914785     
     6912004175006128202026712616984956215667133418185110323200000000000000     
     0000000000000000000000000000000000000000000000000000000000000000000000     
     0000000000000000000000000000000000000000000000000000000000000000000000     
     0000000000000000000000000000000000000000000000000000000000000000000000     
     0000000000000000000000000000000000000000000000000000000000000000000000     
     0000000000000000000000000000000000000000000000000000000000000000000000     
     0000000000000000000000000000000000000000000000000000000000000000000000     
     0000000000000000000000000000000000000000000000000000000000000000000000     
     0000000000000000000000000000000000000000000000000000000000000000000000     
     0000000000000000000000000000000000000000000000000000000000000000000000     
     0000000000000000000000000000000000000000000000000000000000000000000000     
     0000000000000000000000000000000000000000000000000000000000000000000000     
     0000000000000000000000000000000000000000000000000000000000000000000000     
     0000000000000000000000000000000000000000000000000000000000000000000000     
     0000000000000000000000000000000000000000000000000000000000000000000000     
     0000000000000000000000000000000000000000000000000000000000000000000000     
     0000000000000000000000000000000000000000000000000000000000000000000000     
     0000000000000000000000000000000000000000000000000000000000000000000000     
