     4971366020774667447094115578928704720815489124639946954001870884524614     
     5068121243277264259630322157243643058106442837476772369243838850803371     
     8181765741786721772144380907305054997946654190644870075885955443489138     
     2380491171652045343639592469087252692146895465255428419817855985556471     
     0899216435454568464635296528960646084994476127734813961454135359127868     
     4739709999728895035158381051997815345083394842973578648183283479223097     
     7189891057968513535996227527706202411087101639738164510677500614638381     
     5639897998100595449977084352266703467177567088350606415186813640539877     
     4862610573879608407666549034673003779870347801921053612017045730189283     
     2134059382429495420295328571499909283506529897213895000629567926946976     
     9370659957070631446841409894613025440952813268001441556461488269865609     
     9700353901987229299368572349677973868031260978588376450618855442384313     
     9187537252964264585544788412451945129518337658061923102535127951126220     
     1854203022221233052941733118805705370342448896300778592531525963957115     
     5993301080624975508697912787100370946233277287847676825738266884767063     
     3036236259139228312000469846964118930848246160218249313027848298405658     
     3796670262198803220323705163668381512334840569678437122144917980236323     
     5002445433793405398079823057270543392809897981095069720527073177664245     
     9207332541644764261961525072419567386557197516122106093930534533770387     
     6150906421168043954384386342663884787319792052477053284226222314810776     
     0749587537315092455596166696721144161998079046830568648306125083337350     
     8102433823349330094418848339608445698697000514842154158596440773086093     
     0393836741526276103085539332127243359098437866264245994499843849987772     
     0742964830721820911328374161707627053288175999403313642274923326467608     
     8331532190597861835981636101941136595133597998186462796227260810349607     
     1141003792181135964939165902719772329515653276920062229709741498853765     
     1559448328877752941653923649979843097059976337559708183789100591355221     
     7781551676281392806321539681860598488186089948118471928992602072938978     
     0357598476749656219345153840755900413627682881987907605042641141099650     
     0765294703522172734751332992165076210059385451326372778127881934974571     
     3525310945601698145217541055639177839484436653353228275668266082036840     
     0589056335641296517399838963992213874734753615379499950424197509222776     
     6645458072946747428044800000000000000000000000000000000000000000000000     
     0000000000000000000000000000000000000000000000000000000000000000000000     
     0000000000000000000000000000000000000000000000000000000000000000000000     
     0000000000000000000000000000000000000000000000000000000
