     3846165695963768165558997359503893355588609891414621420705745745680479     
     4048506591531070335372827544880569828302210280635827899904700741967234     
     1696898926601353916891902204821543502646644958039165678616991478242175     
     4432496570064658522221891818634880780961507369051230039606697865815413     
     6247378580543314691247405438815662038398482646443442812728823870877079     
     6512996651161214820060107464885071661719970893886748722289153505551173     
     2164245549279258418563715173793644390725219221660125032225315248392546     
     2872561388068987535429065392443330182492547114075475705422811518398658     
     7890675979301360702220878721040344075192806427165707079489936743292555     
     1264081035575774988779097315440829457895175442711326134265320164093827     
     8083171479503062774887613098699133379117583661940491649114738435668713     
     0583087174502279342920954698693945575801892617410355241428539562719427     
     6172479351517619056674849394840575791506428127901465331503276156873866     
     5433191268825510304974756846046151811426622783544775527007227570601885     
     7705721545721489937139820354261370305584607580172294522244516815496196     
     1419220059326408414142198862600418363558803730943087918510457631827620     
     0698776026936641877808472368949167891256881771354573547311775951284990     
     3730724150028033265730131693044143613659916790933208093750129072959897     
     4079410439339197228171893036110071488061705717233853120098551808360399     
     5006204025446143409802792507228893012255303316008534967406908661027258     
     4848276780580140069814867169460765369489451815652013661015460247375734     
     3512820913901148929533313071848593071669672919702760220411274390064627     
     0238603101381958018773026726286265444408227709939605488278374098785425     
     4715838904904402210356080756517865262464467434115552718707998596682396     
     4217249732326218409837980715195368515820788555714876661047706462436078     
     3148803119098703151882386696788133012206193677336856181724319390264277     
     7046975203985722044536660299163301727501103309939691524432507636172450     
     9461516205128556409475685555179683975798446246923317478812012236431497     
     8891165256766539809728149619809001256846625652381090379534641782616311     
     5760783400153669701878016292330211804339520017800431454145644512476270     
     4141967797127137703689102246341759932791949206356617764645761385900501     
     5430864678507805217729422093121589802604779127018379636491145597444078     
     5959834272017864981852115863966065694547288009824473104521369653195637     
     8802506863217073078978850620503209754196436526036528067092785680021068     
     2990950540491773113187799647403677665923970281771478321126841032364851     
     3089276408717904583106032401073770016290274597823279928511944907339689     
     4085611987601598272826783027044314392026482835145200267630995430308054     
     7610412779977682190141493367427075168126028402150920754461004218199300     
     6861788732966206111778332148431631829983514943658686077030169411879660     
     4714153866572999316975452180935195744012915805882846863672957911860872     
     6780355519279931416181198114557415601629067685149174262870995209005113     
     7376970750285731053685685628935403129988780879464897215902708659269623     
     5922629212570888452352019855434959849725082014750096109796041194279649     
     6060534583322840613251390043161065378834218119306976050147153853404097     
     8101911290458142798183919032987502300451234778762661054997878064166633     
     5048898421003617529543679136915255879609245788567981028784112118194722     
     7505356035934365530851015985833162085524589280185334889957293935402895     
     7071464867028615577023128144144566465217813469830864396762533940977314     
     4923783789940454947843711802175158635024891295050445738734298560453594     
     0552699750236104789171256537105683423674196978254605060483980079908964     
     4406532338180146499256147277831035039519361886542635127723906252351147     
     5265229441543579856469167680716850222144597415622002249867095097110398     
     1884828240566605331266754091137454867107086694367935577089693919625287     
     9845138873642261831995699602524323360439875457681899510034044069187855     
     3138488446802894921893264456988086783038203417998384376845179785569379     
     9523634649490436066146143353413045978400540121334014520936131381805063     
     0249284643963516791732608039308220872987298733211061859410374681973037     
     2745784900135122115047075335462401132497665933064673932623852215502160     
     3619123180610923750149677516425496923069495180778965846473453119503744     
     4250401093096669102504681164963875388953294058757706689838046727045058     
     6700479889630398944955703195868223018463280515752308583993149295549459     
     5796257396823723250511658371753098706476922247112982992059581552528084     
     9421557232061247194533024200885659297454251397630482261373845184384722     
     3506453052490248625216156185100525374658113399573880568347398004089710     
     8831305578373729071948647430631075558360381825198050876040163868491333     
     7031664721715947071403993024281841576778770578899661347566523126887099     
     0537558246314777741806334301842987704009145865909042798036170238679689     
     3718922137468560551197804214687421750511552718122971619400872188259866     
     1739945276313899399325171593662001733995477766690732216562390394107118     
     6516647233000315230100346942617691134272163050138995717417731745694697     
     8039039423490553337405166796714696568487810353114814956028120489977627     
     8382484586632855759556986652602050594646154428806497755812038863755944     
     0842932944881822002236283162390831909096660567709743067998638494324036     
     2577683645919578967898330014754763266109825740357681838886842020242087     
     7478732498402427009950795646911463820416956644561650765521169971568815     
     3435857799598692890051457820039924519209494448883632855702808230749950     
     1258108572184213894267474042757924467001535541462668204005044193435851     
     8650173321297978835421774194918893784728399285954414316459426828858661     
     9661883121806945354666818136529847285669612257023973165668867302431877     
     9249559126581589577985611413411520692088442211463649221850800847020421     
     2671381923872982725263401095376938630476909985711732995647247352480862     
     2745493409334993566301357102952193478004977597791270392759999699479172     
     4812734346558225246745050191394364596427243982617823000799454487144147     
     3474816939396411506891705890331280104017376873692011798080650458693458     
     3010600041250792025874426775225789922778565551092272933625556205870301     
     2885186546186632608066172072697574696826589026617912775793003639359452     
     7465160744258836844916640764143556004773795445271911853229772692890447     
     5371226902839664413498398452860444331346205924807923336764886791443986     
     4164036708864603169541772403750923565809322581056351050896183644951493     
     8116627507458562950905809115244692606762267862264038961554094473283544     
     0340610747599847979024774308332970008845413172777501935245521565003671     
     9216658419088435842273480836148779336588162549719583421462795092509926     
     7898113805183542902548439191043930181462666887601555573529585736114243     
     9718193324135648962699463906958391334330439987996358002203465073960846     
     1749666755484255442647085978444765047214787480901915579530439112581879     
     8326216259394494112912572009780705765678810476129895090534844687226323     
     3886187272490230029244130218778191205949954032685877726078225597306216     
     0791161165016912888673163474568262577527867434261201940571429411405680     
     8145379468918268560126555071221144843249502241851601194546100450564429     
     1201068422720172120579730384977903339868371296879261873522497091603002     
     9025552650547466217388885015442448159597382469406831703429041340146886     
     5652838571564930557878597725729487715663829614283713225350490126307468     
     2430838150094153005871720540652489791008602355381071452510459957847732     
     1297761934766948150067826432756940204700971092229144080690490862998087     
     6034759379129051948955415191190941980792284393237929853327430006940813     
     2411680964033017174441347287475154723202281506362321185743304973226038     
     0478015209704867431418091207087151179166601182209324010812958659880298     
     9647862682278698907690456898298600625186557709789144459804610619706636     
     9361508518322846435920734294880602844718416981365852888810715117745464     
     5326583750861882842063590442108393215378561503791200562169854189812278     
     6184714295672613280708087675952545081639974947497267685167521911263633     
     4485203946705121634531360148351602426878078736983145469522618336294327     
     7465008963459132195603531019044445289552877250909795717790375115825256     
     9374080482970373431333495212017893793082462265724729783290242574087938     
     3033686190969305684919997674113955301541695326117208389128293565970138     
     5377642290727167588010479458641614258524946676892943101520528638245275     
     8374574314271459875445423139843785183751323556106181019190614155115585     
     2350923252942088089682943964968555825853792217781753179061393401429167     
     8407869001472867697117304133965346019843811451799553539517222338970559     
     4438676413790714374339600209616401734163023492664826510056421083331950     
     0553535977985048186819430245882744398334987968871438214459235386729063     
     3971441626861448963356909785661340664400567608334893401229593023381114     
     9889139097358579710807578203807794418058395017121081263354675186097973     
     6217159866820379590544245487249363332876674653557176188393618632542218     
     4292462604393334718195597002131516485642986675085863386658695641655935     
     9619133967909273515095296122053901308961383745693357303997753791458857     
     1274555968037841223624154489712685898773256910548298649853347605667947     
     6880771291084694270952328372710744488587472062568805640686381550294540     
     0460412042506096802883391939491295368496930317879544102175559979218189     
     2101995349371704106686249270396688500087563456781007953579034030022453     
     9325982925099654808501534408243662345083215129306800270314081418566573     
     4199355505970362447015551632094143437744313412720318695711943115017230     
     5882653869097647260164652578995733768826177946004483895945458151292369     
     5077250336445085522273315800410748553958875266235037436564386238921075     
     5523897244787940495641937074713113706812209161340984046929058916847548     
     8941355953464713779029595697270762176765401375748149146979347366379092     
     7751115108292344475695455956600063422274627910607202830241645111505518     
     4552780030905640105059612011769731598821741087880952288576858765201437     
     5017737327946383739271257062045969162418602500443441358813944890172873     
     8051480151091288600056633670432919418218496631123009069369198913429890     
     5708559262964005202128772055411668934056888101842093218929135190963834     
     6895980990741601119445568401138775819357348097281688350448098711860401     
     0673954219716239827255586225275437678115571248935567012515242998612528     
     7655436075883763197740724845846827247930317881456455733428332724410050     
     6488815419419917428945880324177087097190669793383505778665513805293684     
     9281939693684622061223266796268729721620426971851000814255856089010158     
     4913742464674613485909174628596582276427500953113874267951458532128259     
     4394488136812616905760776143401031881828286740757707099631831916301787     
     8797151691536694487977269819698176388614958219209071079292726641525324     
     6393055479054133449113251243152795467771077835483795443944502425410397     
     6040630734356368140929785929186793724657024174190852734624100817916869     
     0752249552072164268319742953441105807010095769750919408852667148955502     
     3421368306746216826613455294351695714289728961145295399131891603588952     
     1650582414178394713424743401928518165152501082962335043415024218473368     
     2453239809540531504036894694090931947174897143266779394381201001535827     
     2469524112950345340253833029552809015512243183783491443236454699063815     
     2341132629527556247358436152812290773529456254784775144428843349221792     
     0544249179842839485952136381189971836469159050457249555131389490604910     
     3145161302300626175474056545659074926842857382889616402690432176743472     
     9290260630288342067822704495503005659972933666699295336952018987189535     
     5746602470784149520056750112825211964105726495615430033224528733542083     
     2897456206621531890446679340415764652721724545490008781039890622979608     
     6758687211058096260032363463175629454996392566335680513625769828988037     
     0344175140309418628445111767217124183969782274001868041187570999474315     
     8936826148975284033150072199277466963784048027996741549521478664440317     
     8132036024858838796549525133658637901214910349635485809838172111282989     
     9191153456760687203216626407261272669060744694367961285957444275095928     
     6275479994955098378430988470915930595072726754131296842078169554816339     
     2118681724386731209574425556824645131896088970498035138567975994328768     
     4096038730592253419251209095626098453452173419187781404887771098547313     
     2512960900735309272334493830595246327611678720196068245459830026190109     
     5085963918928093349209784661498396595956876865482662759101703344130485     
     7128278847452621844759282642174942934199659730522646726195783018677878     
     7604085823273131622562707026497197799035492645098124179251446556791882     
     2694114452079215037026178512623316484800873841505464818533280936097709     
     1843308688322457193303232851734324241520382816186895730497307751554328     
     6234289614967675422252987833595810465910007965636664864355882445309756     
     7361503827253295205850876893566680238229152373130272037906472927212752     
     1282094467869699169160920559817549283416512951613674198046116853660123     
     2041152437957742550216262283203843587726774261670630442389559165409788     
     0121933996517339346187464727530989892779020530266942785386993143225854     
     4123565942874943364992010509008808242561825123671015808490986883706444     
     9744264921247509377898500131490594519949630058188510833846795275239808     
     6873939814980883154059233183817936740231449046941239726546116931577584     
     3674109705240548042213898937593366249605101386021581862963144816952381     
     2065012517511418601808777814360602112509220846709983773951243114379792     
     1751622086242992961779904159951287201530150273476613416279368307240469     
     5332513296057399484564710226211196808400267403457276571887873771425502     
     3199301743352430549916823409759103223297224111479680620741640593170936     
     8035362940710703127284167572351162634428051175961910895822676497789777     
     5227633736485293256258429808178108688642279292341902531877007501561507     
     1890745084652789991362874312539049320259166120264430903219139133235805     
     3768655119044064922723965778463393260977849141953387342956148935855985     
     4095848835300716196024976222043869224826055306587803792881950062541548     
     9284691166005674415573963563169239475804822342930334457242773482989649     
     7909504182798485326081158481203577228701512478632069660247445515198862     
     6624852126632847553911464541058739453759029875288608417068643024852317     
     2697839124633850332511539060699777777263570092471561731020766456931873     
     3474547287685188638417140427371380292045103236863265464950935905737445     
     0758490168503088151725625802383902390573288927713764939266039108720427     
     4617489984290334968096797340598219478371977552135149498938562503897782     
     1076331544402681328284833043368560184318827613078669505712192338512379     
     4698499042893584315750205602317044153003197315520709115011428059378059     
     1936782455419901240643890977066361739672661968328539007504887648144011     
     9426359696206399505058948156803167306968793385983269969104972654525535     
     8480514738430231289719714586733653522911646592810851518305501900301067     
     3265408294156501571498302916388155456630749992628236390340152073609321     
     4256492183146100234596298189963571999860040754205695973558025577308517     
     2861545730297629200296097000188817534171752658789529012279812864613787     
     2734405114268706404916294061907773688471305929298462269903061653798890     
     4092047679230535078375397385880884058422662425011680997720713021939295     
     8758241361054966942929773593790710759110602492186714684402829817001810     
     6581730066549710562587232978931803302472963619430660193230408902697318     
     4469343105835378357867539092492496335388308596958972301141232265671089     
     4013222162085570761506000874645833932083518387218436234180582444055770     
     8677469551945703915811334185535121792289958290112892503445881129713178     
     4526701453162544652492106870454556464351457195078987622258208546785438     
     2315231222067848084008000680336663574945440530128560972763897456543665     
     3349094150650109398356354538291466016732381912090601050780551314864458     
     8695233618209033939450213279050350709498150328818575531092071965244010     
     9444700830358346221172436739907554986742002182325991505943419804946412     
     7258176657234559493577567214823987381514981292244942051034253271313780     
     6009322016667354315597080794141219132175814809802440571100976406505283     
     8589569264675288845853206195275143236023565105254102885566225476225913     
     0863125020277811581922959287419001608078859755204088126192529193806244     
     7877518761887005237399057708262100963813850413944787825317211091763956     
     2871796100789065360959564131932305170009234094292873303980156260074676     
     6002058161057151515503146423211429024618546688048543131973977526226750     
     3247237352186254138568432252768944461696276374985160089231739003509131     
     1835081745493803798921121848445548162524459948271121390785048539242542     
     4176514305271009619938298330348478651785096123587998327509372176492828     
     1539567636065528703466996553913884164028785506530649516474411049974567     
     3217008224123577415273404289668556976430892024442048050584915147633868     
     2542899369387275988806890650612419277123213069541550327372881423635690     
     4445080662122754342687217469506921525731881520263616045058402979080891     
     6213463421439601283834948104934827600486628125793423418853632792685549     
     9285053553828465438827696868287495465239276988863050382927136916094476     
     3550223043442375371826555926907851349949829968078567483303641412291172     
     2969105346477560821616918111043829732524073848025545117932717715325078     
     1038622927156280194767004244354734381541350672997686282409815948823957     
     5916956261676298387540350093864147919621739682030339137203557957226780     
     1206520240484087754885796284775939380419757047202429308443761075305872     
     5021542196686410259256112070243845117327491954523598109573712808975932     
     6112221754537735718628087623938421775343512704970728219632284731105708     
     4701339737979415416534708421426950989949088170928394544576047365171694     
     9734705615613863681254166167776223778091868399504691142471566433787200     
     2812267225554538544276650519075042291321156338653878995697240463586880     
     6106202569782702773197163403929872552932094771200000000000000000000000     
     0000000000000000000000000000000000000000000000000000000000000000000000     
     0000000000000000000000000000000000000000000000000000000000000000000000     
     0000000000000000000000000000000000000000000000000000000000000000000000     
     0000000000000000000000000000000000000000000000000000000000000000000000     
     0000000000000000000000000000000000000000000000000000000000000000000000     
     0000000000000000000000000000000000000000000000000000000000000000000000     
     0000000000000000000000000000000000000000000000000000000000000000000000     
     0000000000000000000000000000000000000000000000000000000000000000000000     
     0000000000000000000000000000000000000000000000000000000000000000000000     
     0000000000000000000000000000000000000000000000000000000000000000000000     
     0000000000000000000000000000000000000000000000000000000000000000000000     
     0000000000000000000000000000000000000000000000000000000000000000000000     
     0000000000000000000000000000000000000000000000000000000000000000000000     
     0000000000000000000000000000000000000000000000000000000000000000000000     
     0000000000000000000000000000000000000000000000000000000000000000000000     
     0000000000000000000000000000000000000000000000000000000000000000000000     
     0000000000000000000000000000000000000000000000000000000000000000000000     
     0000000000000000000000000000000000000000000000000000000000000000000000     
     0000000000000000000000000000000000000000000000000000000000000000000000     
     0000000000000000000000000000000000000000000000000000000000
