     5057823962428047725830356327124635302616048949185724269282207900930695     
     3599403484260885389988844557340465140141846763176461629015030858530423     
     7001158560850071380275285826965197438548139663895536344951041009256246     
     3142875523116860416218324561884856852634736078511545444142973649437553     
     8400181333304109993130954808410716381438025001725612311913504278267797     
     5761456772613475596134806905770113078275766529086472544850940892487354     
     7357130896761258356580419935763709621101338728794315465096891318873428     
     7883195983884197571691251284069913028368321259079905753944727677102661     
     5558852045035203752925321124684105009851244315373529885298016407553494     
     3025159486481774945590161904456844210234002597938754083466964808996695     
     4069306176191265852864636327940488642460363456169121684766410838033742     
     8459593439128832909136227837877526969123623192702483687756630006066564     
     7942669207136182326724252462723696325559609327008628637903175843781511     
     4615251441207799531405679270645870169118912955073852390633257132827247     
     6332614824321077209633234289787770217980830272461815473334520374687311     
     1517361495209170843567671488690206085765852866065367619818414570092345     
     2694679287187569809594879951922831534223422433678473319301309676705676     
     5932124203256200979088893767276790768043745539074713850648803841116419     
     1852379245239868083786045797788713134449160612312035991074098768962586     
     4437738414025755023161110075958301470759022923933454925376001249240911     
     0661416998891590505629733940215285379323353890881809332938973755253952     
     0497348538335973355426091440951656258603094624388175180743995874926051     
     0056443317851404488676030492083357224459892559792606935438215079134894     
     4306772916282335982693908656027622421792329240281325178409451337618433     
     1776837625529071537094601374330783340681767737466853582987347876192570     
     2860342869172392529922449124471556396452269798802994025329654411655276     
     4413865050434464550405268666299471973329734145031396369822577011820426     
     9116727460774133525852776794852902577262126183135441342301646348246694     
     3071335243508562952522048940613035383536450014225681540571633614962378     
     3711945749842031749450057488687943583045554243258093854179199922935597     
     7508044845333033358833384249575288049460547666804588388033272486012033     
     1868160697129491756633472954248680167156797573318437046864833057993722     
     8237200260186807549338935643711203443326540267616336187229930284830123     
     8099322496686773363410669026007485381026784442625096833474696449939992     
     4395196223631276496403927265265932354346733783590218438205927442434885     
     4526354615923745940920307941178515671378983405454521458029827997504142     
     1162580068102442951509790571755783411488351956136290941101355424039217     
     4565652792370990128021132110901731540573569670811198886564782544388596     
     0311932167323367550677784951445645250861482199100818839940469603314877     
     1731164860720774490544098052455399864565530800800474979157418302591100     
     0459215517019853546597481342268920828401572517094005592301262967761733     
     5008768623682635639894653586869145557442613848258386533379508808896811     
     9482749526634595197787090696798337381083083088851494885192346029656953     
     0744750217293353491605020670222058767937296008281942766213232547348914     
     2085334212174988656214443084019337227305647993055486846041564516096104     
     1120794167105995264496723772852040645125746952328426061614674411488252     
     5160269304204228013907955501705663433769444239614033001605179454183228     
     0210072640374602028039145743277030906206046056868400315280479609256802     
     7200220672994156807170738524268153308017954169619205923601204564175453     
     8167998963599803339608391718623314831284620901438673627675344269765856     
     2836553958058092440786309155118059455551569929982668174852088046139765     
     0991767285677790401809216485847359332480384695937291941353725321179256     
     9935625882969625525412351446736404219359578283055986644685791457500138     
     9746360348928460121346916288266895146500035833829697016227080911104952     
     7419308673922859039161919061929615573787401097475625501085763271337937     
     8930098094161950953354510386089106772350172892997710574184823361398803     
     6655499797596152484963191492251313899533672029045737241877598940810471     
     9531670856001893835314326980303030713616961490559442543599625716159942     
     6179702025262266541584381033745929712022929274691274960615226979935110     
     0627924743236038269988323511281724313759004191451836362096124847633508     
     5655552976348931728815622618708363451863709087189224743064270502988865     
     7159220100236411226545075836539153473130710624024957080251192611920682     
     7020481525133225582602222378134851902668753248401814864766067420268642     
     1866855164931384012150095496948620684143185808198746023465299086152509     
     5540347443361587362647408163884662934060056480924770855537032593008564     
     0143544187083723413628930898403138355455603899737387149662793865057347     
     8215567673233401848482713113262242097364490463829559384279489758744832     
     5620327867264544909328372818497602806904297935712518532308191003546397     
     7052550517264702153009129181559506599811155002587832580553553326998149     
     2710539803198417511714604482434133114278556751951046305584714782836991     
     5654659743958978292041083980536625178578753265304107296591477903478966     
     8991125204725342660004981198598543700642950676349350768135102920223852     
     6763111868645153300313399184815903371706600111492979241428997145192598     
     0471365495447595422895870945390489537500055076792930174856456153598266     
     6341128723548219527912836729848469135600649100832560261941043300208713     
     7530322167896832011317373118162308200529568774375414324425348646238039     
     0352872724331112779344779207786291459925730279984361894995225702268230     
     4428862194825013326513517703874666626280936827774395188302071108257399     
     9604027442131734187936335278021678330471805641911118767330911157249832     
     5093123993167001124503170588632845732304259542668298127827152153223010     
     1150540759735473748609145181093806457764204960963422671915884826223618     
     7788413047002976410833664880390765829624716533974139866088626739565231     
     6586221696128120295813071572996980265947170390143275729987747320058263     
     4355252637890446654591946106514589854147295307433341967969146120868613     
     9168485206868544205738765278487084498362377703626616918338068266028247     
     9826799354602147298499322174137820628453830545086571190396892706590013     
     9000931700970685687417456265703606666761913755940022783004502037383962     
     0182555169346309282657923428388981424547222365061019205143283309868908     
     9761722906846558226821123591205835781177445118211128443466529122544284     
     3303283620842454333374811567751563258763630058171345004595424044067234     
     7046414753130496899316948157991619734973956033274597482481348297587469     
     9076546233728348227125894067262527469581295096698199393487079181655682     
     0188550876013903796809482563383719464490262889118645256988883892345120     
     1634609213262825364564906497560470895700782752187665108229743292898051     
     6019028822084131119369871727054447936811593179232244812653665773343052     
     6687126943747864635473369524369762231114030012959910820484453995944038     
     6421899629651627501011935059656293151561778397580173706438529779060467     
     8019683867200349931654523820584151972423037159867745788416659956270898     
     7963069256835737496252796832074868148294727267742927302672406677351714     
     5340935657647752533415836177055611890352224523344662184984793087951757     
     9071327422300916547999618687452318587321409369744799000358917728072025     
     7336733998708821343200989472457481013571162848043168462519457443890472     
     5694660785416023443318945102519245292358986385396336892435919271523118     
     5059873984537834102237290754728455475053313439799009613945892895260223     
     5849502685557653734549550690958279027254025725195040036133005356812837     
     9208833449828479924789579322327578362830125054580160886793339596934511     
     7560862790926220088982587365185789470891420721500165904755593098040605     
     4491069169066061955753453290434622750379132893542301272439796786243716     
     5542411690690138928098723907284515282412651490289733537820327724652555     
     3204160783131213246340301500336668940361190868922263765964123148019415     
     2379678287218867985331378149497072539551076484499998460127516902392610     
     6213647687798918637195404789910489622369035992860997247055313717407057     
     7561605506984162991650844397339091923689132331113016013527904759638931     
     0341980368667017516336472108442592263143840175067104226505992013285035     
     6674619308238844403271460902197613153667493183020679581709445426632538     
     3607307430026293016238856237645916642940414741727501477338369787808415     
     9269143005981125448967576546353027601582583576639879468424219487775573     
     1530543334635190268284521085769315439130002055320712586356723294655200     
     2983641155070008537058560033129297404589253907365786081394131761747581     
     0382213989255129754914275285449722446132099143378013744718225175938051     
     8844808561093856479550896180551714136195233919763125569743185063214511     
     1032366547124116726759804807049963523641698615956376535973147049154213     
     6607306987506124843606403057009155907759339331050131526604209548740736     
     2119267712760458289075002471360911767125605457381382116468664746492168     
     3391719903881821085625086303376974565471427749233990533007858120467994     
     8567492816496121464430447463953067864825484916656371076943398073978507     
     0239300938470199452273118853822251912104473697649031135454671671781735     
     9333342820703811300779724123457440094147595104041121074339879457082615     
     9498225381246646493192690215904696120375113408165063404517841080291921     
     9825425439186079289983571486209304732736036811777960635990259973556391     
     6273803269853479231360939536118746790453943731746555198356704859274509     
     7404224157240624183199857321086812897362400382684684335339529337854955     
     2872702844778418949492004246849443654233876235719754758655294509115040     
     4972614952031444778020232595199051404447535177628111262775838002334131     
     8081389770450122529606225831144198577842598946813475004954800309432798     
     3726373060052695225414157932995369586679318717488281006975412678974109     
     0361856903847416575872826604082062968607448384156623207556451691596446     
     8252852944558351938208732933954385929124535926987461460759161974160989     
     8919146980781868126166345488723097645563942155095072790392847963758919     
     7026682698857215286756910125990812666101536927738741280450038375928038     
     4449832489624034701924879863411713264282745068237463767636956802204728     
     0898064893792667955177221620919596946241938317638442999706525617190734     
     3688927523215028778654426340150117832377142850280844714750924252142244     
     4869259977769011683924960146351275414678278985009453669930695341834390     
     8577978340294942367520131873254188974653136805915313864268078949418276     
     2689507198586526820783607394086464111848644017735053345921951249601135     
     6969056661077055847149174606911145529696658619857535031143417341323724     
     0767648982309550284253879775599993921390512970164034641342435888344289     
     2529877878193510647379673202859127060253589142143474763549280578678461     
     1396108771422265644204832291888155192299713286315731059740764395178646     
     7192190489680739320504357663586987424602039672363577936842197849864630     
     2064716026695481634010269551230458383831565314475469177835202185941567     
     1638851419318919262192369658797924672736200590975598645920565709503608     
     5315706336463067944584104104238048524777960834702115677871933996777918     
     4883500694733849917276100095073132634571324236128198289777877848348871     
     3969518856881822843138367863613951728746035249298045665280000000000000     
     0000000000000000000000000000000000000000000000000000000000000000000000     
     0000000000000000000000000000000000000000000000000000000000000000000000     
     0000000000000000000000000000000000000000000000000000000000000000000000     
     0000000000000000000000000000000000000000000000000000000000000000000000     
     0000000000000000000000000000000000000000000000000000000000000000000000     
     0000000000000000000000000000000000000000000000000000000000000000000000     
     0000000000000000000000000000000000000000000000000000000000000000000000     
     0000000000000000000000000000000000000000000000000000000000000000000000     
     0000000000000000000000000000000000000000000000000000000000000000000000     
     0000000000000000000000000000000000000000000000000000000000000000000000     
     0000000000000000000000000000000000000000000000000000000000000000000000     
     0000000000000000000000000000000000000000000000000000000000000000000000     
     0000000000000000000000000000000000000000000000000000000000000000000000     
     000000000000000000
