     1983040324416304521811759979454566875551273744171290247575915387755155     
     9727347780075650977341536411966239891522898047200724925050542566959351     
     4803454348339742062274163147745147455620445794286473523552866258003051     
     9767744822180954990332951302425547307031090469351557485442142131056070     
     5013046103822574399092759571124712075191861061615840154006705097469976     
     2300776910006069502144577960578325150795845338542864328889263708660847     
     6708414573510667534242324717751441172367869856609996989675646081268580     
     3779918764601102717218632453050254266758510998420965885538685639633347     
     8717420448130808692936434840750169296968421926582425290101723330601641     
     5635324418105011229191776904194747466984685323101628197517181893478883     
     0340176542322951940013546801288529535978476705086975647831402409775359     
     5191137665528347808279493013385200182050521123479734411618999123833248     
     2807437817495294482313929357453450440371886896963446485004902714484338     
     7717334856961316716422455329708031696088338169662159335480284963911303     
     9589728107405440809179382555456654774091178244699521505113147903844480     
     9634820876538347091659742591086556916919720104141390354212784855422415     
     1232680549286474711438998812979540320480695937733352380953030178890995     
     1409133314717433681918210449405108288226183821655941266578631412633411     
     3879399780707010778369509786926633608243300688866343831841109281630166     
     3134547340333177335703771197338607103245047910597410177682389685759130     
     3268402496388770701720671300334302612883616744937609041487470060866979     
     9744445458549009735516254066806448778093836784078257098200505532430746     
     8856310447299418208513468727931376931654598592387570388784688133052784     
     2742166115589990184162449066974716731109856772881216119238004284602633     
     9099351735373969559704431591768292893469461570862379588488486075740927     
     1191740729263722991451889856344932354774908565841724985952678633261322     
     3747113386138246759079123606456328479408407042897883547763300808241978     
     2127644764361496753837491581320486710880683068259267501333735108077065     
     7786518243477418206198861841585721699838689393859200498063113935912842     
     0410048539863144038282435501457012958692526814605625660620742297438552     
     2443487367503136608632894227494046317245832665745017848750610737271401     
     4384696251552622447092218524317579935495399155096476906296971640395544     
     3566105479265901239825843157136467137249167239094302699333168528929409     
     4591909742584239793330511224495774802709584871731618710371571171044015     
     5199257340003134576897567471662092487261628364040190621412875617900873     
     7957896053280576498867407953514773076256399017865851667941729211312854     
     4761505973763702315971063307717436407424286015043951690272737330626140     
     5772773276163669224240809085181087294494948982590009254122139000819567     
     1809059415920840009438871992684070506747491514368868219006184800220954     
     3813493411682569644504764920664562419721243728932327103804350440620846     
     3647555092706082300526023579999272551041278132517309613425116295053611     
     1286986907064729301689312115015690405388025951064021043998011608952445     
     6231598634422506163615176796788147767576134750305074320047370024644287     
     8741302517279829359664496838431152218086284028417947712705836310872783     
     3224457490780374632822319663316304721243966445107586830209585127864646     
     6182652289425994463835496429173460580461002321161732538655601085449755     
     6430353370835088440846025812016265482130095431117131167095183584674590     
     3584804880879906442980563582069894893731953688273602869909904426673488     
     1409135653648656736783181852561291395867383808130301710909766030962200     
     0995981217933160430110050559494670019737028319678633848587292692284319     
     4762887849964535762759547846887861467431870571525195024978737621408550     
     4797242362027878032191423517482802093671518187249991218880421787485045     
     5807470196856609074865840358458466282654000135691548873551812646415740     
     0324182098657840700240087691937047677566047562892236448830702615739330     
     1147597443173623644515438100764897986049414187781717558946420033336097     
     3440493639735962108827326199638586248037063835064301701451735532086955     
     4196366938600265048198012029741078247514112735099686295817594825147169     
     1600711759822925623398039576393525279196451743976393875625030274754179     
     1375822737169620928332878960571630611588256007484428893471847037085666     
     0316556649064232239615984802938392039329560370665198308511079009215441     
     6130155629080624712885929472608134535298505123055394394261768562060338     
     7284923065785337291317950062650874636382557627540464731984787963353443     
     8266928206632107459815798156334145609826429003318237150362923782116063     
     5118516256987970961260380632930851843897493546872658186089373668272455     
     6351507506072328091947128604847727684560492581523330082187386144693804     
     6804362924093053720247206160039984268621458475874082550810346684188846     
     9145733544271238994254787428614889760416730074969831929803103348357990     
     4642782893945984272508502989454764119364663753375471840371438806286998     
     2379648340131513563869219657209465431804295593397898077720172023723773     
     1933055345106102784560991531706470102143857571893515573833905752187262     
     1554140207076003934611174696943058504320410823081533688015021353120872     
     3294202328436651970389364037034764119770528788339596319724861644360140     
     5993835967997953599907807055848650964890712184562476781944864421229766     
     6293679237126759213573139355877151881793054418537767776490059677526609     
     2397629411853663977882114747790721284912028164647805125432451853525360     
     2824577205812849766724161604568517651279470230049240590009309117348973     
     4790543987421463754651827417111668637416796703201309127865530933796904     
     1010264861743273146305284183712761053832738562167400742123457318309003     
     3364808103567993469175363353302904896049614856556231999701701025859309     
     3454729951416123986663235445257087309920132571600047702140507365519288     
     4709577955744436451718359664296357379505564923439636451956305331760228     
     0203599920673327842589511218752101522443997844546784419599021620662435     
     0372565179411383747658437819362120849433394592413750493333753567395358     
     6573706116622432264462406187396202494884845788907379318600554166176622     
     4870989782727215588779396768993673466451621825908965118444867697192835     
     6316150123293173293910454853369807938210986148597069570492383278180157     
     6104585302352743726878484515661599074542027502234803771413141128544544     
     6150999203639580602499522802350214243595315371944690886700785574681970     
     9450708761219447448909990534677113587030905993163003862439471092819036     
     8326355546583310778636369521605843807138871562970346574770896982573313     
     8602621225740690400883451326544459636672183654003926478084635064433000     
     7386336570407968265393494781930981961152131813329993440252703865365192     
     3422298130627643638881252349305089652618537227056138289589215538304314     
     3716483253913033027504725880074293551927807383069236236813090432468903     
     1294417572915068531265816076721584800640303571482437912917204842411965     
     8561813224959686421678902985022506087125816559205688884264524842542853     
     4795945598425785591858076927034759572003444995833819449668346036980392     
     7706166599549230282309514161390123686843104259526057763690427832248722     
     0974502467578815203738257583106007499299329065574443333339730245835489     
     1844163154456692251736995880437139491125678405727265120163316389309766     
     3675943388620799738869641574706969485699582355675829865895043255159427     
     5754189773676907021981112330485336654170739289557052830600072044313747     
     4520711697605847328423228331227188514738677072894964681134653363194647     
     2408705893450463764992487113570956921308967260512396568417366163687550     
     4003296679959290647252103425239646994804136238296712829260136169670614     
     9931031633861206236271076315014073364526949411995715204925040466349386     
     9690989509683438423845776662436959186979965908740008257583209334304088     
     3615292893280154300024221379541516192217498228968427055933731218842233     
     3230805217767131434757824391993454757653113300727710779341643593134563     
     9006197452619785942006241008663992304922494366631754085452898532334347     
     1117402865826988075546758655568569495040789672786816884709876340338673     
     5089857725990404151437091475266609812798151608824788923636918921877044     
     0780474050092813433242594886875448734173543269328075237025693638190501     
     9085121969873473769496433669046773515740837772118690964292121831221170     
     7332840166671410438788896191839798467555875018596350476384843006005350     
     2723842692287257290351423449177328588593680310203706084662990547253405     
     8367641730947723664009922528701808569943649339014305095223835667502301     
     5889377073635805782360332408682755641463576692449052960448096136919289     
     2195249676429686218212824824147004785891576701606040485669940819954924     
     7525779940100642432828661381738018813106422304125560649941704062184555     
     3975532577225624656300951190222584906707599081226294974317653731067652     
     0275119519290760553661592287578622953608044916790795064137933888179719     
     4632859315280139798385511190462224097449954820745386620961715273559865     
     9119533544578163445829129453619353191668714742255796738418355424592713     
     0088907246418730712623340344728935101872653665165827844643001143785114     
     6644105522155372408015349266209379979163844585233477001957855094349891     
     7246632661154941218457757653283732581498518325166080000000000000000000     
     0000000000000000000000000000000000000000000000000000000000000000000000     
     0000000000000000000000000000000000000000000000000000000000000000000000     
     0000000000000000000000000000000000000000000000000000000000000000000000     
     0000000000000000000000000000000000000000000000000000000000000000000000     
     0000000000000000000000000000000000000000000000000000000000000000000000     
     0000000000000000000000000000000000000000000000000000000000000000000000     
     0000000000000000000000000000000000000000000000000000000000000000000000     
     0000000000000000000000000000000000000000000000000000000000000000000000     
     0000000000000000000000000000000000000000000000000000000000000000000000     
     0000000000000000000000000000000000000000000000000000000000000000000000     
     00000000000000000000000000000000000000000000000000000000000000000000
