     2975634965594854925564760547787761033329123738306805714268570458480637     
     7073012042361041937767356497517577338586821909333768641224458600269441     
     6134854938868682863691943692357832179387495284299807947503471074042750     
     7522238750623696518128452974988090725293454724130872100500089026595449     
     3263315247238485459686379483954622970137112922681502712956217477873945     
     6317925292530743425104855064375797943362744983679821710795927867679290     
     6653112456057270381068347073831013454210014112699765591878219597281839     
     0018199900688960470109486916752993591458207958568858138552900374071890     
     1987649367058086528979462142816752383021904605536018183210322973527756     
     4563361543148049322849044593687245781764967231113558426761842253153752     
     1816445159857645457561898835791870561575245699461749202316671553524434     
     4849864534033261921809507559918201450584073516629441561493144024168397     
     8444786823141366869755114779957087671052173646106715806099711320701269     
     8392700791742817501096498062430947620534493598113010305092897289229170     
     3584922565481389788910366677025500147040491147876614389536796374676699     
     3530028087886568922007652056963969371295176530029905362791711780332993     
     4059965612603457209214242063173424596624473054693499814348408050187889     
     2379618560660103621383082338765981651039767906859658027206409791103252     
     3838159359569499639430477169803718721187299460663081324119076353471632     
     7318856456784124136318421117322155031846319325838798487346309155958713     
     1285632791289145489519009549030798280312881398820695428247334969158312     
     3056228227930519207818108262487547276165022455192689996686038324039181     
     2897752151935378461329371284434626880016221450590484019631612679047323     
     6849249494251610603357341099264374679740592606586338531119017832929757     
     4061305758971480297400809335096912423526534264272124539636216749854805     
     7275870740923589934368697788717914116411664944580792277745210255476592     
     9645222678998218198223609576994298668029011129009993473105056467250256     
     8588844760332832197010600065018966630386598706584751740653345651941948     
     9213094516501895659974362005499190977762035164782866133636740376929227     
     3370138303147224567267585883408424710971839100716176488181446079914901     
     3949791942124545437879125163366941261788030995095336112005000361390474     
     3025518880579681019227244023083282304885055638700251385378686939719576     
     9780340308764044706291606875686231736795955023225205370525166516551737     
     5241750745624483694518543609340022086560713948251039011824402705065304     
     1522488063958027569435693810155296724723609736158229821048683854182319     
     9818565106404320794223675232329783659457426813645011393566876631690303     
     4752432796267249751862205748774699895338190745021170013215105559760925     
     0893410507584841492330802727682082170018362675072383401341821470018497     
     3435327240956503487890470061453130175548051683558700406694774958867403     
     4383441776409375541417600861177222838993572370110425869810907647760368     
     4504005322274385757193390752815516851635502384518659242199723211104514     
     4712963875902779059281527050686360374640715057117772921340983047523409     
     6324741564970411153814332357040910104332515982849315270523144507676292     
     6701190455534841448019512030004866563601329086782252780033504493644132     
     0946282934966292987343179213929222824822814531320728049930368325225312     
     3189308497295903710956713399348384543106164198528291526690563761282529     
     7763340105001642595921885757788104089698545234749328460650120244274414     
     7622172834060677890488756365393598935946805564114230587402745401413159     
     3565805779209508730839329354907689205069708023714715328116122531628551     
     1566351945718656734708051177384156264679393845777901705764297513649136     
     3876703303056242336279997821172575418394073270029478795079590483293104     
     4821473162878386555605221516401253341830154769433426192571569465853125     
     2136968475917947334569817744464690168685481652272604399764347450082169     
     7275407842695778967448897124890410987036034913418681952247840219573175     
     0218175429816883841726869196738822831562858859542095676288375904976527     
     6248462720353183378952214595174307753071873870116957242644640816020893     
     0321987221082646758510870667668767672503397157216938063208529095948774     
     2827312948647961960784854586523224781266342045749957304277229129383703     
     1944113942455071991502406416799145749936981771607171471403239401117141     
     8200678982056128853668735939406779304262710425106646514709905014023571     
     1020418085316922098258208305196337001748888677745571575106848146181828     
     3899333331022114900710300786418110541359091183474534785282353571662789     
     6673461700869780867292524648161790498177854084101668726101858398148693     
     2155682839024118395815697093173862421504198285775219806548943571360751     
     6099120186711874828112025229269347479967087505831956583790242429245287     
     9182293017795875736344263668041140241820605305606104535079872697788353     
     5400128496464886550997931850829007622817625606624386448829236077194876     
     7451544786014616408215964349041676771096081266524109127688213963575060     
     8277823820662102398840979438666875398183040906553710279505363907381393     
     1681601592766124813588011474323378216888511137197031012151036457839506     
     3687442886737500462486580530335240675650884109715302195851180458977021     
     5738114457745208871991396751376064979071708264522471169111326325735356     
     0961632076584488200319940227882139910262830971192950454144671109192787     
     0141094574675528487597197522688958834927143132427119943509349622029999     
     0373828219455990164319741753214564758898329522033882838916484859386800     
     3936909418398962980903576353264770136131688373084945829263133240151642     
     1094053176611063408868305262600350038479877548726166202870662025268007     
     7625797964978333239022064958357326740021214892009594492905884296376795     
     5534993515127645787447213233104408530197798124619177703359943919846630     
     4170893830764447084325179141664840411104015318139231656656549642314989     
     7016592977552660290518029194265516058185183357553176009704242475412094     
     7136492577242414607469974230815365068006883772635392998726516018338067     
     3911181521515713784956752859332217254055876124055002669540365895354147     
     3869941032956185521343138910553586999786438180193930047019770266773097     
     9400606294680762929407240162281490042032507063353548447471877095136539     
     9777408025962751831903097890749013104943172867135429886390452698014008     
     0259276891158753625403503765406487130384101452493806134541764179431623     
     2393275857456630544937723704172621701190186288901856549634913005697742     
     2117343292243088531827237804699478728432811078893467138783399864279425     
     7928955846176805712164712564539138579557422225742558817589640762794225     
     2671554640026028688481194795008195719913256012900321743935621188194907     
     6694422421965173474868632292243266648495335931743298498377728205170813     
     5517208773614723785203363510395795723483377178199778685472819551270296     
     7264561220274944117860889975788955344939500159478160178495969317140833     
     0387974974622814298403088905610308323331240909501602617170106922243228     
     0198824888896568647794720106501002862168779002609526327446321194081268     
     0514393077159364052146726611077627816105327977091640828594621450279341     
     8434765017415150370422077355636871455284816490250386860353832058776862     
     7216048970719215029130399709895504971834630404152920757416060986394138     
     0314825581641837420976519554169236554898295064416833415713835875801443     
     4817652652638524542128421866673060631290789462594346238102752292893270     
     3329845464454049480390317023779311507678580756158600808053527245935007     
     3747042976708658928764332414635704009383681857804487372703224406809280     
     4784848719998250794147734333028271931707348183243267356116495020304318     
     8250636055372902951827463786429714148497279270729626039044501941397435     
     7687499506809652688623794341496015167406378247215439611157953871708685     
     7350925768381974983768432331662396074245213953946209997370157435989250     
     0497005889454080000000000000000000000000000000000000000000000000000000     
     0000000000000000000000000000000000000000000000000000000000000000000000     
     0000000000000000000000000000000000000000000000000000000000000000000000     
     0000000000000000000000000000000000000000000000000000000000000000000000     
     0000000000000000000000000000000000000000000000000000000000000000000000     
     0000000000000000000000000000000000000000000000000000000000000000000000     
     0000000000000000000000000000000000000000000000000000000000000000000000     
     0000000000000000000000000000000000000000000000000000000000000000000000     
     0000000000000000000000000000000000000000000000000000000000000000000000     
     0000000000000000000000000000000000000000000000000000000000000000
