     4109455015246370788264335970647971410065364848195774292023073440300794     
     9783827424700508760160783665066556496369796368412759294613889016590873     
     2779701508454872983992914345542447490355458933208647171580240712038800     
     5820053768402609621829770728899719701383566735776621030298420719764451     
     3341307594464711728415130348167271010608093133244150465522321811685724     
     1186393190085490297543705734462160748782755835766437380934418437637028     
     1407044102391801781883465981218831297881295452932081602509875882308323     
     5484026479844738330233445537220522592228982958851955120005087442338425     
     3031533323946791776128470106973898091771888812680028727162158062143157     
     0836591404631721112909504484134443870209402433609244144805951482265522     
     8783572664718083465069170001421083854231677811062370146932379497394249     
     2199732123949282122228818880400507634753241447528166546275778700208392     
     5301388649504945504863088858639796616968126652218411195082444347292488     
     1515159205715906266627395540238928089044481474364665988553584288634837     
     7407136102884298026308830846530934600454936219279320869678209842146386     
     7824372327273847558136829318425550934058318746847997944085768386357166     
     0948208011244212102082493493833362999968877386081047258260026271540448     
     0706466206657868237865995373523837608155536136260281628927197793847062     
     1404752745417403321070391772594151402025609443464183367974554042708960     
     4811886805015943681132324872061231869016681390833114207029010669956489     
     6974063112920654654471324555508271777667930185087770759272205391168999     
     5464053469585844625847906973236591667265440847999297879110221239853197     
     2346323784272623701154519991515308745303995920993973977471307677571994     
     7944213571610636805282755600227699196089090702245209532369603848642715     
     2074886606179284517467183754442548893129091964102968431962878906920062     
     0552461352914998454443627642679497852539181390895452044803266450111200     
     8063221253788867755804839876430804817629000657024570328106915172695060     
     8520568647379502784883991768227755091357157000673620443890006712214375     
     3423687161744776165095346268175548883534112198761925226296899292570863     
     0296470058414710566034126214025466076094405231488903022997195871999290     
     4134501286079230032281681038170220400934283093636151888267618691361695     
     9688015196564440162827795957224948943175418361652474542824023363987570     
     1165960087700720601943204604453781314591794442968998197434777600000000     
     0000000000000000000000000000000000000000000000000000000000000000000000     
     0000000000000000000000000000000000000000000000000000000000000000000000     
     0000000000000000000000000000000000000000000000000000000000000000000000     
     000000000000000000000000000
