     3472898806267872978411881924897979703165742274838047495944989602879913     
     1370262731942949644491093852789527200063153173558352144851584857454261     
     8403826523093484338900981119266753448564404418302594777813201898098583     
     0305093403279950330883917141742300559214462799128400514917145839193853     
     6226122826219935100176137776160816300130559999488632070745150383099374     
     9746413073451140857012438703179757797436654815757488867126125810316653     
     4072403197794187660299382646976979674562296669276079290567718175037581     
     0368870348110528257611281615534042098932643058726228725887038202409486     
     2485454417401628570754705571322611412003171070488310537086624365571596     
     4816039167043479096372855105891709377967860448908838871342703326548972     
     6267324224889645255658292858694565476741134711001294291533771261853791     
     1112796438656688303623709104151324644593428226286689198430813589399224     
     7343596583570711781509671633155950066730981692131176265747983080711995     
     5187206708237252337813030117514989065440829740177862028529791582583995     
     0484016636396350545297767403950114510868884748996041377244753299044554     
     7950715003113879494394386546499613884370154698088958247808082541782105     
     2482094541722218565615452841179155935245556590059657515742844666405669     
     1909748373039331536426105634069642568429536620994490323943448491854178     
     2177036620585157076060534300027741829980835093721408277265921523722663     
     9155636793986067549883638165401306450610329579739313353021068123940547     
     7728915348869554412433406760673984147097902657445888858289893224943660     
     8276513904565039346545238582326269807032348806114366468138271202147568     
     1828528508960354147875328418552156878737498536704661574789472756962911     
     9025892248996913840373402502826564939977335458825103441309769582015057     
     9364595739388562984737827843382913507180815584286957337062004945718652     
     1471754284882756841118759800563918822510349885633172766842315099299693     
     1127674288625596100606608518399219910970089985619227393517223318264189     
     8856603792065892986065422308652427296195818779137173906597618046850474     
     0650797762658289096652547676568698462892237472072330931156748858818460     
     7284438118996208390637584030476457957735080477903112171861181251021624     
     4974278385686106323658733906684416627330971026628237878912958438343983     
     9925506594659860835266586665744182443537395304086578422458791133197447     
     7523216560491678516376615894142798474076758704214883773986019042944120     
     9321404100221484027328180051810882898160951839904932799202305566552885     
     8086854174819285606374759479796857264199531261554987197964552839227526     
     2542871531421850622330216940390065627988629833983787732772775205185841     
     0490348859560062187057635165481685772231340135708566364654654201365616     
     1485826043616993764113701515034508992222232597766047127374574550528236     
     7838521903113140875574464498296104260235038891558804185392263262300128     
     4338338896640275743820334779457673919825044753328479327352520091670445     
     8196879513192509475104177823700568562637089144581688544093420014521470     
     5632237380445178292255252688917488998532455284495033236012061818860736     
     6069479507635076997590761075343441726853629357428118100862606366148394     
     2151947114600724962216058131747167425413926478388671085384371820410970     
     3224475373887905766417854603197435576749720327391696281049110205694941     
     0312917862906082400947747912029822720107543564484156763810819683502637     
     9890915295818004094602415689529586174773693105593203035266774068678118     
     2777938352448467834224583270419826332120952857515471224290581691597721     
     2585922428025574802596754078204269480249452502221930118897164853380357     
     4534279795520583305782617543046106368035830381178031797945890572407673     
     3868862241732827611972626059639524767470143556747994899235160048740303     
     0049133807136265291803480986304041256908410200027461218508436597583423     
     3972967187243961410482499842691878667016653796685475275235670875802429     
     6545559520925199835186540255184495130612799869937485862005188084281462     
     4702251128994935870434394900353973238410127790891252684571692019295517     
     7624217806416550970375147665419155810249439769407607720836868384994180     
     1661344559423319054332297073124443000340734062585325456774080896414215     
     7697769851088147187525679764877184196411428877846582640979460743439311     
     6624341753254662065216769043135889701028349251550511488255490393005193     
     8799926144738848813953178235987504447551469934628835684433279969795392     
     2401182915219937738383293764132192469931975906883079602768233115147387     
     3465150810970070301051271974323484596754712676373676403076207204277679     
     1848913944335946098227995639542507466346595970169554696857706288032967     
     4040102688809959332256412170308858823739103060429092803519303282623885     
     7284139003611751836041503270071239320425047674712604380915552656266152     
     7337535176831905752555892750986123576346847843351206436664521302995617     
     4889315467254153937459093026195954976975160789237988553756497068186948     
     0149584781446558029330514858409115215139047187722352341830590127996710     
     6904598053399068680573842436360267307468099728119042616200757393336851     
     6322985550585727264338370345161933191406273082923671503751673312969738     
     3353158335975967960313005364762000216068117562165192318353204575365168     
     6861822534461399548698610765202505121004943754736636447282929527577597     
     5199057232982979484764495120134896593034763732106825125185995879429940     
     2447296623185869326672937970673838633792821508054451489417056830250129     
     8695409111879909367630206849972524478144838529437904819453299828737522     
     1594277425770240559894136331609798586515093529080030807597712327917805     
     0055750180755286202874215454409634847030034783273768671674252043625740     
     5559372462264998422407185320270081915120451840257446155526287409089358     
     7465198307106672859606791855036502864696453331202627153736907362172652     
     5208061225155474570010663028428896223676021022506571699062207542888989     
     3975709863928169624519107089635608028766582934888893510481761338001794     
     9150943185690764767184047422932298888009009651695033241152391280436140     
     3286066088388066296262548201118366152986172763755026723026878011356895     
     7136361216971413281108120183962563890595957850010992270248483389699286     
     6006218044956562455740006368610797195757778707228857370723216799871319     
     1239716333523284841509486668500686502091405252829608692126077759277718     
     0451105276516961251172112041274110038761470209921186086872497571156262     
     2405479226048756989241855876085434122746143862841255773929770936869067     
     5942115300679990677375757138469833244572330125640218219933200014385413     
     3717569066358059230141403053182624861886364704377662045585693795797419     
     6055030869822718212576235985425879620406576735818057710475867514685936     
     9819747299824200043052990583063180375933560784671956817950267978286406     
     1104703732466644654527841357334209300587850971665274205219759708170368     
     3962512243276378186189464835290991014424426403711026909574488881967202     
     7507909926934723271462534294323806663466132634633809215904332024892064     
     8758017752850870253635542477812461898564866279414282709194463129158746     
     1069942375324492108619918672728817809380256196719029274194291919187828     
     8041217665748735353153681688642329256872052924729435074727161516412137     
     1161620950235092562566967429219556504696376924969138840731790493163827     
     7118891090677981787596437135354056735980873687352045537823381018445947     
     4171693010170577831108004143525672959893511238672499206159674743479812     
     3909029568093891190110475422810569636964258671238593540398547159828596     
     6727657897404110832623262760434530275217722508236521030407634457510318     
     7769914254018532773499633113324688082167831720587609161170296993778882     
     3612710977137928885746202780793646804585137434336570363149017181676008     
     3118451377947191531224019388841527095980462540136358128696593447099303     
     2634438424744288196976955573983963559838223688942458422859357645733198     
     7400463413843122570857118282296368992260054371698137364292310564831652     
     9256837076084185969438637034126476916403785652611660785415947565987788     
     2714947761451528678005994579441976139471458644370915355428109588313839     
     4655615743834927206096310481449717198368907675974018912238222483817972     
     1324999847307023813235762467153204033016212121767926112086922285233640     
     0477836134804892386746865554616623792527268978247921315010831589297667     
     4000380570232500107454497599800626343328119293717546025591409205713990     
     5621360902849261520316142381050875022624723758763262117820610598902797     
     3207782277297763106364954164118816924280282133022720531512938453644644     
     5041609541053752934137300877270459353540683445965998144575302057115964     
     5963749731147470747467437037847654657557923491818008813038630286757188     
     0405363503669778107285342479195264742011176790958370191937508307885599     
     3614322663826261200686419725796299722930994230152149676843092258184099     
     8878422410044719046611340170962559469834224009253263990991152114788635     
     7666376961209607572939429905132330515658218558800737104625137067116792     
     6483356565354335680074844917788673755058024801905869748091947657396574     
     6842175409894765482223169946145674558963140644632482557998619694825758     
     3307037426349312843392053442836467214013048426482059157532669134059064     
     2836582198702360745611124074991821619751756058446599700306769785642344     
     9166005325843636194671061675614600482522511887932764840282681579035782     
     6077251960913805349321297109253103428567809767762360812119011929166440     
     0079621300204664093491104948590323294300869790963374921903756565400863     
     8440220448741667214016752427671660421999509293159662141398316821620550     
     4104596814949703124264245869742789099365028696746973791566340544107810     
     3376102668856950352805243410723040088489286354557720688121845397660397     
     8603700674630447146113897473360771127661339302385564700355197282855524     
     8038564377544591863411132611965477906457316090701355888611076884152546     
     2211072854127906846039551334405600821906686037369108722394776729211218     
     5705575954132071713027858282909974310314471217564657692850816423401167     
     6490788555648094570624139259873668661613302764191597093413504980452035     
     4472245267728662233995790905476661075863113426242151039156811587028625     
     3904885116737588806187727157901877272290425296214859232837450263667686     
     8999896199108406053422700556606310058971339193744355268432536702550729     
     9538348011299212460538844310167896787655482535415724478587429479353443     
     8001290577013538626025610462983517111829070491241603129484632093072335     
     3560792613339159647774969748335689287528587746441638708949090146475020     
     7284038619572751737263150955428393669730613045010978853851806280565761     
     3127391707985998976105024561756925083772545706974941004349114791689842     
     7693240896398191026684579651799502793391449897846552725875884256140279     
     7419797604853014637076155356269802513877969747452290100203114266937201     
     0712233779097844563274933874865401443213022069344013869824772543471932     
     6171725705837260232122341641991311325467891424974944083136778749875652     
     7542446961802560128276468610490870280426971748845246653188651932299101     
     1341930146462306079168024170418549395295183592663821612894794383333345     
     3214043067023263939044395961158673723288970021597208841009656130171656     
     2188668641258099635912890300618340470210851715544184027736349586161278     
     0663830110242153838037775166756560805724756036603559189526367337923978     
     1773766100903558387565940297031538145985957413733307594325375935138907     
     7978858688763590272575195529290379095086310707917329835206002725451651     
     9422737118162374128973213199562367587791346643003245455823622867596076     
     1829592586936296960927025033291079307070326591850599703973885994145458     
     1060209956848627716812925504226834820121831026993275643711155663939954     
     4603776018222522685195683495517146021180759738660136641609185256977570     
     7141526602267433781416826885627968258438683107712250295293205658736330     
     4782938458825718495317630788749424542548556092791990090422318483397158     
     5155915105543459375900093492355966072131400550426378418623411536914053     
     5809549127268040858303174210640851498227881506864953695422587553831083     
     4186981008586204332930669966321052509171630983769859294418259672922073     
     0106385915997528234055621782787832404015835199026405169607109704750260     
     9326918225863935996368996360978050752646430167665703913056567508723510     
     4494876448875954297646096286650309239401562833758968474639020517162658     
     9461369518097644013046572721266743909554285160201007295352808912273357     
     7915422339235082316272544318815942752155307503131804384116905739749571     
     2623719311789560868909112987418893901615952615579779528050192566396052     
     8780703103617476250762239074663599834090168632130204116078061959973245     
     6190421116488994135243616574480788063416826875420602129498629516855285     
     7298581448736376390198991019109686327294964886037512160527768809944010     
     4449218041317711382664005168867433931375308929876988713508398173885930     
     3468108354102265997495924599078747171312381608458240192283897642013435     
     2049323533854468468540374496725970910564757006512926709031669346014244     
     3717232013610718410572742155731424655921681451672347878937561404095844     
     2925398006748359912253542922083229772798832632369111425145555115157997     
     6494688700856398357064508518853222423487589958663166877278526061836720     
     5465819105342783295796842973480524133306937576689903021781643820294751     
     1552169822802668277608467026646587323710557724402905081806394089227956     
     6994850421432513593672170815133139273249297227956910036019245165585355     
     9162055951444105301527383650137217788263558281876717759754502957871899     
     6490963328066476741538312106543302270627096257577243512032456570411273     
     4148690932447369474463665341242165262300527857907009029372262633318227     
     2393222050186739976303318966649562810185311021489403884116460141902208     
     8272423695589927787188264097889742010208888492655205183077196362805979     
     3560192913240357762168825144966817763939345710843480036667493130075759     
     8847244555352113747616377225468175076019475931847629984562524037979569     
     4432191349059909589959070513290372945469823872120758518773486795763315     
     0817792899517154423491444892635920910380324378481870771379974653282315     
     8702225350185785858651604376996984450284846778831211702403604838160805     
     4899521246690267209508246548285244437668312326067569981071454527868246     
     6272228501632292002965030871953173498410488654120989274654613880959266     
     9462417270709463755569460477278866282037207084835145827402647502486056     
     2129814011384351594307031725281354291938888587559499807845002064962539     
     1692754741770507116049549969113085778852485156567571909610325413668678     
     8843700630065308541545550089964166594942761719719301185350981865225320     
     0375265480780687420689743648913042319975635823294580008446968596618067     
     3019675629963818477749526610921023378244046067471542686851936542349991     
     5744598720818528567490947831186252905537444409921142295778556159078599     
     6711092012718417453762889499742485097934838716134536178938992049337529     
     7442453991763132761932682544374131331007109185079213312087896933520796     
     6795838119049290752844482999388429051451752234311825883094438783308954     
     5021749462227020071170176188416000000000000000000000000000000000000000     
     0000000000000000000000000000000000000000000000000000000000000000000000     
     0000000000000000000000000000000000000000000000000000000000000000000000     
     0000000000000000000000000000000000000000000000000000000000000000000000     
     0000000000000000000000000000000000000000000000000000000000000000000000     
     0000000000000000000000000000000000000000000000000000000000000000000000     
     0000000000000000000000000000000000000000000000000000000000000000000000     
     0000000000000000000000000000000000000000000000000000000000000000000000     
     0000000000000000000000000000000000000000000000000000000000000000000000     
     0000000000000000000000000000000000000000000000000000000000000000000000     
     0000000000000000000000000000000000000000000000000000000000000000000000     
     0000000000000000000000000000000000000000000000000000000000000000000000     
     0000000000000000000000000000000000000000000000000000000000000000000000     
     0000000000000000000000000000000000000000000000000000000000000000000000     
     0000000000000000000000000000000000000000000000000000000000000000000000     
     0000000000000000000000000000000000000000000000000000000000000000000000     
     0000000000000000000000000000000000000000000000000000000000000000000000     
     0000000000000000000000000000000000000
