     2779040855350324409612016447716389468031487974223847273376698014087272     
     9624078260641235341059020872567523115504412747675893753260020588285201     
     2621234147864384354784954935757215481833469921360710552108004770365492     
     8334685773236409550752688226400163396425636503949540126986674902815883     
     9549172795426367844289567327703657559569971154132797319384892520313774     
     9015690213452962575290239648398210508447985599014412284546800994876214     
     6615143756218418434919390731513672978016795426736233888904812979277531     
     2283159206147144074499518453574195497857150576463087951402588282888965     
     8337297441088991571546620719444087683967505298482302001683833402247606     
     7345857388569501103429332175717126045273532086384024601109312186636401     
     7632973967588228463866181630040080155981953525589397765277066089282333     
     0441593456025084948101845004708130166848475937228201456995670055164334     
     4599021925319079097254947049163275833770931849917546140279376407088688     
     4691550148391181315522564680283613215099483721171431871355396680109210     
     1734413054999673775056108719473227337707203644799047434404977990356331     
     1279912267053731947400072050977943645809177152808434073065084100703319     
     4461802444447304343385149022544927782639767150118910744342416877288135     
     6692124508476216786991532781617852089286263879873561348543624089812778     
     5665097311324945286184786283209647441142624752486927786076264416449013     
     4230889660744009658916343075247390376194154206206947985375482633696823     
     6209519465301215023620451771008811002894684460193088297340058342665674     
     3145929850355347909954454689634254247420640758163553295911889832577496     
     6920399748394067172422924633282005130767747164091736699405412526472133     
     6063875713579154306885997753270792594444029199538902639018844388444848     
     1918568880904767712929503181308479522344168679871228770471186893274126     
     2416114864399815525591522427333237307951554315736655615513862033711159     
     3219750767742326234545297691517384340222887957372260508233146036212381     
     0101911205344931986328719699283373595008707912892731295354919086318654     
     8191528716299804937030999306636242616406536187040107573555146906160217     
     1046625349617709981382462938245237136309192282164561202140449048303118     
     7696431645619622564489966202187695072985345619468450321358666896735938     
     2559467696526540204100881676905893956135607153461696385818580301472083     
     1629221773275010483594772531095720798080480986602053568183187617036357     
     5426807875712528913519941775664339914058094115723526034368356556070034     
     5712490522847767549695418073811776699209824328320052024272048849470582     
     8732197030111532604065063292464554364061431430328131715997141550457302     
     2948382737853672101577044522139214704371788554223409800825722698213094     
     7938720323453545346734674132385541349900613520210459374938166402642300     
     9519351074228353767881000093540895783090504012405451200534198267174274     
     5713827862031099253255809482322940383000148972826080802989452183599690     
     9834070994934555738184718164425334477696543750688097974412749518293461     
     8367866679698391345201056616960831284983342920162716099385360062732679     
     9676136053042846422365533224116523863222162268362131684200973161053972     
     8287875255711661538539234344411255944498457396031366508004075941295081     
     3700680856113107994551152690729033711475730680506208997667393787009876     
     6518259852455859073721836008058061861678903108414286998306822918502722     
     3206242355946751002333951701179945344117253265060617436622452053197245     
     6793217726170349162059873539274279687669650053283229280283143635115612     
     5758424759924352121521160104278060967446646040895296753616025594145684     
     4449781949985494527222278759347833981319963620580368649869268370470313     
     7984138233215548653829463061630041817398785693463917869225616630044088     
     0184864663930863670156351611426613929191155159925291524798037725417827     
     5015822053193143021934668395535403446193098815044450113677634599522081     
     0563320692344821256248285115503257268906248534011108578134874522758312     
     9963151118565782916596642234944566501468988229752725620886720986741338     
     2309739445864030339145584168550855426627842306663801831271764678766806     
     4645907406411072675949253775802021090678290550660591697033585534313403     
     0726541512712105653212561100105140484742597305482154273947187694035232     
     8086681284744261407478902970193901779241976878890012998338609609613977     
     6756788772261867586918720269244209722206555157418023356791874395809745     
     9204926534878199213169739225286051781568677149366045559326146277578856     
     2709135518905093302060963166470142308875284606245212165692429750446105     
     2931516276587983270593105124438809742660722367188996422717293194606525     
     5426741313360006108443698433605470101030511092777161103130423752403519     
     4827754052091416672082830142939324713194244045657627573352782466471124     
     3935214447429484450630763400616703907550980731320871956318061316810395     
     6649605304162578585663078822829327911162516549925579718053759194824686     
     5885244195197784315990389549886745451854314853217036836171124614920662     
     2804281818649376954329783269010530700276075235661142077480801023219689     
     0424820434758450602361118295626932633408100312628897923574481788135534     
     1034911200673480089960056616396742716080120528738125004539238864715017     
     0123840789477995072257957880149294101015970581116527965769699166444134     
     4129395527550223545293867138601608408029120712936751683363472321027854     
     3621369485799284202611305863310639548534879658753707056029282521395050     
     0929153361025442348840609954019961604318518167782306378079009330921347     
     0351878431629239353210662755343867865103657226041458834585589768608103     
     2828173033289855903975370343670457027857501140006254723131865327067942     
     7515646427006076042740624631910779920881654066771848590656521740697772     
     8773624168509000579869739443239652679970095147532232680781573981048157     
     4257171734809978389186858934728271477104905174049819504004492882523972     
     0436390161248195762535409372619532275476260064067584878978762456635557     
     0642815288030112285278543812588325684142864530137995263076541700299736     
     3504725462975360602036022480349170933952988565467654466830982439246324     
     2423488707084050725886797066274291948580440485830973964437979224640301     
     8727405305914064675526848384513337767837245659419671203718224941330036     
     9824438970508622271692650111671701442078672053745169631076364046861418     
     8042871027464940409087754463349347468983586214868605119320432722800546     
     0072647450164519077477850545016966660860008491790711088294804093050519     
     2374755147524475919559317128502798388276107802355899010423391009745423     
     6206635345654818911781377949937721796039792299473712529847694215934682     
     4535919867086315827528590295047772270147251000999113765569314929643423     
     3578795467884542487812436851273945879469351487139492389715362836977964     
     6377766153488834418830799456648075945145435610929434901283983147077393     
     6489095568194688848325351856323066892442718152226887291958049270928671     
     1066605633119588340696885147556897281677499315445841187635218179042703     
     4339098216070124367774927214604427398995084094712146198539463809287601     
     3482534735836833505941143726311900287040344779653857133628516834342644     
     7972502664892526057773029277263114380536609586205655728975126303240262     
     9407050499072604598284008282945760111449853370377330269379002316778942     
     0171882946728361409787923494146154978636319210826171925715206624392011     
     4137632263660936268569421280733106100612423987945650460419709826125617     
     1890961995796023581191332854151574830205748777704966159134432405365405     
     9396031771150278039499277018146836704105785706269138966873752621167735     
     2780003922518402755618417831454606445594678327462210805779282736030781     
     0296079004498819511581692292844272117930362077233680390891740210659520     
     3326046365521281735438926996271141017919422407767401562413085637362324     
     2806063151761313202913389846828254995571036473011416094946174392737830     
     4135875618303943869376986571308470806173841928771882561139838306205036     
     9549465589304314377517864126825339605692439831167601005057702980236851     
     4646463421249990992560646050346778324741871722946779104662120239759840     
     7707092783319598735485658804621544659965723581280464315839198167906060     
     2450694742731764440488525550502801790712223670882073696838608499933836     
     7100814606130825904935444842572379487166970056796289967034473498363526     
     1375663334493966947951347422998361189405704305006825686525220126683119     
     5628387782974911176758517375764719593402100787227472229582278955345533     
     1329121008770420064287131747639276318089595436779043769810802910075539     
     4080280996024892773418139693242837628954964612148290977810212660461837     
     2603428878471498843761967262233641111065319218129416387979515835578463     
     0213578722006078599425345907873375027454428857870867554622896542014991     
     3665969951230813603491927822198429157080892817497263981413550117085317     
     9329059659664615148981203337305007548996172012717296646542797647992002     
     0894619019984219668480000000000000000000000000000000000000000000000000     
     0000000000000000000000000000000000000000000000000000000000000000000000     
     0000000000000000000000000000000000000000000000000000000000000000000000     
     0000000000000000000000000000000000000000000000000000000000000000000000     
     0000000000000000000000000000000000000000000000000000000000000000000000     
     0000000000000000000000000000000000000000000000000000000000000000000000     
     0000000000000000000000000000000000000000000000000000000000000000000000     
     0000000000000000000000000000000000000000000000000000000000000000000000     
     0000000000000000000000000000000000000000000000000000000000000000000000     
     0000000000000000000000000000000000000000000000000000000000000000000000     
     0000000000000000000000000000000000000000000000000000000000000000000000     
     000000
