     8878352268195025051050027530406049420042564569112691378136590420923577     
     6022808532074327790216593744509682600014228463562244243577750642510519     
     8828526050359065246028325541455328702671027216010222776578172789434753     
     6351062484085966687333178674455307678023531332750294690199862568281150     
     5899199225728013985103728508297167478958919416694928802764318864578004     
     0589492672004676587452348064265391863034189372028009634577930929342747     
     6173992062782218469000836041612447485807553141994580735460932137040024     
     1807751831481055280645415880244500664238671511977060336294119061799848     
     6499508702267776517991189320155098636945438626993398201700592508635765     
     2096709018039716184873945221432572683602679592485219344490823513358622     
     1774893728909050914462186625141564111729332237094515288948806521345540     
     7502787957136409246963472730027261794571647925711707257165397122197174     
     2552982484516036419661917928095656970189566895213978706345138639749621     
     4275008919220753993018685328633276888675456012084350113525568245077805     
     3386905279676207965982612149810042576571656674809634628441659459205194     
     6049172078230234498472451723583977849105142502375156827179659214155523     
     2499986158400856221643127937077916249736821438700114413842179219341094     
     3010144692768662421484777514907219959976449260251231610943514304937596     
     8499036921829034323843210333603374492800573834398776772867314256714387     
     5902739882397573196107314205168621990061531355383464105718985419050534     
     5427854657391749962217858496092662168997322362905301135303640391917813     
     1277728581167321041555079506628547681659626882294020890994949126223250     
     0369728830415393589368470778324729706890405875101879489139557310014445     
     0439226786300628983164119834057109600925176320355004019138833156797911     
     3506242618993300732260681848800234728626571817070880721490668977832407     
     9428698164872632521686930818631014960357879450384335568655448412618614     
     5089340591892181247754285065631579212515386387568451748184554593534640     
     1350371797619187713482357421230366304518192032025755479179781052808986     
     4857103588717784901155893530943935542680404611431780298085850882578145     
     1202818184477184331091689404565383378052077310912838283540347769387730     
     7399118943516586260950005842861152034672974101762065473432849549944983     
     0396201605942531064726626659182355231386829819062287906921064693494756     
     7036811911836171930126672223188171163644119951009869221092334992739248     
     2628761223752886946059292669544719709453032584841996830296301165691342     
     5725773367588869792226833385410817268679532713521363213039620901105482     
     8214459425178912623650659958459902049480423727235612550273760865443660     
     3877778300572863664149728005513430321276820311091612920567282780303590     
     4691426016972483679034677617737207008150790352211577329537948906326351     
     8195590240784891294800533486352804178380333013382186387784184155435157     
     6061642122611688318390064885553534373153914850509324068275401828952455     
     1023676662179061123333380231202510691221692555827636136662542544422853     
     2394874799124739584777600785692666358957408901340945382309093200529243     
     4952456560318160290313728369913922815563008856335599062131197498802822     
     8128441438479484765241330085826166157989830927730066127078928964245997     
     5389687625142287598676956415905320322696028443687187124871401691735030     
     5407698895429496869853582204843217325177594320399544205902025262211561     
     1763804095246962396334529255594344176825772868005596042209222331542537     
     9363829190418048033040185083325968700326942317077826220894073944056231     
     2949402637698297002490646590793723466416329128447513850274010501712250     
     0545535322489872599356630532666712914635270239636425563860506529315936     
     7883346468425918897516041323857556749023602349284042151727776737258220     
     1154444875920243991441606057317656740130068758662002368699114907199118     
     4584832578997006201415145068675780357434983350663704739137787981944451     
     8428161573728424667574041681295917800604858397548859702700490745506871     
     3138954079857620905716409065419105888016865335661423956714939009629079     
     4334881904076501037985751791744250945772361534806273521283712402123326     
     0368325516564179714934280738427991892626654316461135158394689468757947     
     8810033375811836011647257609691486118550991654776298231974687306310095     
     4204259932610889335413355913428067974249223706556019776117379627236884     
     6824136140797099066356881242255611894495090464714077181403988027488579     
     2975256135301068831137538813971262874260633251417413155678249815664938     
     1519011875199198776016189315553784639413340339286922356628738486760437     
     0679880009767795362613536154554397004714453904898721592131772879091102     
     6665719738436708120958323937927164041543753134228353048256277331324787     
     4324115504259511880169239018826629614549722434116384614341644965359474     
     6309615214266150529367022248507810465717895603331709241946952830412633     
     3974215546408705018251267783624848857642103077968109226307123827223296     
     1883376991700307187039321690905068712299328975955899825348642011391060     
     7919011344574569245228091793602948676779936036205354021393383304165425     
     5197316996144260975457911401565693021763398776059160207118445176026108     
     5139261831448141111245613307296065948791368700192949353584872814999368     
     0694765162722249718607710860708115200781305514424590065275921890377327     
     7704466384751202654997311443395179118505962732938088587887955273481631     
     9466382973682440065479752034402998480139486791494257956880384000000000     
     0000000000000000000000000000000000000000000000000000000000000000000000     
     0000000000000000000000000000000000000000000000000000000000000000000000     
     0000000000000000000000000000000000000000000000000000000000000000000000     
     0000000000000000000000000000000000000000000000000000000000000000000000     
     0000000000000000000000000000000000000000000000000000000000000000000000     
     0000000000000000000000000000000000000000000000000000000000000000000000     
     000000000000000000000000000000000000000000000000000000000000000
