     2287257418320520852144166714061247486812478115699543411082050349664159     
     6633724758313930465070222813066293909521930325393631699415564064598951     
     7167979097444084010769599200172837077482384099388042636107514544060620     
     6273378612164620362221226389376544849046192810679308013335226900670636     
     4056296256254954389187313120557072877411046324847246504190939813976486     
     2544323799064191566451425158856825475802817835103979915354566490191606     
     0610311964158687145713805445804092570239898633597660164158755696971184     
     4810759494107108464075728684331845858629417429682071948692076069359681     
     5756984231048749875609287811616597594244693088388275259312084449084560     
     5554396334971905544792084811720266666420243462031326773502352128415965     
     2021734222171929076386477925726150381213472621504473002945666609185081     
     9910822392679047185336604055231491494120048540841024497636406286568385     
     3277839500652227702842420756980355301236475006768009682345827087914914     
     5785538099812053274823774414809827730361713363706590146864192906637608     
     5346581514984379335759813533006485239915447011382749893943966657926071     
     6733428130946510952123806078577857415391353155838533710322517421381563     
     7828132487791046895713199691748508329331786033561961346139298871398149     
     3404541276310643805147666952285677985731279352143096151326306691273463     
     1497151209612131135873172800787937035996271088785472500861717920913451     
     3644790709334776327605621088283740092811589005707305989411645046423474     
     1469467504215436243425345036679042369340745761461177377254627919192109     
     8572709072140607910561380186972806597852039262439761736852626336692279     
     4362433290206041342812931903424936605386068530250615447862327505958929     
     4623134379398837626196436056535438690434348800522790462339146133606856     
     7472936837337660890262171043816444146771699089146727500041838960790921     
     4865282663481732327874798601748609556489790514532124489510976807443941     
     5413707623787218438138385502900471722500618633162070885256921706337784     
     7206909207085946658023790187900608929491282876260874375476178113898780     
     8655900420216469647535838391358152266464881591496739723067306205464518     
     9715379991457199228056079159423528084577391640334399887765950135876506     
     0731162519083532376668846356848692333760434987003580487099395376708449     
     3243100220752361414718757209254485505201979113669112164900384510772737     
     6815783753963680151623030055088760201301002574439881804778563694458548     
     7964797467110086802403162684427371651489935732093856276595742056495632     
     6537547223045116513987938801183285631178500534938665518714939058659288     
     7108435297638937256477224434787408170853982509618503218785718568502778     
     3594487588842182184173417909415444656033338466544630521715609655400366     
     1781112534170371711808304008941710973441145625186207643676490869140788     
     2804772910650479959793143704203919193180049694177872232586659606572049     
     6482389446082772657443738224693009649763654469069318596204722757140878     
     8336942602765755897487955630151464935568857501676647936353122707412558     
     1004593575759816978639418825700584321779896778280989883367477481657787     
     4990758439475456218070339766111502717225514010598201264701568127221779     
     9911869583000945505911720397153688043607624687177226726305905159618067     
     1941053440821812689745516300563758943232065483231974635328797707637453     
     7354067967065055593490486513214601373038012409060837760268343425057360     
     7360240957755338532310512465107482947554135281129767155316156219126619     
     3076034559682682640451942566408225693268709442177109773453810242229000     
     2861316934273112358008358810283674976651163873343652083500461984350127     
     3244134595139548223830125688261695075317262337623446124003789963353329     
     1351405560189185622439051905063269446113832145815854355166693372231238     
     3882236375570969132468746722401873230878145501800484702967433035848998     
     1919701714510200110806105580934911087610718090450159040849757712424705     
     1811700112151740235505764671386881791631308813450361195537477704361304     
     6671057682893504567102546221907253922495053251843326839792548702251746     
     7051164063234044475204486100431326639574496961231136814775566500807709     
     6169507110948498691042551488575715193544396313853697332166089925556398     
     8848234468009122338440976478913197813786757296527277483474273721456432     
     5700222604195267294175122456727356111078830861640450652232082089487831     
     2502855141081375849886739674011005856970519265765089430966519860788679     
     3251263335696471673712366120788426246960840932765362252002586682796744     
     9399054414506797920293495507975196045379360912068272737012874560494737     
     5552267010226952500873170547404119541981737977604899079863999299199323     
     0521142625201028370779727242196529263727064040469852515365790895169892     
     5728254642361590155291854929585134170914635534956916857695765437739634     
     9512054343434221332570184341806763065711222203226758252316688954177300     
     4569146219648167754017674267252568148336178485683799468701674895977848     
     7409730930653719730015691856082884643371950853412505918290024075316831     
     6235767334762542330773439067599830794555253558964285090838591460468180     
     8852036313633253461307310220973918319610526866605708801172443354605430     
     1819737066362918716916820435580790378385542674133549982567498642975631     
     1656914239087588792166165314397100807063590155138298530714366207626039     
     0140309010690946738459715789720354180704893180795549700822033098739230     
     2278347226247573364073080901329398530982843067206263946903545964425634     
     7535340854819550839408605771027004479249698840055098216564413209182452     
     2938807762884263140964471184129753071595833265952826026658676248463175     
     1022931934883652124765597714522421853816430949589068749930170467759653     
     1881232932205630087513679628579393259244775901007413849996881209604677     
     7793826352821134139684911836022757517606552472694213689256833141615095     
     9597072211059415458374383575864509934941051055373629652455689705190436     
     4749748763120107681699587658893008681230797632327469331826814855597394     
     2001642966798985353149056372573233559089689220840921458160842733063211     
     1829200994988211682848265157008112030266265501943744165646585773317455     
     4194897782869047402752569826686986903886990636014191926127949545975241     
     5944470247872342627110320739512173163837477437726602053454206064140514     
     9465084588383361524853984385548292503518431804125250721774214122474267     
     6983729536179047680983947934020614207579486701403320236361219440344257     
     5537625110434650349859061446129757674695156043189701372781113885952769     
     2493408154689908819373801984636903413495635793882006682178135149405225     
     1990098761659596174401162688394708789218840792949579699919886140434259     
     2757972138528017514702909826856031907026988211233271360627178707743868     
     0664665436628875215997720454967078876006342001115186542202893533885087     
     9005788150241816701961598970137973222448905504913320832766861638420315     
     8506309312715591823160939299592741165611672842731623904749375894626997     
     1884074826120874606974383995190803321749333816278088298696060278577637     
     5317550437333051543934657129604470928388655044318509771282305319268173     
     0562537897730038518114421409799492720582986479216509744946258989530388     
     6693865322015628685598252198364098759927797036518614554853147088955736     
     6405404722163237544069106905071548894791086238971256139407496534094934     
     1904368233751389152518481124560048964353660170895394780468074131780874     
     7431691471209546644066939316524370111269511431354732022007570294477271     
     8988790927064275035517802449490603694919315309910988040959991464536113     
     3677501407324422142678329868964745487133147021583485439031353535693834     
     5087649204804439295283670540200394200348240189207508255965797735013871     
     3808087616755460476832741944622079385355919675540553624997097010405062     
     2531240952285067297031596700647316149384211401591202442807530307349375     
     9376994367524504472506510217406408184989142199043872789222099487394302     
     1716834824143932831564426004535593034691525153095592428877744286585185     
     8535527310789849492260203314590020065836667511925829493779493320378679     
     6528327865410705239722091518193850101175364126504329736467915771281986     
     8099841883188051559530366835856364099340315658076274180826622927889311     
     4833329457279503626848307167998506114481048480688051544933616123627350     
     6812039983113196689886542684293480716145663737489608051542440775776559     
     8529817590861831373427731631696981138594401252114246575843476273090951     
     7837311290072855599859536485470590087615247924071655531723233027292815     
     5451779500780204258085025595805425049695336484419507023793922374549771     
     2801444701832249043258716081364922932261180974786411357721634281498392     
     3327859001951906708614304391552377632781753518354700410781724007132923     
     9879914527308800759257967787278716566113054860265079966076835010646458     
     5656937388722880129444473173173050752706346566658513878139921265539755     
     4414993671629090426184369412583516362720148402043655782043274323176264     
     5477825906538427197754915674358410532284893714873847964717620033641469     
     4052628050821427954950124625568487565747753251120482001314868757528979     
     0173668234942877622597330423054647680789374098332875061566781861045235     
     2207337956911693895629756585899407543492638417432664798921298418834160     
     0361044443626220342193216600224689745739775304899800177934236798623133     
     7969691501753574614635378277956758479357487600458675793890320978393217     
     6629222706334418906863202077283755936163842011724585012899820526679581     
     3104296864106542754372822440122287047652041521060585532526219459062942     
     7871006785263361685335680315889615647385967431470240716424426787519354     
     5098987616472616077575667324712898329514830623478389166840441377523781     
     1886653663927487946894156184357158757891186298613759943515431505888594     
     2199799460305150260251995412043923638619387078994648457146057731502930     
     4089941851691149172051411399908241048263194783436941259653850450417098     
     4434505087695242732126082745768128109432589984655476494757340923412144     
     0948451369608134166317821396980397945301143900660289483240685171324793     
     4887825780727315091353431304828689919265421894939154176586028638102071     
     5609324601450115070529335898756127641797305560026640412882476694923203     
     5530268044021011759039040201643869250516986991542395029540239153699538     
     6342013918742664197112683395560628368508046479880645446655702031620400     
     7656906819461208491769705456857943226804723537700325293595059192494308     
     4602450446315390953306028637317849816263508885459339889966931485345428     
     1795930361832133810292360614537225891715478526826312960371241817239813     
     5132913868971296128845823860517615805643886668685386848540116049394579     
     2202829731709576325180435687930776819969960149235031253845552775280249     
     9460791120956248826239397401808078746603818405065009228150143723322717     
     1935041760471456497341668211012824789863908839143517220944384320423199     
     6700138179546607370194553231993960088511509933822348633041142416887070     
     2083300619167357913243592919341109889862608138001505967676005754516091     
     2310678303990981612064468537702306783938385207724844746043255834686720     
     0218445091033550937925208075692241260153518403797644008981050274873266     
     2883619009524551996473094438397322535293877994542135904044209612786945     
     8372229999640558675599403850081195529053492109782980059060984874331775     
     0650677304723286635460432029231408447750736708085104080040673991179698     
     1606448804298666294958661314365437583120972158656741580572812433361785     
     6957565316600149572960771587715849760424496509487239614294045542392479     
     1544115178291661115108118016921684804228309022704970091633327501848538     
     3822437470191443599640564987753431276863195639141599345579937694143950     
     3253051704690815386631998735956374162277144003352732892824617731059953     
     0957688532378565047893885766471716814541227912698304690722312437832777     
     2765453698066773048453171164707820116215365960980879230259641830487917     
     0005008533334584149239288588319973349885892073940644942405207074167112     
     5794594244877487954034157396866114942618376713001089188157847792692212     
     0253959329210701238022554899017328210320667009285231921760283897619435     
     9575444959367795494971888544747594352601959850377789014694891188987568     
     2369700090410903737711282638866269601187476060312024622079727917955943     
     9777721120491455425516703909181393808955426769228245614372450326180941     
     3987886974439012369883044862305297129605651236597903367370595981571907     
     6737284336917687507907242471399758194230921541197246495538341737939422     
     8825158363169560189624902278003226452602020056867040292666112125440916     
     0545955150393897864383465498194186307223734974476275435961919929701082     
     9702229840572445486884347164455541157373669153331779773973190020846782     
     7273717633075791548889487572196068303019856702869259111706090386486737     
     1402069046436145767141062808833354898292872494294825627518020198413606     
     2577117114963458273555820787330709584951799250661504737857647610219750     
     4201077994191920549578248507135780056776314985886849738117932486631891     
     3383067806496564953431131469393917197495551961834810444788380859906201     
     3075846011242207426246102151219691115374687484201371424684764639556244     
     5469157188791463991149965015399234289252844289490076266764306614625754     
     4890603614785731446072965544477334920127391568029340003928365766734336     
     4906132662434776534987160909366038774942498640757487866707580145225761     
     1880926300273473949604557519783108575922806757987856205335237271013340     
     8959725298146091806080918095399115132891899606868640559687585884354234     
     8693470083100069948933397637197279152096730721080433698758297955534263     
     8870252592441973004918921714001094446300433229470056956584849900020338     
     8648742120475158051539731094932349140269481618869043240565030232304732     
     2208890201597569518388616466541259063354854220093759330703787280923072     
     3915204673437459485425027661837464875005776957678157869798504340689753     
     9603243548829894293405122806896878321580321761000202882524014599709391     
     0649975648350307166407315492530782105622111201662692671556727910540968     
     6239542616057534758533739268883680943029327436898846017113873275362303     
     0009088386591316704247582505002931387596563416214365238941151593257832     
     6596296477489322954931066769169527502527190970260966410150490185030170     
     8058125802394429787016221696987945707262056726209478320433530070884756     
     5907061229568140870473845212711439579092537565013389688979022470001805     
     8563527036881182185743339146490641134984598070293272133226132909628930     
     3335721467152781936744251735238284855686859150885084830524594984019339     
     8709758661522589693587185546124554089430267333963880919964559887763668     
     3359302443493743198196649323425054863315713235682469571721052173729692     
     7038401680311082320610500571560416973592381181529481862885887199847839     
     2493220772454926740712837131691868317634238658104280296128427393859772     
     7178167727697997382135405136041258820287596001378301899564562476740097     
     5086796992771502200682825374137577531890581448946750746373121255722618     
     0878432015109072186201297968908385952938091025075469797041663925221824     
     1814202465006272270760200786013279163069370554666436788655330935820733     
     4095612529627459515738589414838312006489180596876736086824635259699249     
     6060569887335863230491130869655166923018196631678132922185764386613519     
     1261224070038354133720121512344089563838601200319596894516503138520594     
     2482095893835979888105054994998751696398753954294785714474716834467491     
     4570721018431501838353979824510746785155086138410418669664802338986517     
     3691928306701636404199494041706197626886996755979034022142420144798722     
     0228972487338022862584707157070612474625276002872491038192406160046556     
     0011523741571869928236547798383594027010073384900178793869987603282454     
     0975737052043935496686412487833260136299719636755799705064242124823768     
     2110355464103983020708738094256438099634069644989122985786557582944864     
     3619033323153855275212303943080910702255429644538556654902235130132317     
     5232036027778530822212576628433003594154885494425543657148136948570731     
     1290243136415230982280420937505528800876648313504792391547911379400835     
     9850948870601166593541294647171542571981439074571272795329106764978730     
     5745328322665326886894209241048526975465340291022693515644715786213197     
     5940123708954705384383220523324210806380663379303132584336741469446258     
     8540318516432520384043695920082334281996573156549668287806431783822204     
     2602833141795274549470943225730184250978688651179382707353687679294882     
     8596235140515286342973722308731166800134921646834198233067045621009460     
     1903663052963229911880988973530250461221328732554728895219356864423908     
     6797237679487285453138974104781146406900430257092074460981314560357108     
     4503247597854361373916022397313521033467422278947209490265931883059641     
     5338800110917430209984104442752239884818501218357582259748523616371695     
     4826761735388736185586864984240825990730568467032504681111299347929820     
     4602421633742062490519453321692291794728433978358446346579961283134716     
     5391558711583179250536549949333409580745182814859123754541963132913509     
     0512632190554204087892322394368553018641277170587806635858276751930019     
     9601853069864152289750180525690659531473104953640238349249836487537025     
     6384463612572024447128140253394747277213810070565828507092476219989854     
     9443870548072068420424225092178768059887440153777908631641839379347989     
     2787967050929006968838277068212771552052574740044424966031117066673546     
     1057721366397938436500478583558044128130886390126503713158745659649709     
     3371854801978907440351501559958982137252596204435304170199867139364105     
     0193360956977947226923448125888210454074179908781928723329553426568636     
     4241366999259773345437772871384680696594193085276793390264154598042929     
     7699625627197446546246541906957712240519599775967395543021816789896433     
     8503890997055717061579934430460529800545022828940861355289543314898239     
     0652382617846647681758624000867637226384968052854603716016170516307180     
     6582917780507051277441771167391097332725104713153840139877905531747477     
     4585629793797319014857586825510252652680692322737727620336364069881502     
     6191417210976783404386727088832732455565137982648822657800742496707131     
     1004592029472393586871512443815767395345578934175381433774320274965539     
     4408575982643912690191327511463423418450587923940384068118543236893602     
     8241148583825987920441296901998194736643394362200774588057439825516612     
     3945776821865123561063952261616838007993528865740632820909539073064872     
     9012341048087307298357263423037337577121750929601521809546339546779358     
     3350426007501989500355411071237816558964647534168240329601539378313035     
     6281058495811631587374539727480743027065868684058502839462286719706925     
     1378049053903825142876809551240296583248894793230921932355965888705128     
     4786741052387397089761105184987379037406202841113925048787795650672581     
     5262306521962023713826000284589403662641288911819412497172707066435606     
     4813725937527591841146877649785033822393679921483428676795991278823829     
     4676678376840087839368745394015889557106254695718886652307102318581337     
     0282011537663939971550670461861879031967425245475009884101169829693235     
     7067111095212070229828830145315733576818737967650536324987410165310763     
     1351299156100989583986243694857786421961750703814225114042869012023949     
     9303516105038489173744919045961496861396027534792340206142671269715266     
     5697984370916377863283233185112772682533610489706797054820941243871828     
     7909853860022190080000000000000000000000000000000000000000000000000000     
     0000000000000000000000000000000000000000000000000000000000000000000000     
     0000000000000000000000000000000000000000000000000000000000000000000000     
     0000000000000000000000000000000000000000000000000000000000000000000000     
     0000000000000000000000000000000000000000000000000000000000000000000000     
     0000000000000000000000000000000000000000000000000000000000000000000000     
     0000000000000000000000000000000000000000000000000000000000000000000000     
     0000000000000000000000000000000000000000000000000000000000000000000000     
     0000000000000000000000000000000000000000000000000000000000000000000000     
     0000000000000000000000000000000000000000000000000000000000000000000000     
     0000000000000000000000000000000000000000000000000000000000000000000000     
     0000000000000000000000000000000000000000000000000000000000000000000000     
     0000000000000000000000000000000000000000000000000000000000000000000000     
     0000000000000000000000000000000000000000000000000000000000000000000000     
     0000000000000000000000000000000000000000000000000000000000000000000000     
     0000000000000000000000000000000000000000000000000000000000000000000000     
     0000000000000000000000000000000000000000000000000000000000000000000000     
     0000000000000000000000000000000000000000000000000000000000000000000000     
     0000000000000000000000000000000000000000000000000000000000000000000000     
     0000000000000000000000000000000000000000000000000000000000000000000000     
     0000000000000000000000000000000000000000000000000000000000000000000000     
     00000000000000000000000000000000000
