     1080163792907111973902684252072112847917615883789068998095784377141492     
     1546448452370934204394173470009654887204119520380920627549247785761056     
     7130780456673840231185165774456443311773843264731014720998886132971658     
     4269790379399896950501616536918650390347857638846250000775504920473056     
     4171951753881856268689235793003346984858590895706546254008880937981002     
     7874952194924231735811456332882116011359743160692982105965276124958658     
     2771096601293768031449758246580222854207224316108338379381699645839069     
     5465333092640418411076477900196329073754627335984426026373028237785845     
     1898718832863810730495186225005115711954288329312264933582549788045037     
     6141445524019590480200312036270282609495165201674068971465753770791435     
     2252650529701559273640578218968271648576623972494137596992617516412404     
     7430108490246127592586796892025065304179983604086663111956201289813817     
     9497315048916577296072532117745681922247942239666709120141335848899266     
     0440801488544806111067578441744388517078021063978465115487743713913497     
     9314419310645351596370128528286340978419599935493627083558355164197261     
     6276203478898569653998229722553581367222661122859993447479722410504440     
     3576298570958869930483897083329359660840326364300645350217058476071925     
     9455784132023762648179013394472766668911308078008727729284919772742951     
     2576389591057697205535086672608366172137517755607903107193546930945422     
     2267099392162454846103958660556313923109903851583043353466884986312457     
     1879096143682803798199554972716473903292112175185498430675878447370944     
     1769022635742359733480823346723688088706393658162325991909213935848180     
     4702288892989534263305533034216335365243008056943857979586731866642034     
     4282177735398577009264054576934575016472030729222507022800013965243953     
     5136035287709463347200000000000000000000000000000000000000000000000000     
     0000000000000000000000000000000000000000000000000000000000000000000000     
     0000000000000000000000000000000000000000000000000000000000000000000000     
     0
