     6590610014362357689436440591707886124997263212927339521521966185975826     
     7765400958430937229841305991982785800051009996456629458952908973102804     
     4277314822264598394095006521914309128897348385591468350165493672830820     
     6109393101226602663521330327754998191317096116195494016727176640812510     
     2963317581702014170582000877111473549320708483208469791356895594735474     
     4332911084167590003845473742599825060135483564141259489047807916357252     
     5981179675025903613477814086650210503568895190638949544243459339335116     
     2772240508298866488251042246030573738791831613312232010244791456868859     
     4321638498351933123511080344595868276884976426764918646972851002937828     
     0489710390835569347800200294879378652980785220044769175234793170305760     
     2062629901187679708014623972235623126171723676467509795197857749881567     
     8220916710180121264370635097028026828600820157822327196274513199563362     
     1719928994559648774222563888118840753454850135225782475331390992891214     
     8976035179621049137795187178027651521735131398994365778853803556466375     
     5823858189227081059916467370917096571477587894489676893147670613715669     
     6811492143597338474276691014961641789480639708715770979344467067729061     
     8870957725626662376042768382842639509722200967739907588696404889479607     
     2470052400823145183613548864568525501524446695602608562770487937538493     
     2993685781124060062997610434724146385964757948641345071534059492261412     
     4997750084842697783914383981283026779522249284829164914673963481262500     
     4933750996396382541759132492083755902543018941014055193260302642452145     
     0125485935274272297577352670641270034050276074439613431123049975173846     
     4183685816597515377186870554564306027684915510755680654323382210604437     
     1759110759544785695658131557570751498395747352131376461189921571672219     
     9270042869653428360886438192127662841759340389676895785444328219998947     
     7753994857824927674781347990457091005255772999918909053703074197128650     
     9399710461544810469772987099545308460938005436020810598678708755597912     
     1714914164848238463646138409075216236891501922723425716031564519650178     
     2884891262815475225211720769087796365144022467969546783000971622744976     
     7573228753275989969576126868295074928781316874404334621698467916562821     
     3408106605678409444193387008133937370015491612692903631214323986720904     
     6059862655184887511290488238546423299102704448059266674186769966753560     
     8137780927726833875468629748883675475955733668134675504502945615651056     
     7969644513620912400512686184234253293122334109672248990764246285796844     
     3871254351600026616148047509303861729095739122393687605035731977448285     
     7392818089293423564725950191552583995089590820724944160422326540224858     
     1622255167898951618388648484196381019274613782849007699289990425521904     
     9008421770110563523548570796851383544835510751889896874482169264294209     
     7939964422211326104871577500404633572072725518187935541526593111380112     
     1192549533420665813386270983781594922548614521116619062600887591247614     
     6480738920690813542299028177731849540920248832176953157215278774364375     
     5918216728654931212312027414766879788844853222362141864924416997457299     
     7696162624760307777179914402393634391312196660286210428126470274038984     
     0183074617013787918578496357000673903404288918762017371112166564610370     
     6824000981467355233774181205242094432237733272851527055957963838882437     
     4543918851425655186922074033016041044283335885447849001333888319113734     
     9321455429635732156673645294919787025327928690600593991265818853634475     
     5982225232298391101591745920375382617970394864533651339146038131086702     
     4099901856691356399120444224557004494932605551134429827702808307564235     
     4301238540186331277367335838109352754220298698858230481985943036437713     
     7527672158235539137020963438911497320027640516863905467438614621369442     
     3870175121022116176672339709084475231581673010060355384596677715208895     
     3960703525762699031588868087534069119108317973189701274969571494504736     
     6794962719394393584554321852921009178240990880065637660842419299057434     
     4180254980635779551231122664290206199923618046854985561392496778781729     
     3255378790417320671605268657321314482079904255829748074074270083792686     
     7382126764905181588552827202044020595132886292460899319311131686567501     
     1941516979813682107581104127638389847067005154926158943874241246923232     
     2775823986391553441929458820881576166146592399873156565627708970207227     
     1300512006835191829438251127433252706424930122261488248509289235055706     
     3336560580049899134977814402087893082282923881001687525922114126001102     
     6467723231243799827233016328276712915182694429703814880328222075798881     
     8930461479552859553787992966044130178056006296017215694631594903564697     
     7594346670749182869848616508233839115080424847890827249532316537057942     
     2609470520912911992082929609873478571206785613455433486352741546874954     
     9954357709630083184758600088201332755973313244539134201312033294279094     
     1134755594452385842719471149863572750397158767674331837188226501777122     
     6217807529174875422889611960025876620116197028714955419598473833424488     
     4961390138587929039181736485201658331707526852787892624120762633408204     
     6632322355427970657231400469873319615188995375808275552789491477809456     
     3410491214890466844607029437454102028112795378924093417097088909870343     
     6616653659995022520769418055553641964308967013988983352897997445227577     
     9302087214468169948128189250509392009915043123441048102926517432057333     
     5376486335400374170270486097578202762594525733797569249445098044646128     
     6646529158638367372602421927314114604750927944062221819154857757614425     
     5388468147779469506849058767342233097562528769051168771204925153318079     
     8478392832578814200064200151581110986710216770907165813511155079521666     
     2159866654046895689775302270403928665525992282964219632856560105022393     
     2682273587916895208791733710823986625712831156919223032339579061622248     
     8720289705688181512734802234682194535775250007263749203616635129637675     
     4027371918556192094222461231189476392426069949632123155835964528380839     
     4649034848029510679633731177237077631139577882759176111989028849170406     
     2378058173590771314440311214098378238485173980585139824898471676295400     
     6475945179942560829788449664812384058756906761061003500399284653309298     
     5132545649463619434158076010928201386850362573635111602503567937655199     
     1859519804247990219074561330657478129968236777928869967560975286131718     
     9665444821412994899017873909528280870505044849330741807792481795205225     
     5741413739201130325754886111195381136543757559704210146706182778237027     
     4808885035398507385136532325986370502004510045553835713837056746171064     
     1120815875416463801095837132948941310957286130364429897342782588622860     
     7363182644429706248524967784589032736598724635222804560987040363109252     
     4860897463543371287126451835545603414872944498004362117395933112911944     
     9421035106389610764344318436046093838997743520023136779750036867179936     
     5267775646429520277630222002943629304126971823398090727978890760856303     
     9870379978574177744035525538009792986714664392164571744006306838516248     
     3216009456433120605628409762379263332613763156373603465519032268906581     
     3564786440384167056865467102353450769355337131286259983119284411695147     
     3444463002468962756618479284389967396646767823258001292380003674862529     
     5002960974925094716863998821038876106412574736749515987832795843572720     
     9355848581198749691934445456247809600361968153213694490634464565746110     
     6772590703092489726907283049702457468549017631509142419574400169152016     
     0798935408749590946205631458369453091800932537368961803861013122180053     
     1838715899311576601758714746103471914434260343179475062424464455251431     
     2430585455526451476744411215614051981652276002539322208869053081173237     
     5490197331156506152960014791026026049776807390248432671902782268692486     
     7908136028317789470600266885840706607719103450848435142089697638741484     
     8921103660132559527429931084562423429101323802892035884393987359915618     
     9929279670158231699634596239209301889910981448229476157836905112180574     
     9165598853931132590044767726933038084937523555965336483520241542634063     
     3670222474041466468991194259703350789033048869082056393698632170748340     
     7688220321879208768676386841187966469686209624118371101821542631408662     
     6810572814015334694529722088221833946536460638613078881140307578613207     
     1661477161792277907631796309785619098527651574407166129254435438049879     
     2298666466343602116710315315871895383274483408761295540613232263186849     
     3389804735812800087475401515296473031371206500118573472241999433554656     
     0500874017995442548300717433845728187326313532038636402280980052906702     
     3437790118859215314591917023675355161907291889600342027313514243658814     
     9581944053198892884935905791772921207349596412520989556496981477398983     
     0817940597224304404844069379187583150921219640149561827304147507484695     
     2331266413819804031365421091797517980679394292526220233813886964579670     
     3366081560605688149689308217397662530369637818537271061559343808544015     
     3870205015484026013339324032804594661401143088984923723417737189543345     
     9832855246105351485913816570310541429343407983059857253244640303164940     
     4054094432418533881119022711578305424417339222835367548085054529287426     
     7222415921743171316527939165824045451270647766207550530123858714455547     
     6364129502438839553716636075061644670024254989702189516199369463307540     
     8881281776674643682438828608554326363614288886418299019086958521975956     
     3189065623600678822380376311027315596695345895208320615498216002373603     
     0391350804930765276103211829473766548973337242394629445623867568206423     
     2327736167252413266150084090137935797938479298186854290929905872990002     
     7855007844676651361817359985028214258482340369218043034035264353443631     
     3860658801988397678955197721113130398738215986135395330856037633156839     
     6892517806412323114962419607290409482311564437604459692296858126074721     
     6325221570755034790384071825769179014772602699547221801021344529495151     
     1616626152648928988134880315452336069173598911417218973743926944075611     
     5292294259173811304453936540592565316567581135110757907782539676522007     
     2502928172102621910541714594878815353174361022461342229550319971632987     
     6203408231468036029423744967857184124449436646279521969085163443000600     
     5042404530722002363257387935917025101859533072018079658547929456162829     
     6232620316094373388279281482395681200492695118557019946690780491635097     
     8875299207305106938550217295760328379664972365772925414834786840359990     
     5182397147672207686448745581816136475444877871236009513860674566379023     
     2422143649024376406471110122270080971430716554789615935755718779761712     
     5977562909513935733539990406086400859441942972882190142440373925855545     
     1216396738088338142831290674185060595377739507111831623350208326739763     
     2544458658398971496631274041807353148437047582988692738062142421146396     
     4656892430088118428003319538710297336921598082027707072703306250055090     
     7619065338265740194321105723806366206780198885022893345766414604255589     
     2698571453037674143769578763410825029738062674915591608643758131828965     
     0636875560821081221054143494889367759768637312510676880096704233089057     
     6038903095577450435661028746613472669745098986071904160845403432458020     
     8084655335171826805972990135915546518338726864555242569376638626356544     
     8609190027931800661757312621290701158647780384239617527007016088062970     
     3897810872683982380054459102841728805885349716880899666458449921103763     
     2517545527273179853827315113847258728437153333119425250664880891831637     
     2610893094459264311954514164145477537873437768497485426094858742380203     
     0190951777559437694878690314180993032588951055326055942040650283781129     
     7718442903777746607448782653021409631959532258651918399544828829858860     
     2459226754362195498080722729704376397705985282559398564071583746871662     
     1006536543297743066149678253605845167627234635056335382422294724372564     
     5002682794781557885290938744549719172807381916970897887993677074548845     
     0807881130523285283733827680061782747092542412143746166168116373348161     
     6415119090117245367990106762934099285820521065884422845232258836331468     
     0481786149977674270696668000916079172317583956827737253155472561548861     
     6465794020816298197428746829638226945502250423173440797339315750354319     
     4210000833222995471581044944165634952788215731073429779822410746208864     
     1177223179617278952004265079395143944330380269712079103720582138278510     
     2116203545674659309869230866947655578549920493794896226858945412902874     
     5715978436487851977222981075234292376023628960067527908392231836024377     
     7925845212708304092184004066514463396028029387840549082482671538213420     
     2488105760950016010858501074050781642756151333404629439047934591587246     
     5857551598198241680763454053123871073042771612566270169140036210574302     
     8083412579675001642889671117964115603966715447112885935582608726466574     
     0801758966558642868758828380902333980241669040533365552624734899234779     
     5937673456460959548090648272124877869705969127552109796490711511675629     
     7760431992995856162608191147892583136752014441788678512658430235146934     
     0325200765586438891096139142526863620369107069993184307324513476601593     
     0562236623437092397882547018121458595826752854298781425958529696081063     
     3008330794964248069550112417823578386648525864828282866332040817110652     
     9162646043564932928697553917562968506858662286399817560141544180022225     
     6624369506085030524233305028812234841879312644187264688272530741093963     
     5751500303896702208456474529155213297033913327911126901706910053169858     
     6895886856064005448079657664340626497663005665993327147694117960839589     
     1166326669828850586490229636200705363106200275376466222731248599128188     
     9260727167077065903990348808743013502725702859301643375240936712328761     
     7548335261683651162086628809263111565608760696360878285796623994368992     
     3360826139874742533677044386861409650055302400569395409795356553401126     
     8411417102545251437670674431535760291007210503063310237824797839806826     
     3192383741809951751761411177961512050815523595657104749668343056333105     
     4715739861659412503316782564845160202536446832779222621753017377023296     
     5232201933147703588844788576206870129234629280526300474791792252821237     
     9669826080190725841821233169794670913731316612821478698801213720028420     
     3888713694245092056546123204877496041382890146746894611458398865906278     
     8033678109365693898513181488912830066091637791436262547087468321483032     
     3736515053204036103648809268264108149741283120032790610280354098962964     
     9331109607674407762429141576713598458200803992592711856453245622102776     
     4816444707734278027989214798675996204511770451661025142307032769389799     
     0831974789030868957409435778411001599965905808121572355065314708955533     
     4116495171111755780479362011128840605568912927203306285619162380997779     
     6769970208852552370418584889788577260997300417184409181508152455404318     
     3959628696443157356509778211374017166974682825302423913895024706377285     
     6882251680036405806480695899209868307173922589267586318757306689689760     
     6101416464133458629222448356500725082482428769698872830194131871018929     
     2455402967936505578489666908111293266380008828626678754148050673197401     
     8187773342956004743447763187213910283367675827089641524421535640604143     
     0122189692021614485778097445087665893435767492466696233807408792369901     
     6241343049103645850061492699955834425015770920878602117699204180356148     
     4656418651083124353896702451404020499244483565867443540177674017656087     
     9363457810432000000000000000000000000000000000000000000000000000000000     
     0000000000000000000000000000000000000000000000000000000000000000000000     
     0000000000000000000000000000000000000000000000000000000000000000000000     
     0000000000000000000000000000000000000000000000000000000000000000000000     
     0000000000000000000000000000000000000000000000000000000000000000000000     
     0000000000000000000000000000000000000000000000000000000000000000000000     
     0000000000000000000000000000000000000000000000000000000000000000000000     
     0000000000000000000000000000000000000000000000000000000000000000000000     
     0000000000000000000000000000000000000000000000000000000000000000000000     
     0000000000000000000000000000000000000000000000000000000000000000000000     
     0000000000000000000000000000000000000000000000000000000000000000000000     
     0000000000000000000000000000000000000000000000000000000000000000000000     
     0000000000000000000000000000000000000000000000000000000000000000000000     
     0000000000000000000000000000000000000000000000000000000000000000000000     
     0000000000000000000000000000000000000000000000000000000000000000000000     
     0000000000000000000000000000000000000000000000000000000000000000000000     
     0000000000000000000000000000000000000000000000000000000000000000000000     
     000000000000000000000000000000000
