     4543381702535366519100877356618568581198848585188163174704869586871100     
     5469488796174761845457573469222236424735890468351296129962933855519288     
     8525822845694355911636857269552048585490501103139724745484847886145976     
     3517427038682410526679482740208283889501014965628222695157060615500695     
     7071406082145250738789050333224332425096211276361214663263619740581776     
     3387570819528965479208601222541032658081597825758814174461144483078314     
     3275609245481611562651436502954382424045671320105942009690438115050653     
     8758213129205629760243329429409784866533812168982308969247046203133520     
     2532774269824726164392895598847060376878559463661405979251251765962776     
     6238283705522485764338221422735801174889560239301142422280199033853414     
     9011567887007148949379212441164157744709426304165083115036075058024381     
     1444303305373852118136287814468273431716867059889741673000392501858276     
     8780158683746796488206605696740381683630279392647379616862757185827999     
     3137430987478797107891512075057814926338268570844130341525958984813888     
     5666842098389913636113862771550282931208356467834550969711365052500635     
     1403172220460526554696398947118071742312495977136536536417699062332734     
     3405474381281503242466067733568196010225427377959077401640973880036390     
     3075086546045748395363269009229074911749092873931498348525041305945400     
     6131942108967025491230337702460362775387980360027781871681956568908219     
     4838065462458376479707473382601506898262584476807285246109475397322769     
     3411488697084276433199714932296143546416121145284208844590034830414852     
     5068291256569094265878966852496839915584591502859776870533207631236436     
     5161066795590344527328349589058174283009719126640142568025710778850299     
     7787123209731536556292024755083060426661759181613351500622959036680458     
     1403600477017845300646150308367792859848081732486636870092662308139799     
     4811053798505770117073162854102718696056176019050688902829540502114567     
     0589518106508140197488871465537848987250287929256803043552798694812575     
     5998028185884342494935044783289073703874023356654674844276035744269912     
     7047484881277095518127319529005606759070756248078483265813665762305035     
     5466747265414037410075336016399770717120834306126522255453269694547360     
     2299778180832149803982743190790098801084088776710557106095956985252217     
     0422524723252140100261010482556987011213108807221934917918678279459070     
     6726965501777708795780010737059387569691566316316043976797034253179499     
     1870924219153939706217059959959062193231349614974453206766722664302548     
     1002381717605913438798352624714775448787382205324035612877422537860176     
     4730000988373624201741250589561230287373220310801151306117374136587651     
     7600405994341123108728252695735457723921498633029324390317824650229439     
     0436283013305624298124624681885600791682112206928967607580061102929847     
     8871749696304891627051642387339035383088282690071321808328713659002100     
     6620046995258006912514326868978013949558138845248717857180003085429945     
     4438685818161553434432818800682367989702800213288578668769229280461543     
     3352283889233527577034465817903814226534684323075576345405144549968142     
     6198852674714974414588670233578466962491867510296622191682566209965830     
     3516579189029033288417650726605191120876507641752288258619830486964272     
     8806298373631362331661880609499980118533319484823019121235900943463079     
     4882702765758386591168139662507235291955200000000000000000000000000000     
     0000000000000000000000000000000000000000000000000000000000000000000000     
     0000000000000000000000000000000000000000000000000000000000000000000000     
     0000000000000000000000000000000000000000000000000000000000000000000000     
     0000000000000000000000000000000000000000000000000000000000000000000000     
     00000000000000000
