     2425834982006993568943499618166477829918531976163349292494774867485297     
     8546112487437413121338213664725901182798321786037318483624199631240565     
     3658331571717449489393995839803768073466741383699103012654020130556866     
     9737160623487118598400941264647930482828337638827315205868623202750972     
     3591192232749338268322801428047757114437645616967282741414280901031781     
     6630996202997646486186499683013155682740313414632736850380762793871103     
     3925159492607406745042217997064005465185220408848091128335498721687884     
     7571742677387615506583123046004439547087426507663671777745865738757501     
     7031961103871431509725742405934128765142178514727863314596551109555720     
     2244605393225975252321309648338239906865304849214676631608814306940170     
     0281269943546901427031286357643818853957744505898771229144210010561532     
     6539431862363805530290455085825301422521742323812416515448303703147960     
     9444266366258004192694064234987119987522613759642439553945890709747377     
     7975324944968216156323496134744629401117889364113701906183225104486571     
     6813283695763499585973233161532852807298806710655111530912512167162606     
     3202258133380230256975086927711835545545265771577749478444463842194236     
     9941782146245284261546553760115876780874457493632722118769066049384209     
     3737510682737763252609204361740968295609537750005852514924776024225522     
     9178594906955187290352078646697083152945298355613518598743442654938712     
     7059005118996020047574681793705554151961174899701230960200807764636105     
     5693288474279812099673436043582420939660229931109571061228431991192178     
     0054840941317919457204883291798080547969554020855194123920037913456629     
     2579830733115133117315137405623795736049974264881072414860378176788915     
     3648468729464045539343726973363832230747568768915654313307080240908702     
     4408428566858253682771912988509457706810069013721000583541902168668068     
     7468935008992923679789233681989198806120990984523497296689453661938704     
     7776877407884371521188708262728602482429997665615673327167817075348853     
     2716729004448639670859653023474402130760884209123121346570627928636789     
     3544123099807227856290556473019816762383445355879845791220637176317575     
     1605370444485203514277420059082869732628040911954285364870986819972181     
     1263587154939203734491684596967989780989562824885292844845315682546292     
     5989623206617373628429174725840870039961938871238093648887052415517828     
     7401088921588399971745629547006474731277448964350177009122270408261778     
     5645988767663261142916830775770388702049606824514486061593846624974272     
     3572936440680584396628871059254292649144528580306605530892905227995281     
     2204193846649521144908016957307985313242562182145045032056387519824772     
     0292052072937922318049282317579052832234087087146414935091686177530822     
     5159356480939619525128383011151043853068676222666909407815737596249453     
     5565082933110942373292162044436837482044946972155985455729739021886665     
     4172914348835016128442552088547696621384052130959834094898940816027198     
     6302819723091658372808276152650679487911480272051476939930000758564527     
     7864983433174204632803276027574951251032857031020548204765173041586363     
     9410538731890208026393093322846537361395717944198551549012451354907109     
     4578074900096178077114799651259905808645628055651349743869470867285588     
     4072387650760046078042613806878914865197963814256425278412177477464022     
     8657421981026656895883768496887754299473103463911593900485294983176242     
     0019448317279926068473484226274650472460208744675212917172059742160163     
     2611228665420156442575665428647977981756559803819511608663726248724186     
     7841314860879597880074726132766343942746739807810142781920007192890744     
     7885414388525358749934048263707524282664476938114026558140811866006431     
     6433016012511032648929356657480192455787945647592970590735330114141548     
     0828054054646329535494442023742674372762705938960709452829505804950581     
     5498030039884253884944810791352470449300815072383543378531361559560690     
     0143497198642824881022672394860173146915646298533831458862075977676503     
     3384131212897695735787193266839618868516169558317913121735034079181175     
     4052286855815500196601060393089655924933376538987394126869543515284568     
     6796217295514358379928205631178452690555256457623918292277137742503648     
     1806755201516095878288953805639695171048329258157834792762043728670266     
     1718462702196504682189493416668797024844741135587166191285122587510391     
     8282640292837034657770635396639419510176849012626083962761534529028841     
     0092600343855218124967405398862700602767993636607802681992484563813176     
     3768952399893710593458642258717504636736183645156314315140334466767151     
     1794317509630691583449652942505323965626945686702742412528191441838875     
     4499767151697314091076905873202900591019226799353285647066723756988882     
     4389437448011831254822023170597584068798119114756876389866207681007443     
     7474847203719173133468588620764182468047984014439809266827338071714155     
     0963356760849115252339387995422778206731508847733745734146333743812034     
     6999673934762688670787109982531879387097623494357210281902068902863714     
     0380322084050150708409092642084963995507808486101288602661243266370492     
     3468336277266070043653822692545970015631040539945139387961039427085388     
     3363624956895015390124710638219372584343961754214647628297083180377068     
     5093793096405228370226406983896464128190722172211415886522694286682693     
     8134652746458002208262306889306993001592388429754556845767532055662776     
     1134296681439369948148006413659874379613101227079805454304569311233531     
     7844021270139261070209567480302015722251845544329394770711022722027786     
     8734088164814420863782867750907809974565973948734717758658702093886061     
     0248318276378859681941323654419856950127691868184034714084255061621664     
     4287923784656672538073660135520265633762650122859966484344748152109358     
     3322736625711863215861001789573571629922407304355988541628778147101976     
     5767319046881540145120554950325868584280999964350294890666696498845369     
     6264051608053741118895974784519685821828762622706190403117748304175124     
     1848321741602045651296903382700256381872385861686362310689506529296178     
     2630495747005470358680480401492807365993491766680360876294190963528316     
     4047655685837759612043904124813353240502100388838263298142540604699132     
     7276252803749824022669856378449036052563953675887546506632693350836463     
     9714373719085928816808395767170070735531396802409601232633257837345513     
     9557410627449733022844538441470720941208915241150431521983453053220469     
     0443083286781062700876159438683761804998787352369751337556677907246485     
     7617810543345010696463772744041459106416679443320518654207675034791856     
     4814882277787991351712915171103630902925770704954546603727156193001318     
     1310836017278397276811946657792619069387942154224660616604921075915371     
     0151707506615426295241846624757873314425345083747013099964492002820706     
     0891237442970877988566026104446342843248228045320013107293236965119730     
     7807197798996707012515127678227497566683176591111012309242751397203953     
     6719203850396563439877243075853965583891397017522680595411751707638201     
     3394330347965001088226653562300786835463731635314128869727891307493362     
     7587358628534115806457504238257285674341491828467599979706928727191989     
     9533734583157522846261341138354136630988083449576116990544527743924647     
     1956799986817430696056726995954741520268393375606916579502055787935787     
     6411385394860690748917588295485325626682169831470496558069864350633556     
     3696044956107467658488787485947523751142943624087113729421199992880090     
     1391096540500356995400309545617147032082907370888768779603232523705661     
     5642879309378432200453908339227693440438634933294890458019975661803714     
     8864709324930586541691615254940993817001792828341295600302129145302095     
     6649713189747989328796278332106911361128806555243656667483613618629873     
     7310656313810302883209009175857921714700072203134029626347046679492472     
     0302630200731171694989722694050050958019694717103793114185927657409391     
     0857599058971368987592873446067490337415913651873096256946164187470408     
     7643996980291386014595835415333819837560762705274523005669693899689251     
     0445539088098390429139314769163882096986109721038263272179056643811930     
     1943300306785474414947163695524835475106421404887177124626324045510465     
     8602613615125836255942112382351340925794735151263414568975325023208621     
     9470728397624816975049010726980364879472111855054923121803156145888526     
     1618935862982405068179523252603599587160058776540730262784292305130713     
     6151479692670675155990963803556251335332327854287639558888034956689302     
     1279563120267260704191653541230937011536326501619246086302754804460987     
     3636784269309491730682625969519038736023955478829191815244435772283414     
     5364971453586455806920395522545322589676468002461050910120662084464644     
     9981668126750545585412022861342517324833230937276084768425597704961194     
     3880422099045248862030956186729956325855595052833088759281742771237206     
     7119866816691687929028991301130792920150169821026472137726554724285351     
     5915541590868680006466216052194739986828843110960010732741740450350541     
     9510527777511330581009533878543580218791859810838236956292326288809255     
     2062878415566238409075760971147754810585848757627034827737550886506600     
     8859997413508028310305642504229153231121344390667341155286198939189057     
     6340131140420919573393331177490609105721545518232173401382550454794021     
     5500489646317528716369123183677248204798051673753111544694706618012372     
     8341543496915108300715943075866089482046920995201991222098803060875703     
     8000135790498242361272174476069092575218372090549289990140977691819225     
     1234889427010911644117218483953110190028013539312379907967184603929208     
     6737429824192454625632543586893808316791106884477236236944091751517055     
     1997322964894249836800499978364898183584009151402774147076209529293245     
     0820310590415793431807866108997282119550593089171223006430141648356978     
     8884342728969980657838548962942095627550591615828972717349320049413203     
     6219025587230330888735243075752430292368737170251554601368888909141021     
     1926652844141503811388606642885574044032018714676123546233564038863021     
     3166871522816007122480785007638568551681618329782843565106682461324813     
     1584377935484095212433951724955955925060023791619253567279417398974822     
     4936466453379686014774313415367156247983055844046902513845204951454949     
     1235448983996279357761603994462922667202990749330936696717294964500195     
     8495270705977410467203354779982754588459683279934900359465313918965990     
     6679055047637038118865289900583532942942254465129149467045494659322933     
     8494355105843730876653508923322263272513635055772184622757842958309952     
     0744124895263780744846146135304584912877050319977107293266960247622534     
     7561543663851209105666241074616121532279621683444594142353523952267366     
     5911110311521002678563002210914591167712132884768087715268345123211488     
     3142333933913195345544990684575885363661269156334957414284925022012669     
     8009240928308653675822999308972122912601368831197404018535985411832863     
     2767921376965818316830868733678384342996303899830884372061384770631546     
     4328655933701670683476598153957435948506077481663677769677262925941250     
     3236795488919429294745697188438870070424535586806241793199336293342972     
     3382102175035909322862051629312898232429049971472309648435104076710145     
     8190067860827924436882939115040221261049115571543526118618122610647958     
     1120301909523054767902971168324786701875147395552991251611378236145767     
     1740860605324680518565647598739560472125747447662302439521424401901092     
     2164790037964278071738439248342181688270725843472817796402266714949150     
     2981166383021979839945160834583845724192425872125287995159907606248773     
     2882831815298549004764053242442947361057483897294283328202807837568191     
     0142917477350471625940488606690926740389073269719093504101516309551255     
     6811239597007436994729495198394517109480217882691747267434953116255259     
     8598570175393554434927351353215157827608866430691523541197043219153947     
     6757352244511069820191835826459172011717854408724941105767567088739219     
     5744413257576688088593494540199198241000791881808151992011817336930543     
     0431876472550649859486484290506194037325672392609278651457806537252632     
     1820840072757884355932105430213030306698870301407011391632256300567441     
     5408381564218690958654913901493744350158625712272314315887363354656949     
     0731787273109083775314516491528996050757986763745502382363098067678196     
     9811833256709070643777048801700560801994240742071858935264286333182032     
     0415178916718045731060529565967530915071377098212372096290664596946950     
     7745592312373925705200181250382273258429368103231446386299684811537720     
     1814539250937387785257923168204062472636117228580867072321306292079539     
     8604203268733805498457243195635738449584030669311882209816640124224081     
     8500704416286354711479888768327804702550964008322876180392115244783677     
     2412254550312928560756087549513798266973921531842431491612888751165222     
     5387019962722064698969718801923497070176370691883969196646060056743720     
     1454993462309037492215261535568949273242512821320827411763979755061181     
     3307387659360211313003607497601814714420427145565543040748132040170310     
     3397270855167476027912822450318571812604545304635179085099005520025758     
     0080068922283008767782523025755103010168338049689011195027620079507965     
     9773689333200992363226980640429454092066646758798583582695494424910519     
     5536818880289650198648991155057958932581059708309893833821356382246962     
     5261911378770556516482286895903357200122144913591604213465640363777119     
     6058380831561285566249367782809517090472260722263392368212596978818794     
     4982403454762132914141621593708947943073139614209091468263739158978125     
     1880828345165048256009443531207822392568758317006618334525674752538259     
     6287199041154964738022734258533003084100940873214226789350346310194269     
     1886346798433033880637608067215748922424988642495926190588578806613523     
     2686662931005715460275055251574224123383604744096970625378522030985288     
     2340488029209823942218047226725270140359783737136063504991714979903384     
     4729002008015426664957024557652977975562578893478963877559283201549716     
     4601048573398065928453799006615790598764051286710784731690706118693329     
     8410697877845671364165185277460082188716970062193335842369442250727762     
     0962027781964404319802751256220817136796353090164426809625548377525403     
     9959541811989211637401823352975582156507441471344849690478633197240831     
     7078805516259116325319150153505729606005852864917972903347319438409219     
     5991774292260448138200624193948330075304876663731157644776499969173173     
     6154540522166654961290315025013177462647281314889640346349882359836327     
     5007618241105270819697070014946357683431988820696660398575006845952680     
     5894992338303093449348642885516536320893761166022075629004481291871388     
     1621788065999330580669783800944060739097717069605894420336704315036264     
     6800176930091525729856308357457937011573363349509465993712843509936117     
     8642922401458800880577511013480619550918009883691915743076044217145944     
     0165901776884220185705079805133246125101378899238671399349102975859964     
     4753447136517754394254163822126228836360856789116425977900486525116135     
     9149656638825435932064171600613176570654142846023289031802746961249090     
     6053497233561563894392086303565057456432343117984271111418468805336555     
     6833183005595955495687852441505302421218530401887077577468442701610386     
     8775011283671427101155419709784085479586453632990643775964764494729492     
     2343040919524701295107020004949998252320981375842150317248213598672301     
     1545866367532649521089236910308412098418916388458209011511932469116315     
     7187768561169326722830957590080923035133118741191554936466389101147971     
     1474041987506995532612973631502139074250868164429995353573851364062272     
     5801054964882569299874990495061413867674766706282279308693846162389334     
     4778098869614996862132858641667922609307857846784272946637438800725379     
     2682420863944884736291460070102563374010575597965319117443420385750756     
     2594913587756111554395275952295468313731400558001370752931185795074482     
     3423662842011172934267897459384780945282314992538642172519158096053306     
     5352078068270874566089679274839083950521514581776556215760903221181005     
     6835012885500062585598119452350280896865516343136640556671916098339515     
     5412527103768076104621135881144091445229035328801373548822268124969530     
     1232400226092985189770997583100614352376043852730524431371633066794395     
     1937372512504074801890323271352485038535574133810774468997750643906413     
     3950431030273178554202351327637787406315889478351865047503166517074182     
     7615593688909597397850269142829776690454670072071083740787532569731246     
     5027875451658167650181852262423824526889030680450717576739856711076895     
     7991494519620289465155866285600723949024592104829773835287517913942785     
     6675241457192094476387228023777195566179322266264325789038231338133541     
     8083017902154759095953630402602012971646314077794116301454331994374325     
     6725387974381006793388618716997957432909803715444890549732459737919896     
     1036895169378766526885652391946081683191704685732566324413238961527657     
     0661798511687702955666282398851003234923229898716481142778051821893457     
     5667604093264260264671847480991057756344482105394953447254076753688322     
     9034940646094834563472690197394326075988816912183235103100941145706760     
     3126296750193374551251954393131285529928555419939807071829858427190164     
     8643818783735822927855200668162483127652741072164295871183209524886858     
     4504722269965150810493232752931818829326982517564457294496444702820723     
     6850854589672028166298522595594438791642025895127463040649898923451001     
     0621370249383340619118427145347432219298600897621001955060557573028107     
     9911963814008558195997322354935214890040695860526043078818551227092537     
     0180308671718663788613018642497467964373812453764366784648636284010351     
     8976902976818380800000000000000000000000000000000000000000000000000000     
     0000000000000000000000000000000000000000000000000000000000000000000000     
     0000000000000000000000000000000000000000000000000000000000000000000000     
     0000000000000000000000000000000000000000000000000000000000000000000000     
     0000000000000000000000000000000000000000000000000000000000000000000000     
     0000000000000000000000000000000000000000000000000000000000000000000000     
     0000000000000000000000000000000000000000000000000000000000000000000000     
     0000000000000000000000000000000000000000000000000000000000000000000000     
     0000000000000000000000000000000000000000000000000000000000000000000000     
     0000000000000000000000000000000000000000000000000000000000000000000000     
     0000000000000000000000000000000000000000000000000000000000000000000000     
     0000000000000000000000000000000000000000000000000000000000000000000000     
     0000000000000000000000000000000000000000000000000000000000000000000000     
     0000000000000000000000000000000000000000000000000000000000000000000000     
     0000000000000000000000000000000000000000000000000000000000000000000000     
     0000000000000000000000000000000000000000000000000000000000000000000000     
     0000000000000000000000000000000000000000000000000000000000000000000000     
     0000000000000000000000000000000000000000000000000000000000000000000000     
     0000000000000000000000000000000000000000000000000000000000000000000000     
     000000000000000000000000000000000000000000000000000000000000
