     7251065349193358700097805967380051081168340615144434569576530238705857     
     0376853491411243430884064082627241945486222732021724011969678516525409     
     3837026327441335523118960274009484399770370730338649405010325456750292     
     7237843578642470696224552904006457156083301640385753237466784629040914     
     0879868262817846774937701137837271854875568827005995566941846531031812     
     8357519311242428923355563639505351108146104366751648574694015183241041     
     2536956054810214825754942474739444796921957650392326028746735924753847     
     2010349806587853765602970282442537245724373834383607411602292653344149     
     8783196369955824377175492646732690246741331162525090046505487560028127     
     6077962620610906229040618260787399963345373528833436384389031848554812     
     8838691725043174806052499029457178329794059096783447758541922912033335     
     1776693105176580093249606862686948377553743611850590015174843035364423     
     8303951594248415318635135777784273255325763609442913771224521608535996     
     8842769469717996046206829852093428295372072594064169121666484237149131     
     0603780914802762939315520014892448006997078012546275369198128470583887     
     2790248425709153328325504550211558998358424192427448337572430467105687     
     4817525887021966237789446390074940685971216145122359368924425460127329     
     9030756149241413170749284795253684012425904202495615735015227906783107     
     0792693302855312979314557064863304125033141467804799063286315671661803     
     7088472883212634539783897383108860920037866523308404312646514940971459     
     3893860059064364771355821448244891037033714216933458340493700609168188     
     5988099122860155708220888163435082301174570727185358855204770830596124     
     3756587091967820962389827267705526338795347959248575271494657305061210     
     7149053509866678984045586763826951495477834956710402952895489266817025     
     4379221176267716545757144077329298168288286040374575095707420120026776     
     2851741347790249741137775017186329161306503733817764392539991582932298     
     0353507554476313950885409027260075605112314417484754830524134055338223     
     6352007649970925598546675187038310657351932978050439275844199394487652     
     3505122260406618306303730877218676221026027455644187891973551206288872     
     7455808825291556943035630058780708863216949497411335170464581122755852     
     3757362616459615488493737255268455558860477521942321543373416888306873     
     5833761943801573236099467851060811154555863121294775384237591426306843     
     4265778816756600503249936589811032477351708974138837365784364772120095     
     7703694210347313637269474467510102022611471630155767440453499951078544     
     8059151092943327818908434341577248450419545169345919270043330240296197     
     5255669782031900746831323809394576513391742829920327114617834074618325     
     6465640732968987491570539213499252596388702086540287883864485256102158     
     3693623707128089087443043003661174326715830891746473806047813362365247     
     7426617532576750820417158859561765133698596307541384540814092909416733     
     7464700783956846485561209212096232937104170595554199633102301228264899     
     6624975049371174359242356082067406734682942928872821073175198012438287     
     6507501792986089727589778357075074526563097702441539314164064122548264     
     2858919397160086106623467214116342874721915698865045551167878161534431     
     6365820600621507987565177658729830217455651584875216139876850482236809     
     9845668034739897317596130002646880660195622312908047111360896246511889     
     7074301562315935560379529176453529861917628120835351017427002061191262     
     8401753797836514805047260381095444445238349708417413622444982321123942     
     8608388022551417851203243520895356160153097874498588482828984230105519     
     1404110722786258087799390892022526181490102359694946139765992532662292     
     6218249906905626773526919974354683900989302949427065200167560424578521     
     9877073121279837103346151075624599984478536690197735197992435979832494     
     2474595331845071298276689458656682835811421381843383981324770862690445     
     3846936159075144497856303913827802778587108126684056242823038417190159     
     7637717894080370228845158352794265860962004284550259518212773866635422     
     7535154500975360245700593561733785953178996366877941916013678474184223     
     6335662048748735949096365660166294839847403971709089950788917435624273     
     1533765555500021317368926926060549207376727722044412388730043209391600     
     3075539677608998917650062398495268508886056385635436291943164598377501     
     5647584323883706623261156535397281804545930413147338292155759014134910     
     6261389422465998854352550710579976555834348914956869993640379310226734     
     2788625539997962933563325526801403843064474802529715151306183544229264     
     0664971517907598652067001017849365577063734851223428711157967466930881     
     1574964003557632096288214899700021166774826155672643949017466623439944     
     2929274928697693835641179332195769608285202326091744660300455804621922     
     8042759964018770174549309492993239148121626685729443656155257653362808     
     0517038094902042155889201155787587287886412240304304789334045502654914     
     3493332191521296104686913687333156593056580181974139272106565642357522     
     2231013191996055914199713243589864839857223146072432247212503627965129     
     1649360155707562195003296675574872652837069630012773942482427821216937     
     1455802931058992389682426136749778367859748117332886923716945611537993     
     3958234859370882416839671755263963442810684594293233348312386035292776     
     8943451932495099166587345340137144165915012792266641828906949655980746     
     9871452768560905862268109639950395821177417835999188815244355689387336     
     0292422369898125688721308343427848053311526349818495346578649387044519     
     8811406587773228569067505428414275168150991233378290128198116577283008     
     6185145497981688123891624633868364052603687298272833507107114527808889     
     9824449630092010544452134406296685853220131938527442565285946860064728     
     2022216872350441500977726369529637627222314941010726592725176253854066     
     7906862396328045253647096766037385475711057007952394578536242539954317     
     8029939524561973264657898992040848694384456835567162522710756650158043     
     8416573985730493909590619821307100413314283933583761874402242787805102     
     5574303950121924557756199855962066322441809940910826650998406168843271     
     3280777071409672014886782831834881424966591428872998937787365056302890     
     5024871143440609296753741665186968817815232095351924045031542108459024     
     9179293809173036207387969642358617236464258869895422325981849353444624     
     7129276126590283105440240695842768784534470774928977181717012005088835     
     0212754498691880976373296644857123265042038939835638205297297436261506     
     6295987597162118966027873259004025402358474061137249657917949766159255     
     6250607898149723443215165851809455885392130648924884637415731748597983     
     9361263548692718109476793491469637394528828079924082688591955487135282     
     2480337565129162060622587949802945181237341210944891697913615007528528     
     3409519481442834725775569354939530981515107546632153026656233656160266     
     0607947671185346486467695831351890912136386113060177222239223400234200     
     2383017352627586447711700538263824513292835159710246243614586563027369     
     8550771730052337057528294016036204012296275916808965974959642256734483     
     1990814227103553928134782772278915739010487058672771271377995607842819     
     4328032573005186838748451072932933259667339468961864114559567990969366     
     5977412686844561851481238781652289021978679987657839404912652835299210     
     0486187006944385119989996405398105176722943826545586397975530438332122     
     1529407512886416854515025279175586147448318253464206871219516222679021     
     1958116925393576331928664818764507188725640153040862150839486968959261     
     9077412334850410230107794890019072358625234023482278630310039876868163     
     2971611214005263456139543099516830423630949050393172141022387872304412     
     3669718117101061660698318260572689679908267189349325618058688669309601     
     0259222060269245085035340753762047254877252252419344441220828605431083     
     0675130462469300493341694930645013468834996269918987243953145456272771     
     7675025443078891088497798754992846695694026755475372215352979982750156     
     6537865207843978750789117459740965617821321945071237902824587598091000     
     8588801008534506073092892499938368770466963554742454337475822779443050     
     7748031006629800272008245760422140941918972438661112306027146765713516     
     7039869365966437344530174794791638010544783553967503640839536781697939     
     3338125599641826099702240363084128372140336500324645364720264415884236     
     8920107454541688975755274478266828561474480928553238500825495771129899     
     1089307097634084333266228266239158651790734967564765418596922590030122     
     4107737490257385661458571846600892754643659342193595141160667687721226     
     3833928782904545173200496600844853077698474980238469258566864466815204     
     3615201531298371203602604146124964306113305112842983799560041455003016     
     3228389209329149449541659290106960135954573069903323155102300633974221     
     6513921088062637023155290720510464645532922600267165877280804754106998     
     7928406761277514790479840306717888049055901964760379219325650638394553     
     4339392263115358546205829985987714312735996161923984936610804517233835     
     0009093753298229291184206144769458917016284978585141031965290617772632     
     3932655431880627527288433123535971400001030203391935206255730928097889     
     3969755201734827140967770882957336693091465591715191141787377137802264     
     6366747317922093254751231531230291515477893806442682071986639529102360     
     4226804957717065181549765851254953495304313787579926773417286772897728     
     0147569278656592882691045648847286818096805304964578134107577057683223     
     4959766832469353578215408500202933156545782519432250779651679865584405     
     7706511964957733995726174063585309885375817279602688000000000000000000     
     0000000000000000000000000000000000000000000000000000000000000000000000     
     0000000000000000000000000000000000000000000000000000000000000000000000     
     0000000000000000000000000000000000000000000000000000000000000000000000     
     0000000000000000000000000000000000000000000000000000000000000000000000     
     0000000000000000000000000000000000000000000000000000000000000000000000     
     0000000000000000000000000000000000000000000000000000000000000000000000     
     0000000000000000000000000000000000000000000000000000000000000000000000     
     0000000000000000000000000000000000000000000000000000000000000000000000     
     0000000000000000000000000000000000000000000000000000000000000000000000     
     0000000000000000000000000000000000000000000000000000000000000000000000     
     0000000000000000000000000000000000000000000000000000000000000000000000     
     00000000
