     3696715598180138779769374772840891137277564015142610765765275385986326     
     3494894770493967206590946308674557165018610754497819488283706270655194     
     0952312699506168839232079819886981388260685395508089824479624156665828     
     7488690792791743442667085972444954308823262767966768191990159120449462     
     2356952392019275704637459649080816969499170672886564207276448583840808     
     5804353976985923555114600734964336767512235397250362118027113212527994     
     9782170504915089164895089685251084574496068610111825200628732885633371     
     2570453362052972363214586563827680638374927949199381314774579938732304     
     5445747729782046143184382258833104670253286349885625980464010793450115     
     5570769179299642405646736410510892920843604011609331257102989917062775     
     4595826819096446778054569748712841180233956025999123825069950812750981     
     2058380370198579447466987307297816841857787166124834327587539740900039     
     0006180817878879240293554440811526282292728499307575534127482659712227     
     3156728420828516220977195269762103060162876885904737223845288187824604     
     7193035839011934585567374690530148356802025457578206749247422744795995     
     3802952988464763912425478690135482478004674847540733434881663177977871     
     9065095981042885989206865705261777712319845228476871702093652893695632     
     5560129205592759472967900605636336837043565534576094400462130803917541     
     0097775731071818856418853674013823872929769107448302792930122143162674     
     7078053570098063887813831473092322784243494624885871416575630058714504     
     4196367873103140250948302105734687303418830416338851480805336341221627     
     9322904246240047868067157351704666450664191606109974495800143715069221     
     8191828769125006356762614132702939453123930407623447172768031714322178     
     0391575543233539281324994184881523584570358371818581179772036646230410     
     1153646013415880896008925510968853072886541170346104856628838588539633     
     5290433878109092569213382987277160163245532092829929407854391040670991     
     8208518591808549634303139003682602226780210501465548576996213004787444     
     5444410370022980225018461252941217261235475720141831321655918954972384     
     8119288719152743436342567489858330318606847892604635891108327496391006     
     4845352630520682321377771971249567226139781736272673253931074146960551     
     9196509171470515183482385576954557658625298872408610857017959385999943     
     8440090955811316872566860509586747037926870492203074194198994946755114     
     4416358221938601936657158891524823106784696325291844831975615900833041     
     3564852957013579702014668105209216687447174341512566640762185305605865     
     8551124857862803585592534919761242528111769839751482031479526660087902     
     2709472650419132202525251362006736382655164775878838238597234499296632     
     4954223332204777075921773629298598809919674164141571831616500942657619     
     7021347586504614422795738331176226234173928289431093620487340171417560     
     3006975719889359610536305965517942747684843077745965373769698269162455     
     8589991246926577938372283968052136171842193235211571848266024223801990     
     0640830241688498986133752715162623551900739019664104381359515486586690     
     8546277072500139981558661813227120350032189136481446581372635531502708     
     6845184174675821101313127844303145229844531740852934623903465144548341     
     3360183418575486879335045733320987365049494069965231532170717336921927     
     8597459489370480516917360369649197315686067915703750194485501550898485     
     1021551213753538378326450693830068668075332936921516632100105751401618     
     9475932729922571651586152829122199487480124401094334967935567912371471     
     9749605521467501606741015087804005379953275667896084852332730193517761     
     4192593941030370356063895908357877070726807825875067388370098482794918     
     1551061262190891493717636589169300847910237262434165358369533970330456     
     0745365401016878652993050248198841590817582906449723911341854333617913     
     0536937244708470926569754056624494672424333665965738692143390833950808     
     0635755011102051187610611010102458397895763375372723720979822117487026     
     2282425941348173677556602645520156180919016210547709863418160514509348     
     4045519225694997007214341954957683549857339716642919483911357462714860     
     1484033614080657570216153755465467764980492668483891245953051805571494     
     7334806875817891724082591626332217489059828705422606617802369123188021     
     5963234439000159999253609782323748381174144824099227238615136395581388     
     6823992684798336663939851755273771741049453992196449221549669602621434     
     0913480051332067337475540113431185862626796135549574801932147969963916     
     9185671355709459339918557687108062050210653652944469952659773713330332     
     6053050035652165102274696205609385198015337022300454877875275189461049     
     4435947558039966283930044573727011639521504389940061390605506725679828     
     4527863725469911064908098286169372762587391233066792023684173408904510     
     9731754022048554430484076931073778707517550226518449668093783179598841     
     4179109115498517255613640742341936308840408256144641901811260833132166     
     8641314183800925974139026747300328698721246512195625332236130217419731     
     2813872437652536444548065103981209784752837862539704481570951709696680     
     6864432871158504158732719545142845369549650641802891571496571194971568     
     3672785420810528843582662665310469412571126452625813808813126996244973     
     9641754087464394661999744692213456156012377273289460425962883880111770     
     2860596685078331743923335670877178468292438428467691512716856136608226     
     6838113828560612302903760825027835851102737699384628217204249309657510     
     0612363271180873878402805104988539677724295742463242606538272519045781     
     7038015075295764972578934127556193097311364290823534877280113148444468     
     7552467600036624211033979567714790015731930418033054404710319216268366     
     6233286138819749941591401573499974534600730449846644093419189195927087     
     7543248092494332905896197291982747073314799208397116001560631607363965     
     6297390120117767760015572364832239249752035117235514970828521727525011     
     6079970179555409683468607444161102805419443082596930124775256175055285     
     3199457227343072902420730882769002394682378643082223056986037898872776     
     7906442453004268888226954578662499131761480807496690926220586523147142     
     8162362851623425337398848268548304858504689892698405061121723512245552     
     0399865714325802518387543172133690034381377807533064053448151652803785     
     2536437611806721303345176091972716155623546259887586902329280853843175     
     4864102448903766307000266837427359925312019755899133349755794864669112     
     7134061557873124797191653452518240135834793182352017491410982605512990     
     9093196118142371302462471170687009366188914723797897275325297399612813     
     8219628378183680910073989306588531624713832261937267706341420710100706     
     1394623329313630119200132909550764341427895175320301035491765042193271     
     9351940184605750152456449718616093745661349808026093652757465728926623     
     6286061876937135939658713626284101184405619702596454991390298726403918     
     2207972894161319638737845989580125066050998417057443452525219733225617     
     2341908708872627517696103541753985930188227208951949180663970071426930     
     2937732778359879868067425736301387242500785738306903452989724963086396     
     6080337733032404179698202679791987126448520330781947091950522718689461     
     1024434844477360292124438029546832073788092623321931397137632318823954     
     2087644801565268190720424882445512802174372753543112815605559583146718     
     3513961307732333972177078639905610303831774338058814392934318069585866     
     1621089144478166720771419557599180754599025833590432617571331141130879     
     4928533856479065341919450029006394521620684028657987587886538275497238     
     3134207981733618307513813046178884448440861509129366772051953381647192     
     4911701395955150592836973730235440996336816049782556512463145099978599     
     7631911197300317280698841535891908585240551503860156802283195228712083     
     8553292031682222315608363909260722833105428992200329154133306046929336     
     6667359940079704704548547041960521771196422290895321401121626296223858     
     8246459381872450319977951696601990083357571317265390938264277523282650     
     7917909200213268285587613986531706193800746433815868051545356228833365     
     0371860724030316162550139477137168296276201167074383525167113546941951     
     6206254488222518811116411309189314308757331077181371553767829082014335     
     0860593002165399780134123132718141452370306376975520489841291129492166     
     6392726395976403412296375556181843375908282522433087609343763048165926     
     1580812987544418168337506783506641625501677410611798789897707288940606     
     2935380620495555147470450287675927376210543493665729576303164080288501     
     3595089806278257977329201923807707144190999927321631885727261375266182     
     7054909872360000722891466428207260860349295309631162387520635317129401     
     4602956519063415114796433531491585491128979337892942053309092765386467     
     5948855357703781949343267844537355136797613952587994917746309273192771     
     6863047542466916726072114931722869812804930086683402269832296247308046     
     3000899579915482834966066341532947588473394634197362528414135147491569     
     4989391494644585742185505060204327804989334178621635076863468187374493     
     9262969307576259812170415333039544778874029914285819139671004015164627     
     4307572350726511544650579785309857289472498036362052601244280077058074     
     5553782205727707419380985536719485774247850059358537622940512577095876     
     4866844249845855552007185935989000548483995042657969192064278399246852     
     9415671956261767293292906582368554126577639366778377330289538860876541     
     4218967168425976317661677708025956132009760667751534180755210543155911     
     8484034044049950184721392297632043815986295110072483647086815396682876     
     9614707726588958939169321487285417146418276497303562497809031284007882     
     2694962695693767299054269784496223020761856938936426097190817889222781     
     4637627935456411763895796048546802090962498854767676194206454513510307     
     1374644024645761454022291147546032473774134492590307823722650570074635     
     8024053974962171607529268882960030302443933050169691996473131270289330     
     1026452209344796471575545734393888500141787276111369292328403006179453     
     9001407368229259330830548073007965599519498239435501963565289458135169     
     8255914958086440801572241040968468362948032850893131976401360468667725     
     1297548005778262462754203908260407742029926247565339601439943357049517     
     0978599744810496929652517380276694243816733851662037922898741794327123     
     9303373733182276626149010719290303066722200474013747600405710147363908     
     2035498715193771691192481104293864339948056328174027762243151302375969     
     8616397734292849136013664374440747965814121855783100085720178293846660     
     9767086990912452541353573050559139733870090041225156624779065583188765     
     3809958811860148432318313529870848527393320506998790313370191637234599     
     0138096666213347816527179553473079612560958622300296303484613657813937     
     3581645263033860096000000000000000000000000000000000000000000000000000     
     0000000000000000000000000000000000000000000000000000000000000000000000     
     0000000000000000000000000000000000000000000000000000000000000000000000     
     0000000000000000000000000000000000000000000000000000000000000000000000     
     0000000000000000000000000000000000000000000000000000000000000000000000     
     0000000000000000000000000000000000000000000000000000000000000000000000     
     0000000000000000000000000000000000000000000000000000000000000000000000     
     0000000000000000000000000000000000000000000000000000000000000000000000     
     0000000000000000000000000000000000000000000000000000000000000000000000     
     0000000000000000000000000000000000000000000000000000000000000000000000     
     0000000000000000000000000000000000000000000000000000000000000000000000     
     0000000000000000000000000000000000000000000000000000000000000000000000     
     00000000000000000000000000000000000000000000000000000000000
