     3403420010308903180763026906701194550343158590911953731859631111768877     
     0949725501045644995968174553900495255773460586600737712867167475774553     
     1408859208395607409344680564776177030068257911086037672961182518303716     
     0855371991832690112238910147987745907971206901182692166401957781700393     
     5755977043471746503248989642069682788838785454160304252094203965622680     
     7063399321152672111171600285333206360811190895740225601417062382703512     
     7041903654560076309055150574749012114712705756947580307530815890300622     
     0217319490235812963783870983817863638589858877816975322304456087433388     
     5447050418926843217324747741247264913592543514880412401769293774404596     
     2153469846078704102234272051114413285364563743682832064156398303901949     
     7335253885622037121833971311690013120567960878306981446200363592720403     
     0624818281531484912917571473086035837131266923411091321912602180967382     
     2016253697026397427698423090964343863346305356636223843223765732371314     
     3217041579143105782717416833273548195056843013056689058662633328248331     
     9409165495611401623620231764735299389635176038430355889332657866562039     
     8565341606305278422953469350754391704105472212151878404135568734486151     
     2142584002195743124757256598109178557210468138415353940775214723726761     
     0169277697823571254287247949525060087484920251302929451255625487740488     
     7017408608574529089556427501228371783175294138193844535172629433447692     
     2036842186095956404728226153612067605693526916900551134942945064021771     
     0245254367208557758580691885829396992193141387569314823385251207403866     
     6152420213908717118591388109917659124304518696593152731572339701951465     
     2330818664704565434575306492852971241591297992048731999200527151272325     
     5929406094166848418191691913315190839290869853088171002899301751960199     
     7416947206228709521999259516252754023160909203644607583067722808901391     
     2936631710278029859756749439000905079780266361884759767647385043907246     
     9066877350186123939512203077234951904443328709787915391606401952219069     
     3737046856966000371997042398858446788560592680404858521018798389071574     
     3340887168512397064049848314788355275466626738577015316419141641412645     
     4984575245434281145893463675337873979041168950106179248765608871243659     
     2453881102272584848515042137174690410911440223532618760222252223914760     
     5003758454909115093265875667084500024370658164126924776872890418166291     
     2435970846610942393793454249767314001813189294871967386461495703430359     
     3418910252373215280951052925428915871051254497908965371710438097794103     
     0066017660801886598644437293127781644012054046566163294177403145716293     
     8005988612103846192317752633932003759526209220528622690796997366085588     
     8667425850911132029094227981495649382336587156187840285950090395764769     
     3473025236699912780846363997604151218801148520212153004483524823649836     
     4235177838748113486996708602760114679059155591454338916149968707452136     
     2098451729591423923736267033125989275349939340153915384969500180326544     
     5978601090746416758594311573110444209214928365230902666272254650340897     
     8812169257037832572416250621001265994605005179523251065238031323886015     
     2328421413626334214654057847549084896383721206399908194454676665967561     
     9823571785232945134613727430293254253984226136525603000016706361643299     
     6734466784003104228285394567435422738480251995439080626662725780246509     
     1013470929874836225228539349059287409312154348970118603703317005495067     
     7238111230057856845517516454355875594425781291127005406314886778824962     
     7886308809338995667742576169865476305335881296442408555695248874988695     
     8039675378209037016589728278435589944700585048937773070898732690934531     
     4771351180265845104213245345471549818235013238908695260576080115057307     
     5478990474945455955171603317316808183100484373729841389626907484079508     
     5169793460184333767642238688579986910129095232726074139632618159372296     
     0316013040459211304362578026856389499026088652527860649138805997708520     
     8167668545407471977203184253503670085135916271990294687674615940488669     
     4704770828048181356729452952293155050526505312219863475711234287016867     
     5040571949220336238325105295188810122439904590132114240556251680221871     
     1632336042304652742824933711888681057354948791203303940055123037787274     
     1074271522045459841825539454901723295033851306711041461797947325322305     
     9391214340045677290498376109758422819612253593455009093618296356212668     
     7343266902946932823502265661241174195628732531091990688815375441892790     
     0237483496644983167368950301859417391108060748106884493159182712412788     
     7649027144071822640915609727886738344064326344983197344472770373810212     
     9029304817600775817316042098805449545451176560018195236200295514551166     
     4531504900661414157757727271587140946804369266194008317203355217140021     
     7914321918775866022528540905096909121566657077324423716201271271451059     
     3982939947321245856420554011418002156034172333015978954790149784480478     
     9487219507200000000000000000000000000000000000000000000000000000000000     
     0000000000000000000000000000000000000000000000000000000000000000000000     
     0000000000000000000000000000000000000000000000000000000000000000000000     
     0000000000000000000000000000000000000000000000000000000000000000000000     
     0000000000000000000000000000000000000000000000000000000000000000000000     
     0000000000000000000000000000000000000000000000000000000000000000000000     
     0000000000000000000000000000000000000
