     5147237415682806043669091410040255432093001824073771351091481128807340     
     6042495583798786540299134603985743197137667963332719734969603951538429     
     6347336667434615412395759304988101272584261030900103825254552547227301     
     6867057421212359439102278438268566096436842097632520726661696191778631     
     0375243326192368721457407675392356260620258927928510147432528673312459     
     4186478214955083991425953735704946537099391114386702173669367387190685     
     6670168443224053147320445593695839234030145001954688975950883861375232     
     7386663352145721266616761593634694905195812593114241624977540947072955     
     3879405305803918053446982111964243633252276070859915311893458286680289     
     0515667503376855230106263749006483169645905966744043490415430277575474     
     8588240578993927802616760410432752472601178857178885653916667159688758     
     0809436943140791723318578730270721423457436479140267844713682857980207     
     0648610291422093419132582739095608269788254592327866872745462061390198     
     7667617714503719835413953671285030907071408018331596795984166146949151     
     2784379393815664120939207589513622065834874552593089605227130266382689     
     4691604361095813745107181547915312451259933800989280414072918776645984     
     5218079055490233580287460229680530375967015101806834520624501651111639     
     7534453368062370248959839188029988336372699854144053995455238973087474     
     8356869285475525393456412139778658507361121330143939751659122435199000     
     7421857459783757404266021990463895987720228172481916344374283927716090     
     9689002606353504348765872233543352004557591677779459918153093124407314     
     4858813075096705106845667677148527174982268756270371721515721857722552     
     2186862657525378227558028028317758039752595051429608077571609726095591     
     3691227431104182564728588219568204265951096374328000512505628916274143     
     3751694837895862087571959084870081707454046424679281907021039559814564     
     4920081336935923464007716315488576642512950559129941380825532114088914     
     6639024296358796848841309716946795957826521289883462049546423287666337     
     6183752227899410288206617270616569109734086201970558454975081364818701     
     5756656672273809148458573400513392240689362378683615392721566055298777     
     8621521538154534993599924077770075536340051246437067567785336438244139     
     1669563550832259109545771568907902562663002893416833292573288629804901     
     8992617366624903782734838518197942721434190960178957991858282217507839     
     5456774781924927227870029644811766087914462883538682996818978029831265     
     4786906361021328492566975929141883040939215770565482227581895293339100     
     5841594401117712793543603622610865583157716394480729405573780917110551     
     1328582656029469706788580410334388890485487660777611516983125878043929     
     8049459482901063479118049203736999262996914291027709378914658518789276     
     6455770629769333778824122295686395586270258088558797071186706732376218     
     5879535400199927487256404764403388820823051516476218263213693557778060     
     6433780835807516572793595672728894269655815834662434450160771100327548     
     1068685524693838937903166007875300664030744402288426128102030129389959     
     1241082077425728092575791417461857719418996799591149347187039404115836     
     8236496193239268201639877183418583720852914161295498662624846513879875     
     3822894737413343758741419351474323937927066956752395536837507756334131     
     1013560905399141603491220702409891627770908856938815873316898390344485     
     3585388022730410537395245559791349717485818009735370940653249233318824     
     6435760199768657032963677506601927646225718835462551760491898731467123     
     4473717705866032030926995327958313227802828886814882510443360622790562     
     0827358035922406582797101982938047802665542636239385012125425457913729     
     7700946249520321573845106666341507523747323277520696924422793462387816     
     5180716984498374607286697982427072218597683557830578178344601621321333     
     9014947638275447497744518772672068260441328059801945884957326356674120     
     6934430657702010920089412755725548894599170103559748933059263996911191     
     6314650027244817427147330321671690605296320780592288504102194549736536     
     1189659690104254811334681485725590323992795763514384089068426295547327     
     3557174140128226575590121153662239563058214332915737399162993426478352     
     3923022618513838234482350732476461763696982890800090284111189949087240     
     6052264933426196189746062123920679258054520405681543370035667709280668     
     8165649470493174180622850888245023732555335753887786773090758176863128     
     2450543177569499099510618996953974248679917466532116829356193190754588     
     9858372956245389293643023800623748654740290898418437406405790340327051     
     6388572993466443857585594286344815929236805518814896455029790948755836     
     9577113587087288802981649709508942766262162641958034226598152268172694     
     5149991306636555043574839254243592748230001571386573963438701787740467     
     9550161740507120027402962257581655982542330031335982963920679380827691     
     9480716022955959708854709732532057552867001508052939606540294182542210     
     8953905526912617764931475316610265169620321304901480612501980802711988     
     8007183757923864755893632380159454715883108895242746000288470079128129     
     1955927364828049527880700499260752178465830835219331359703789150103297     
     6675463665473729019599890168133304607856055287282559267820770410991508     
     6593456160315357419124560671498981267963105934602464210954974786245535     
     7625767789058503407579900147748089464238256475322709638333966998653425     
     9631271839935406315107697919465002242650531950680718896729617160460128     
     5039422028419069740473808908976247549082876644696804837197545736856302     
     0467779491042525433023639614255633773464310410409631558138540235536029     
     8250513897597293802730080807842833693368420338406037285467298719155211     
     0288424822048329509515479641609064875733156308230389900973871406554792     
     2173489125612753968222312974307300305307332314778939981470512460983510     
     7222163175712732563795377553324147905052316437048146289840537135226569     
     5316039221495327999842405597565125832087936618592336126310729492410440     
     8921503292676671055302916658798076258104302516890374038150700097277690     
     7385213714314585253142972852196904095462255036520846762705087089222909     
     4300199490966705805025160849211836156296142493602853292954791923297912     
     4505050385321396344103647060511690093814174804054021434218523451186735     
     1412055286355066649045804247330647372501433787355195005928337697797409     
     5993896960000000000000000000000000000000000000000000000000000000000000     
     0000000000000000000000000000000000000000000000000000000000000000000000     
     0000000000000000000000000000000000000000000000000000000000000000000000     
     0000000000000000000000000000000000000000000000000000000000000000000000     
     0000000000000000000000000000000000000000000000000000000000000000000000     
     0000000000000000000000000000000000000000000000000000000000000000000000     
     0000000000000000000000000000000000000000000000000000000000000000000000     
     0000000000000000000000000000000000000000000000000000000000000000000000     
     0000
