     3448208655856147487102782846262407124991713496511263165068866995326169     
     2481941322926502695077904403777190766394750863361979177494679016652587     
     3700409859379808296537608366762796096087656797445011040072426988737649     
     2732395056873973533802201580157753175173804299932223059898031725566914     
     3969182665033804247586168464596616985996550691787306171004603295821916     
     9672414231462515473050443789932533150647479498632675074831669484663924     
     6367290939315205667766518318375278837470691071749665535818869775038471     
     3603180929829549359707946300665275108534145420378136951240165596523711     
     3530808060196475982955874515179781801000319623665376762542003761061447     
     5206405157375891142411831111512196130495148298873263243573346686183193     
     4555847218079627247836608271353209937929937431324597371794428523972200     
     5007749097949116841631821082571145275629874606037944286693064735705877     
     7358044011463882532467331924170312081418876935276962410511257535602379     
     0924546063549026290722873475930475199605373494687834885696981882234774     
     9470109705174483881510728214428753450581059074953309523690679177707012     
     8677598993187896587123131231090655155529998663476969235018664011798673     
     6725751227359657679940627018492711821625511824704356658379715478792673     
     0515987650315151419642031073890820997092605567953079634996036775878653     
     4950895559936396209599402518760358486760187296642782413148994068373768     
     0044884983150680010455787631820069214224197485230238885721075227841518     
     3811607561308186536191657525429664312483003623580482918787415793378033     
     2922526644329635477089111334710663350982490421686721048364627191187152     
     6643955947439140616904254457433648192485499296568139981024633843595463     
     6943835694970739414167975922840350223427418994052077376581711750708867     
     1747229883742892232748376314202034061111855982297140690824364401898028     
     8156485711593945103359684998720015697432207086066556660650040882234682     
     7533576094502008252178345582243187800758197149146571331064773328746457     
     7060044100628152931130593436984850949321544164502117172035198825114585     
     2240237328491026948853073179466244712352221988542002999435311274955927     
     4803172999074724342593211575850144908953097982353286211619281767124484     
     5590852065132118998651373282280301567373162323049481022753405201594733     
     0847272969527760388894265416604300315471310972132264750179875582181871     
     4937429195593905872983838339121927300329852862116559923312541879398119     
     0502032252735840259295254030577017227491941140100633639192278299742912     
     2368228931737234463059818347475628433014405158992871952944020645133371     
     6903849770475346307987044114731683308417839187158971648736347735042776     
     1300584273365707637084601872347748912382876276293571391974478853035808     
     1734093589055565414062198144950510544444505355083913223009025997147268     
     2631191146109182421711736746174196587836036687356090783358510741095288     
     3213551614932749069388282469451769836166913839010082046809717264341981     
     8959076685958683604789876447858716745624629108426659864813806146558948     
     4093337586385129640352642206947862025475006253132520787872383257340851     
     2590614136674231886566221099049036537199352567593659097161802521320901     
     0949293890918897524446091793929290943893528538886793028200175438958648     
     6015303534337546251053606282257653083736019577771340004693256748748498     
     1528832536656177915544467822339232758451431527167032691187599792416423     
     2974985346365206156650613080098326226865613471312549384477153819894679     
     8903232326402577644266597942097359707115229924643685737836912719191340     
     6298567450774794618121063057602426925320463615789166909021375722329074     
     1211783940658558895977761122250588886901097645476527148956840967624474     
     3491752651497470793995449690767287726388323858904565094604298977683334     
     3674335052679261728581301368697982373076634137372818876684438651797908     
     9587547368134734200674507272193059626405549877599471172539090035808263     
     7571070295746970472081331345269350322489804170737558716190566006674473     
     2778541047279712769386920015087077760201597936038555232388755212829889     
     8082068807328006337590697342019520503988945824648371512951304375046099     
     8578891288586069982574426820444304324813159706018264416710641380647929     
     7747725534916875492792888219741277946954836975485631762865127199883230     
     0620834848120973799331491928424446318251826304096262185253955149174069     
     0054246944338371352221385952256158168888365382424531914733656813242871     
     1405293942750257264435832328572942630266213177117317869991848549493624     
     5779532463617618419605680008120251048368113177793572899728628044498736     
     5493720350720247805549809813711075049592269554001023690672069051385563     
     3376058472794791495117295658091619939566911219700999522715067692244670     
     2714282172973458528126381212739400700370101894668125161957946648699235     
     1011502081357037287931567447960555931370097115364924291406109750944256     
     5274699633158338984821436360916666625737681454137111277818775012264983     
     1567382528793295257803011908951086355111318764507884803461257394004475     
     5829652595134257333206928090686877123337266626539509191528355057695027     
     9936786659569745440840273884320809915794051239052528316600759531846969     
     7010920343233256893582794180572595391184889022509164664056014374308748     
     4466659394334570322681073885902218433256515508585670887303737246374826     
     7044956298688417060031493169025357101932205691933840088303823534123281     
     9554952492867247934846292980645099604756190085077733348658282331736858     
     7611634028990041012031213931976173481052404269661840634801118608031716     
     2151674244150192294745005252442316272547959675038707698268502446680487     
     5767611521785113757779416562340337092286785746755657565324581116779855     
     4631245686773286744822303917630858999095265220081926795595996216757701     
     6610917862360197404570642440028705378873674208900443110435693106073131     
     9671139216639600888059399224672262917764402496112197967838260718528448     
     5183126384130854906457464962498581776015563404210822680859268974578309     
     7179134287946300899521265103685759866346461856096210770549782510195444     
     2987233671467744277305519141210416133909045318902627686320507956139122     
     6319045845911713266471958056519392353659462477496069110920702058847052     
     3136426857598147714894035983915513990100761728253305366781139390038586     
     2650650760234829472838198176719441506346964369667956145890882612200242     
     2846570801407897252417280324380953350828668454496989008140651881648781     
     3061262967796952182115112353571440779772316079591658048033607165004731     
     1356045715672279908277498048946113358993172335377866766167972280306665     
     8371353861860708739134049209088517538719275767989055466580404631141489     
     0596291439623296218982475432737411326955840352743834248097747896637924     
     4794630460633031190749571167615269638914675943013572561794960547541615     
     6086021402939886747153208268777126689320000047338906010047268367274631     
     3123423688828622651512767674683148687883101725291224425280811650611982     
     9128635431799714079443732181625940421643444412610299860536837882886179     
     5000848899363100273112393644502866936181127416064967859305634048785116     
     3537894767592252805929555923131232445233184263628658620556962656287375     
     9338794402376961632161379776349982717049303963010536429985856596058044     
     7864519297384613402195007543492871344286593260358915655717058971830871     
     5235702741655976499280546347973737770103515064421535919598332164492589     
     9877143092549577310642198020283030535149736266017137647631057662085661     
     2023950416442520976353903497383676086832396163824613781022662515307466     
     0220199901763780123969985377818528161530472972485214211200964147632151     
     1654613304864136744907983001075290392010224744927536350834944763205386     
     5976024010149929721006483344860749590344217758198151098516661085351281     
     3612620019026284109653473513139106390310235176938639242557223504899289     
     4114284282609819530664527386541580359692249749436448059727898074678620     
     9108102567247974831468346228320885561003488586328221120955941862279562     
     4825239444017147973712049011975116128738230859464598395481234810117941     
     2357737575740961382968659153981039718663279542909117081876817383320845     
     0610714546109287975825255600567828752620118741175046033459965887802334     
     5612237985228560556969007444596480552174670161229337061420691124472867     
     4673911722857200886245819280507815150728244838642346647821162549364928     
     7715990729661394420183387568393098878658814204099542752739164359717927     
     0000384888856147598324792435344337690238872645232076307241737089807596     
     4144153860462961525992049981067788415909981325784522956153776377371672     
     5359275788047637342838131551446027665520055651865590468722397272381812     
     1877726258558645279473033325797188147666096687991664026646911467017175     
     8651708276884982045419083286568867565362534768692475649105179341341387     
     3790728208597828667531654635674910176085877822479218204774025595777950     
     2627099873023257839264021812894984000676303442147965474999690165745614     
     7441054414477432392445858077482298876188743082504614230942526958269687     
     4761502782407814879738607601090536373770747915777931310326873390733475     
     0341244155073246639059661656973996229035450346837638755309144841608974     
     4224750348518127346906287632422522829717362966970500047771583918924524     
     5719168689019575729952159248470827219912630745240731392709874978546458     
     0343421397788108830752256062445182514924462719267730449746545586898128     
     7798739351010041402482997145822642392808222987090102524000025970279863     
     1090472612582592318987219958252932370164141685097558709407012199998319     
     8390417021462646563188297980423710348214268408736650616014070701138067     
     2583002949054037572651414957889944184585922581856478500259742604698016     
     9593811814318571631706722714407946180738239336745663208441442665845135     
     9327720594388191831046944700579787913783703316041453558072595245913814     
     7234845871267092686268728032254327761792624185653948312875719868826846     
     0220148447809613717753483683475380997025745261134963582012797263048709     
     7504188916520448758730205023635805460203550253932515914012566486335697     
     5353222466749175612141313011274595860001103601584831675712614734904825     
     4925173416336875960571955787638796038359295330485289071806361074208202     
     0053753099344606084158381740306929106358036520835424990304912666977584     
     6426610979302998760657883315189600244908248773422187745962125795967328     
     1813129336296614007761457530411673882766379568029576957056893849156044     
     4812674847988882633830386921871130258673944472675766157920948477144132     
     3183855888574203785072358463489857341006381967219017874009234205651416     
     1901057347645966803676841569154149060819814941502985237244707391994800     
     1860555341319915284336230353585872864850864196907213024162148949409294     
     7227260846808946209186302684839321185277626269104353006094735196578460     
     6351275418433292830787259447037096008141750024909004476374180062792454     
     4581708496626523017318805873819511741634465367154407312369024183217126     
     9877345089411882874518215604592028154783556542139095604454501244997061     
     1004623000395153735798411104575516265276988534854834428395976939410488     
     9874886569385536476605921523202537406387711576383349005935909465252188     
     2376673532364618731828881371324132479904508598173351127024927451333797     
     6712116469638317826342939918414052512452901432971702318410265159273911     
     0564627460674478427758850580019198139165168042409696905495801485941686     
     0913535175852682296758014006641869065070030922611846260503368857675683     
     0557562763725196394222378076880270136037823749874263622540412564715141     
     2500621349289381326984227456056953332382952805632922246330307390349274     
     5391535246126953448079922212279125229543906942572899050962390442055971     
     9487591499150274884417984729159046294998691606883450732070309605527838     
     7165082658855063811847187156229927171236100632103117010795673019287747     
     6291958821532399081647460712850758648414278521066363678347213892875362     
     6952916022479910865688196571579875934768606953588672764872184554849343     
     5141895913030158383126243223807226735249745840997854776745763879102281     
     7938441936488660585875993067903258379375651608506018830488696694509439     
     0042378898768464087299170354284342984129698386120656102514928931341411     
     9747287634131940789150307555956360960499932731657485537544011528472317     
     2531764795165682039548021152349228290507582464024632197736522898381013     
     4912415238579201488662394355137707404876842007924091652817151102023963     
     4340316631474580836066404180110277075263092248902448232288356406852693     
     2186520815436216454970112329191993612741168704111687945872847974629811     
     7894299449375273606154696319650298618229508120758733268469619722738828     
     2786708769082059258435443097274729983019668036274010256542634416290423     
     4188811052256817330831920390522284239274739904859702029717097183710625     
     2339269282258124288848770889172321149972462558313431217987575926569442     
     4952076450336002070632594729202104516041278330252818620369841863431607     
     5463759877313572268572904536545693194633862570924261387874624970519153     
     1513733270209588437215485217524561932369011117880045302410492582601451     
     2494494437370189310679012354871727168781039817695112570536667549324335     
     9505907034926866597490318561972570006167555481594371107356511644317135     
     5821381486505227315370900478579217189754403506711186045348379803540131     
     6903236191877555534392351745607169194095275698886934001325531162379557     
     5595087372263870352687074939806980080543699146081313813219397568170011     
     4375065430718086743578227871894547088930261780133303012740537034533321     
     2630612649809690979457575053726696202680329497337585619109023077914666     
     6221732839712854817139684516931698502302411738054656000000000000000000     
     0000000000000000000000000000000000000000000000000000000000000000000000     
     0000000000000000000000000000000000000000000000000000000000000000000000     
     0000000000000000000000000000000000000000000000000000000000000000000000     
     0000000000000000000000000000000000000000000000000000000000000000000000     
     0000000000000000000000000000000000000000000000000000000000000000000000     
     0000000000000000000000000000000000000000000000000000000000000000000000     
     0000000000000000000000000000000000000000000000000000000000000000000000     
     0000000000000000000000000000000000000000000000000000000000000000000000     
     0000000000000000000000000000000000000000000000000000000000000000000000     
     0000000000000000000000000000000000000000000000000000000000000000000000     
     0000000000000000000000000000000000000000000000000000000000000000000000     
     0000000000000000000000000000000000000000000000000000000000000000000000     
     0000000000000000000000000000000000000000000000000000000000000000000000     
     0000000000000000000000000000000000000000000000000000000000000000000000     
     0000000000000000000000000000000000000000000000000000000000000000000000     
     000000000000000000000
