     2322962292736873926446457326044687043719902244964224687886543939453212     
     0923762659693069319917993904771921684112629927745986432917311223027106     
     2953449154786723782271405890428543112523350078821247551036931706160671     
     0028475456551134291974750836869189345961935221628299262784449553611293     
     2479695337620208686901946985316584573420812979908383351684592795367407     
     2538973504278570174846044107434466951129476635165591272873005082065907     
     0807585330023481483133315189866935549703637267811371014217502204196217     
     4964425009326035620115013736455715805369085695332935789348256974179822     
     0381581776373648812119291872017531260123301524256149953265045851110624     
     7587516488616545381998020433274138160607329116583529913058190217601923     
     1613078429068696299038508194333662475013446450578307665003513593499051     
     1253947577113824493860278991320367408306805076048797830458851515847839     
     4837579552284307702534139510285985783779625581995791257622729106410314     
     4346056975443739637164388886983817467872354606423631401562798295017089     
     4594690728956511941058377824110734282572889213384438923546065608654156     
     0114023343542691664488203019427266141429699602296130824978926468030178     
     2130215049320756410658934826093654723589827361385087498110109339583461     
     2956716678312956829541371385438454457345778780645060191479260679208076     
     3934224803932801348025199316267676719277067663937652797037228671253357     
     6812883351329215905000280973756702912421484012154331167824664502983753     
     0589202017337610386003133778492356497605683060386606456837573342445392     
     3263934950329712563674377598552190892691389127986861757307292064397966     
     4994572009970428440572182462611459842503587225360187799181350295140809     
     5682474522137338234253490509742811362815444841236509538026902168233374     
     3030520168941815562236398148365829637441663554198080599073601417608475     
     2750477522289097046770911785221661411136130125723067580836717061923068     
     4563738257478600710956300104110086056375521444623954413302729068630051     
     7837084726246086422176327800799846163943817748772539488144051707961792     
     0148146008917227950127299981466728513540896018614663483738959833383840     
     7171654798240720649489304693846060199877143902700337010274772728493651     
     9030536936125291355646103830808312769400213643321879189333053282093718     
     1985595981890848011445040873996084104261334821731905153080441066748404     
     0359294193390534900521994704839313216323769446501165320858194912143138     
     3828485834717434036292122792682377015801075845784037780458538089312217     
     9254519940935292977542306493076046133144635647728101009567703578845513     
     0725686344169405873087484479867688770337051913661446562457437859262216     
     9062852772569953136212451094922945594699163671164959294583098484153039     
     6541817851036257323063658501769798978582552516501132382954795442910470     
     2524660775768226818128567873738855326498971477722738311453112895639164     
     7403708315680946261537004839894151546451518315457753621520085206443284     
     2133143432335522827007399177983705470571514424529110782077100071986476     
     6504910806797809055022964224830002823913340624999810940010276179290483     
     9173668954012564998709343934844832691385917879682775290944825847671562     
     2268460169089639547280041118455543781932577454124989856568287315102364     
     5241672532251888972436839741522858269661986630917320645528026526375841     
     8292531526383018758992137962417861030249645016833916656100508724128292     
     4843714625441306899943570136442367647405645455672208429794499771751753     
     1784211167216746404335484596364057171765659395101917718174050692193565     
     4783490725073710566253000117482369554702488727907356984339618118102143     
     9861699220139014986040108328857454366790308133552494803592455361814672     
     1925830706340596159301713049636802054632050557078513051462430510964471     
     8309021111281550979799350361977750607291475117237197404693174691977449     
     6530512872602988418283361621346623499963193529682536834747590539604739     
     2643139496035045686342063464210364408448777372129407321507288098328205     
     8792757118608805774937152645926102699855799719010295025799638725894244     
     0040130468484812855203586540751354957374161616515443618811100649923725     
     6150213162949853435502193380014620063449412757099023102228345225233339     
     8831675789589009910314777108066800862673012723901839797203692440817804     
     1394153694268922915622473108071055755749689927964561673951475858116609     
     5150151808027192875794490828166838244129861586950311241374677242792554     
     9047750454234813852877076841957017474924933952961565118785738172459329     
     4348422182480195837127901512955420419583541310705817121543955045900391     
     8721916502674771748268435529970589129442243600328650077447761753671883     
     0912431481388232086759658236217543861045088520645344899091056885771420     
     4061262143149845493194147903190297381967741217549392013895796750073903     
     8806874469895153667978641433865300942492343277254141762055166002542391     
     7123597254863005693875937740713051691817163640718434599644897806127595     
     7483167528372480174732950127286648355471705615836960038764331339593884     
     2081184768835815555282818064645514622807093928750646401952107909759972     
     9396229374431805501933197797606887634694604866923699632609629779342491     
     9351814534760702549328427962041020581940857130310573173847342394376414     
     7837541583622143722585832229855481187835753401573226817089194424130813     
     1120006713158014371877802181085649805245962940514721019007862576306579     
     1376711932544042746895466157826570561205153626067608652850517156884973     
     6513488783913053987358331421971647120638752320394603928511210110237462     
     4987176092879777284372230705263162558192285872321443235761039536211615     
     2435557949552408184716997460785365933713420026940704491094759310295023     
     4247152859537570023947602820899531471205336244938952649444026671111340     
     7787997462559583327644449040650169022947610460939105755020963940719078     
     0875971899155587690953004422174411397979345033418184766211618682856335     
     9498143629319400543112243919600075133610181538343351088211898221129887     
     9150466539373493587429182256742790554948694621023163531835744836822597     
     5063145999389930476787535975600832216661859213859783302001487627830559     
     1062439269520993407212035452571563909304894859280700103326875566773317     
     8124071796900658362276563052697778531549707520369670784546575149662984     
     2169249954652182807845813626419575637565472600716263865848722839571396     
     2696408531208249337791053353860859306709369495112096674565225433899060     
     8138658906849184544421905780327202281807267809772121567874607715529457     
     8395710279897254876792873904593511361025318529248255393426689523953314     
     7242879437841933992770930818269506565545246978372417568076914401861986     
     2520426661717147223703240889645630900015423151077156270130633036137960     
     9475188038272641439059576209746623673332624824956877999770516376325487     
     0771823256445882370129147131934122804740080785040534114083915922365989     
     1282907956856975630710992905845751255364932783339189051003678978364155     
     1736990370143023146912311289114205593734516160968531932222781238675931     
     3253320743463326643521356581921445432265652787765393362322739673887151     
     1113177821020541592381317734721450995504175111812483343499563419716550     
     4378700431336927997983547236227943765281240556760662843570254170074105     
     6325705907172708426568753540711093062468195845349900736153794893066780     
     9251719414780051284721001143746703598824412516610732849426888319017574     
     9761843774877278046157171557346052045761980225317851781221340445784571     
     6543035409157921779040943657131958899009914577243712407898877289672146     
     2210599512208678361462469657336659515554241114064087160428014372876486     
     4816386708225269749792170169227885203586873057176113037846689089107898     
     3449309788938878218813426175702235426347190203340504157823260704158744     
     2924960682946858331731585608709933866450581917690523652257415579439026     
     3048239583711771203228751869731563897927993794504079752461494190677598     
     7448913933625429177822252712308124779712290127262282579642714657409627     
     4116363618374032289833013872413951274889467816918552653251179573958315     
     3342668333862386345768773379725476447537317942744940816783600302109259     
     9846593792073146936442036801277580087358532654547755172135060241686120     
     4479547082147095743662212910515529118357300846291788686507746272037285     
     3229027133102980316030081528100277159208595433481290516725536822501897     
     7429046075090953306325147831279061706455640788288143360000000000000000     
     0000000000000000000000000000000000000000000000000000000000000000000000     
     0000000000000000000000000000000000000000000000000000000000000000000000     
     0000000000000000000000000000000000000000000000000000000000000000000000     
     0000000000000000000000000000000000000000000000000000000000000000000000     
     0000000000000000000000000000000000000000000000000000000000000000000000     
     0000000000000000000000000000000000000000000000000000000000000000000000     
     0000000000000000000000000000000000000000000000000000000000000000000000     
     0000000000000000000000000000000000000000000000000000000000000000000000     
     0000000000000000000000000000000000000000000000000000000000000000000000     
     0000000000000000000000000000000000000000000000000000000000000000000
