     6487652386875421055890315561490562251418334507836924283793682160540262     
     4335319499169443065753900815353839498382986954526668175960765886098695     
     9945324455752729124322844021863526138682076233994702618281949465267410     
     6007829031484238164207518054148312259651595036980396702500499072962918     
     2722423409282441457779715867628706146730673297559218189787110058511708     
     9013605164069046608832220465068674235787546320231915067366570368007792     
     4793140431136127856754481175769573840189251628130719850312858786444162     
     6361116755367076362006108342589729846226100243733843889151517488013151     
     7163929748329868113417466729860664631750755947529379362076846377930375     
     3496754136736266960246507932482436635228859174081817292570873167876600     
     0215319886393585798135371428093637098470706792165959172625349900113475     
     4290725846574639421536362891354213483220888932489915518519392301158724     
     7300948292173792274283845720340320157632658722772347300538111238563852     
     7915805868760477588364234293679500011257305505941232285101920450285432     
     6719177773534582052153427244635382234856173530184630219230944721151721     
     0320683975674293571249750781789519537899117321438744694375994359399998     
     9091413692601378276324560481405658193314034679355235249887515015245612     
     1355889240191092286538392158445960021667766718209892230144168059691874     
     9535700492507473893140403650414946628863997150964015656902785976460511     
     7535380056142854835508466712344513151277437576042931713008698899587416     
     1583086977208768271381231216430048714074856327222720377064247373743144     
     2961175074727162719034824341214419152672051991975451653934125309244926     
     2542657230302233412911142185165612678177653047533348123686015848202148     
     1783660990213485314065358454218073543346176664675730718120417565831998     
     1845343660167668915821070003528944637515632432776299976422256887600668     
     9854343092559556363439769797679297790148122989971794805848237365783229     
     6946784790069253879841879290053632614796979845254651786421774956256407     
     4122720126193794777088457903803404947419549058285054714113922556015777     
     2014865343336430236180259687479121431401300984053456155272866971146997     
     9060471347695513961031693009764814069306182874565672977495585378859518     
     5111526591795821838904184489753128288822383756408496813239173763060741     
     9546219448688908279071800409530602353910235289466809247586292568981027     
     0772629029935967126186707410385724962569121884937617783600160939277742     
     4990434173700790447139966422832321047808203757322120488579171738225813     
     9072841888744773972087985270706335265953517371817792243108873929143587     
     2354401549068236514527907249615055979466480814159952263117086373140624     
     4364745378891000089514702126897308763564005138022451186901375490336681     
     9294821453636475692839480077594727868628727134688949601900747755267698     
     9632450383105324164236627124119658117483776994043070257128376231715880     
     5926224698690117849986662482744267258200560303124316342559095530513442     
     9327782513715557357176677321122335251021636266506635951622366476415267     
     7934695479267030984092876112349326070205939157572643820753951810340990     
     9324734558618853524467018773415959429011719937199624013706622307435992     
     7910754294668580091884076771421250037517849672796906876515501132449471     
     5647537063903025908254532798929110995100222575090703299112568188595243     
     3234189861728992664953157307799841278035083425320613749947554835656838     
     4175656058089327958633645404603201559154569723773848881801543218672867     
     3154876833559252849573525843046778027514213099612579095037151782728142     
     1953142267512546483122917411370721452625874948903622294872337568536760     
     7090118655182374506660379652377959315352636837486599134875088518035427     
     2621179994346786412026951839564906447966853221250341779786352264136079     
     4227150040192473420287789747368586067486684833853090078445228721656800     
     7484757331373715464224622896028267260680600656124752426069843628846009     
     1650125308232663685126122671166124741354168426989122609429196647575783     
     0211442822102016373655525958746868283821196052173078607689497655746108     
     0885758977941225262841630118642108427302994494889348819700884464657510     
     4611677777100973790628110497829908078684983521873545325608836484886165     
     4192871145113563507989589981800962756135413952172755643829432556411524     
     5967227278235224433352254571007631070408209299086607013947208437839045     
     9961307057224863243671219111422537933664148839839774562942320774814094     
     6914445928135803224867156438864822427374281022875678030487532289345716     
     4387489081366075311008454219894405565987272229746643866580371087444472     
     7861729475672892106739849734513805335080164906617547535750904200288117     
     1260164983454702227121530628959728453938058006376668655049302157317411     
     3354638737377496598856016543473237144104577895594547333589817773712464     
     9981033105174694964377233387850755428977181444434689261190660700802453     
     5976811157980194579320279806188182542661056582526587887002128863483417     
     3350871097517415385626349991553837322313450487306307906748675482530841     
     1167620655561928974133906802536806973852931354835202497036153419367647     
     9555516007102170823158554997071006007974130834235213924378384336625136     
     8085412095888716285215083566475359407863752371625838240309939519698926     
     5076179314439156699683231435042271398895994212811246515025517560282433     
     7209247501825868826888934589942543583370943546342149993282488865410793     
     4633423928327556820171874467230884944462697004905604168777140372666737     
     8058096020831708245058295206435196562470442111185216107631323526463972     
     6519625367304918585775135951632809338906588078397250920547878905192448     
     1631517714072058136688632338287082874996338377130586517048592174255038     
     5433088814800543169240382320979091654581500979690333648529897055814891     
     8444270789391439356908545666265723549732704910401327408461764559234157     
     2861024779047277990265946686205160062123679707433182067448069976616981     
     1665165978212032126614792152365193186166783672164916365851477483585781     
     6353663317196907991949884810937576134304894522688229500749857136376913     
     9769374212629217111948650986079271219200830787661587137988594595487583     
     6273477911125516261822521820595594320315641893796950943401954735001489     
     2677552735382288478667282208242895372997583182532362671531054299249964     
     6524822236162885520288640841001153440073615760223865267082975910472366     
     8796065704585262543746245199123081666622929078801246683233612550445404     
     1129777028691462599466059685325522657699889805221424285012962555366821     
     4259330045620614903573234525571733566921373860221267755564933559423675     
     4810970717090475386049982269543972193751562680355003536682704479593719     
     3324665296906194077224491807148880290896312430610081991590808060976918     
     7681326834845993382827346764396976233267986545842874764051539242412180     
     6446962187600033225965996610133128340376167383040000000000000000000000     
     0000000000000000000000000000000000000000000000000000000000000000000000     
     0000000000000000000000000000000000000000000000000000000000000000000000     
     0000000000000000000000000000000000000000000000000000000000000000000000     
     0000000000000000000000000000000000000000000000000000000000000000000000     
     0000000000000000000000000000000000000000000000000000000000000000000000     
     0000000000000000000000000000000000000000000000000000000000000000000000     
     0000000000000000000000000000000000000000000000000000000000000000000000     
     0000000000000000000000000000000000000000000000000000000000000000000000     
     0000000000000000
