     2068959974401172337960421221221569863014951656502840481478751936084285     
     5867774865636151859072826926887554256855401356371003883813287498346973     
     7746208490664019927882847139421470615635719114227158910038125570501975     
     1010276362960062458638417591733517742901582665054785565538004212947543     
     5007492259582192173482077268536633835610546117470537171213047671292745     
     9244928034670821964020223984353878628970482720945900150142968635026390     
     1283155156340130705389998960710473279714822015793601741586223624903081     
     1836538076307594269797940156299170693442247826152301319848792789981289     
     4284395127891107291351267430405397286712433975541649479756000795172456     
     5774893500928253386535191703435010540156560702633298742578435113851868     
     6937828115222521576923006868532250994921042069140102672228845552131713     
     9141102804009333866760607101472272607287681657689317764183964884725136     
     3715516596287067184261960074322837446613799747274061308801080418981803     
     9202158785525190969378119538701293160324655137182000626742215717069142     
     3655651449157235078727493392611853710107649079681707456565849232670991     
     2348836057076386061572825677448175339713643143434932299087481471009963     
     4899644969281019793403428113456675940180379568511485676635577068593138     
     4607420316129306007043176661574800971133441175268190270749529416166453     
     2261280910427741475074270988885011813140618990468114266021490386903108     
     1287389288100008881218415744359915333370118820687097775762054746381422     
     0067632233947997120999460051667471753332595955778969683117455836016834     
     6250587131353037485847454805048231831743683507136530212531723714954077     
     5157995107657514857051013699135155261979127081186728322837718986345807     
     6604055106970720084910194658159497542072884878454354167354682184870518     
     2214777899541494708830243581497390279591162381323426158727059965819437     
     7039939669280765426524616044865775941818691549749827545857554501823599     
     2324837601575504522290291875625095926420923522875439055733601352431126     
     1352670733350569089923997532740245384639092531017114971308694131034010     
     1804386930004213951106052289776803307804268832711925887055118090722016     
     9388276496531425821413001499116227650609144122859882995432348682716716     
     9342934842780002945648672616247402785278552425494530055410402317206624     
     6287090577167493303683763260502714545954143710573648490980174399532497     
     6654127534786626228235317205597492407487602599725141197681810807362227     
     8722025145856985752328152083144482163762103230356973225076656988484128     
     4471594593617172865337115332421418359495380981293850210318712739848672     
     6050620020414631241135674410555404050574042831875654926047434310680696     
     6750419975985135598374799256799301845302655488070412913093380478549479     
     3138436067679035706759008692948110199594001638403090914484613077677541     
     1541288023113566882521628052910205975584198653249009575288625016334209     
     3687059905427939164595070852595283705940554731572459558948517514494944     
     7174652325976042165336282805390038633954307858234436480345270468993081     
     4612743221255522894117420546431954437021914677282392405202347560477777     
     0413947151002792861182996140868996061938982899191673533779153235562381     
     1297437699942796871683494545410754873764826704414604710821961124749603     
     7677356929508993613117171655411907888058467617652436597027623005349228     
     7190961143767741901930365025969499372371426248958475671088714697455296     
     8936258301440030874259760929057126284225815163950916308411390315516279     
     0455892489170480951721512184443806521948946175517753393084696696825285     
     9238291834642101319966163417884508041311542683171777660068187392020634     
     8668598190991028079401916852819428503608829894999648034016624194138407     
     7379777696926221492555524150197354325659071511866769344250366788576014     
     0883121185010239010865388547645180917295632316769192630041253102422731     
     5710065416324229340627215557001982412934978202926827419559665545199505     
     2537329416250925066958206455826473557543258607167364103812054939390446     
     6563847715230581549441250333110404048101436322426701642069704665795928     
     6332758256451813088438725247350815403873274605695212816557463849177792     
     6430084152870372961907225250134612680548885080847900608397477955945147     
     8138628142782572412197246672689291377570854620534498316003323550528957     
     4300034507871556218916417705310127181286737120857638906144620312093753     
     2587893743530767428373577694921179739908249166520518111067938002376374     
     2470892200005797227493819430949972718561207931357326329227952483842773     
     4757331223393846868250221596059436403888864843288788853834669761021876     
     8646274660869240362029946255994193184189743653560531135756831574138513     
     3883006240753383740792628601841861401970754302001066336974722163788933     
     2840619123973819042048508525300688374549452569237043954296198550780056     
     2639330145913620733622497823514514572432721078256425868907796655206651     
     3033783788578892203296244024186830007554900210653958714409823638194275     
     4690378557183103628212482663381719725288560497000949293310514955893846     
     4780945705353617897282091332566192375024250470050220207824920262776491     
     5853327240967162813435920286676701872470644580390050091946096290836255     
     9742231929753409899718068413778712637974290611605449628648729451565036     
     3329247270898083160386157416407259028256113943424549067924714438321279     
     3381879594558396311931866388427793827625988922427727684405987708432084     
     4692375555168771343815115191199896905102239755366577045199072147075779     
     0697024109833997454065169625667286946866669179997442492194703624687950     
     4942842012477538857941791711777165575357871276187103413995333016422141     
     8163001503942636754269315808257472936721304728699621348155400498856568     
     4691200112649798752626112712534606313929599782986718647003185103812247     
     3734721866453018111909672770780919841516459361482390264539418602353655     
     8547577645315694336423162504838722650337832721568325057063811688651136     
     2444649795891671035449060106608991688692870018860293316266824040555516     
     2040987488032630812045787558885653475136452183261625186535770387676949     
     6581033312843923688742770926279321310664089704870789517413616384512032     
     5593729522087539519589109940012098479553855395382190984626130159401800     
     1780654280048058696649547667749449376749123491937627436982685108681368     
     2481166440396831407004161674163788701900462688990671817064907448537714     
     3078907600723357298572995430963062854639798652081847690163395305952790     
     4027679874049668384419164166543408669945991553678585861498926231523532     
     6884818131588197732940601454235691568978119556271203334439799321296430     
     5883694432645469565485436037051267074109728952203203333441875219079884     
     3695678156161814630538686661340751403625795532173422562774675329565943     
     5325564875065958956499423474626050038369710411411015340526786664880884     
     3558182330326887295672995641404774400840176002397481679028341290815310     
     9686475004514218990074524222944474366803908274131871821769236195439189     
     6651378387156764253924488656523065397386935862522332021550482074137366     
     9704185375101472140989992200653537658567822601664258561583105067213912     
     5341050797438056346671357666329601195040085771447988075328591528571252     
     5019875424032061163904578893196899994012602387753568714632546022214453     
     9547602633131214136771659741909158250134846232399907964200221325369629     
     6610878968181166830053745459043556637713006880154887126038410974262802     
     5218346959398502400000000000000000000000000000000000000000000000000000     
     0000000000000000000000000000000000000000000000000000000000000000000000     
     0000000000000000000000000000000000000000000000000000000000000000000000     
     0000000000000000000000000000000000000000000000000000000000000000000000     
     0000000000000000000000000000000000000000000000000000000000000000000000     
     0000000000000000000000000000000000000000000000000000000000000000000000     
     0000000000000000000000000000000000000000000000000000000000000000000000     
     0000000000000000000000000000000000000000000000000000000000000000000000     
     0000000000000000000000000000000000000000000000000000000000000000000000     
     000000000000000000000000000
