     2140450715662130571528692398067382671208022251598069134193535993390407     
     8983617943899427382379098549408261398358236455895771790893994244937052     
     7620832402383608404657851729604186636508547600129346156840421185805105     
     0008744055165457892456046883962161918927287567191295189889484334021330     
     6955233299731759786437723559877141871899469328429020051029778859797477     
     5598865510402798327873761913675118426917645938860964592986716880761416     
     0958923059451376055765101736400667994633406721119634446237376949317450     
     0247265453288099199240562546968669870066365107203408633236646057223942     
     4868819448535821961101601801578932027923001825840462592488021466664094     
     7378518660422918752200165846468964442793788464918035069927743581759829     
     0971301508130051832555028977841027676748439714381082170908493889046975     
     0563933968306083124524264761944727574805726459217918228988908409702101     
     0797751457611956848840349091956565176537694359072917997806857582723880     
     9873508728482705190639438804632176383194533415639064875105405968712388     
     0540083751634767489626274101834944877259606117389577831901336691019607     
     3045407547006018855044940281565630051969099780974617291777317891374907     
     5325864062123304667387317984646586117020002493358224133564661223860352     
     5211427901438600284017220456417516117363848626347526585838504533662972     
     7069369825285822607340366236006930869219098833511433550813451569311572     
     9472950355962311040087831390366700605509938027963439783122347029963420     
     6207995108944174843675480764717327912835487566818553986089755077805388     
     4234024699947347409019018501079907812676790915893277433855388614671913     
     9271541349000763773011967369995072617955389505530230608545211890586820     
     0029566670916436382088161166385946036012185170418999173170438763555534     
     5167957106138639283446637487774487743555425392285713520172695363299860     
     5378210157934696120792666657875480527214413284889448548985974085819303     
     5704603011646824951450821968998526708233313806242206349645494404590128     
     2687511364438076064325488983447225095417714253889765933184168058524582     
     4906824406206964320727219798522470936305329553476733152570399047716857     
     6691999093651826174457620179476914995246626968519526964943633647165167     
     5139876509939693479009406861190466400549513905743011945349207678963296     
     6177862590062961154662492811637819293651345613438573277352511309181261     
     1547986721728559930042525251536999536031165872617016439255283639491505     
     0075291318184546966551890765825106819051740853028476004517529495809025     
     5025863350840583670182168937261891174795192817496356810562524981500869     
     6501448781224849890726145077583194980398413441732911350930224594951483     
     0197159118189770345240437518073979587726382837165404439007737288100871     
     9391177841474002273830858202306997107804391554288817888347567952427417     
     8715658736839817765026311650771405946596296069185240814582432820697103     
     2755284522612738397444414303793132792079255025733061227238347197572835     
     6124151721657606907023184673678534644261975650140518968382069266496550     
     3135087577967558294627705440837353445384129268146727076832261128801332     
     7011476527333367592445849607295698659746382930100129774538935161093802     
     5511773062197155145982374277140469918255314621162208554905129075782156     
     3776918771909843307868347793144581139840489707235604310997645241362057     
     6549865491882743399746907894865612912468994192743675268682031931375787     
     0263391353345797478539455836286447170335951429446234952510440714228252     
     6378868508557907819089280706653057297956218737178950450831504470702262     
     3908052788450435653623952451783631185474596736485171768198984204689198     
     8166474865201488873281250737038181851232159276757883382085386603884303     
     6634692985554798908459953385445737700751314208048165159398403312844464     
     7629582532784493543667927744452525552104529440489683697180589544668414     
     7980040838632789462340345302837102827301882578109177580791004013294409     
     3597899693414105653027196649064393307615362288831935783864393523475305     
     2994930966043772289160615862425356770368415859642258289616170391257710     
     9008337915227669953165329774091222980548733942901574224097092650093754     
     2221532049828065670153408689745298929502340730796171286393387874355711     
     0552277559153146739960868376030337896611431777279778438980621164588882     
     8413571493993268623606185176028848628769594089242242058190120709831299     
     7803807248191942922807676134696279852854549786891430660092565474246676     
     1041804930071665671820600960856515773323866211575764544969231451318377     
     4602623074964793590585575679534959171098995872741281406292592163303525     
     8245406656533290492827935013483555958918093868749540066992025435016292     
     8998885605812371668281417266817739507347382753754119626824718139957555     
     6630403839782934732721548591380588091557997179774332099602350448278504     
     8427044533307157009638766505124521187287686195448837185668764552672495     
     0557580310926309321158315982581654876940390843525785906414076253180983     
     6194740065625508526121829580398527235743066319855729362593648286850186     
     6703365054401658161575549948298331135769209564290642146669242842104757     
     3484022903146851325543870590681470724380867831617982465418954265226138     
     9403596117095406349385895244529096295430881201155282894675300700736635     
     4855992706505575011815172472699659299937996838157729665397085322770452     
     9675572661632739648301519114273160995998530197127236127797301769676815     
     8331268692121511712892816166843078592214011165855376580603380486944647     
     3458952661151463244699016600536709425675026828617058313035694591516699     
     3685046761123496183002946194855539773784761906464989580811467183625371     
     9364949348437247498974904616690002711051129177456998188410138566625969     
     4653322312813288730154511003013968001858781690749243292754132172509860     
     2036486765582209088226540860384041548416664078701152653632558171995107     
     0015502779239554011057632959129069412799408886446468313039400348068727     
     8257550312360248223902516541656403851127626378694285518327332584130425     
     8852297182078974279548832174765700270644693928371616582171753721945595     
     7376974606848796770084969993863765699403430034468783605566480588003187     
     6533097878672730327000873285184607673164459950815316469942833166721959     
     1431640295799781261113766251664830185734450158577441224378724540724894     
     8766804119641007823351626713282335319074752172758522343568629046923104     
     7937810869617635537427455396444498583073611753698288870710833914158161     
     5468729589289757468952516056713548059795953000443868136697516170469940     
     5705332347154194647742612972046966628589186366288089345417230325209409     
     9671575372954195120179791757811304295336364952745941915917612819820055     
     1591974606032121807635830709009662983418612779321369469244753727969001     
     8881312015634179403521608729102176839605657744477049377944374512605791     
     3267091983626714342469751607895493357010088859003922834272501950987909     
     5559122019089866243185636583817191806432726439151660144177885871066532     
     9277308305002278743238011499036497016042893450722900271023480128821825     
     0921071057419463552934043690069647974904735129500136628561122053677949     
     2095265431083812349400344746553345837337674048485879635790699765582939     
     2299453222618375852988877644747528142180549117090015151516206476356078     
     9094409193951048973233485109214798466485364652320813859282772110124585     
     4682643674485706111184332076740974569118200016481425755769156022927427     
     9560072512600595059798927557903382327023415595075830966073081695457822     
     2142936358135889733286464619760909852383199413333617415754767232027104     
     2607919780743433108437164986139107011337222942650332800084616354085103     
     2857758907101651993093458890870811563996720096866571646309081287205010     
     8765970873415346023522658878621428316146635450313184993538514936851736     
     4933921987721133156845902430013824458152072958211380585081870814251294     
     5922130861812815856164245437016545261502149366721155773250883024965720     
     8374684230314736464416863018186381586223770174086461032532725326317009     
     8745581623963904408957968267732294730879251076080357717533978167721354     
     3740169300602185775336545566053638354553848981830363217650152798280761     
     0324725771186543210842104003521092933397804751528607093515971578457738     
     0984616975817282725821518054068492503733862744858917326409363375718890     
     2298799152668899563341495248265670239099268771891374547557671541077297     
     9314856040345071886660950817949752791188590188542842246377758947964339     
     8309341902370886806044489663543281856405213894226840553496793428274658     
     0919281256446345452460971438246033761269915353785890199497390724317839     
     2680159546423675763500724167087416056237444023286317866851237446148009     
     3533662306774811845629581959828603091409548162386901487668627445191669     
     3117597481743250309121491480251576061536868616787116235147374598618037     
     6576169269642100071179821910139922090390395426501885912036912043960874     
     3727275251877002796138871584587789232242243282539542393463918195041125     
     7349675528528632513125217916153660910619230506543692425016666711995120     
     9140014223134779800756537940738457651633312835813338058868078041663353     
     3157402711150537995964989627951036424108616444417407893782159504182828     
     7955820206368450305733333000170932953485605861952221609882819380132999     
     8101096711766922188477236866672366975325979335779734308349337050624356     
     8847123261417712060351983513159606794966994450371906374061972005687361     
     6557021125220278039399239530267001732978493581214543207543411627080393     
     9676625456675057581706387960446909264862224450855894460629391796008449     
     4812848382114213537279369758949965440394657684213349020578984746235682     
     5567369184376546126764153553606453162263137378474182957835632287018170     
     4419692181462030935664258467675110500212763355576447753962141885462513     
     6233778087126603645044392197593933601673228899048703841731905376102256     
     5732256004932850244783593147969485496999679271586119238213130986744198     
     8959115425845170056502272028169156167409324988400357450347838700641129     
     6099634041558292270589145649149835864759072506857814320619650793709888     
     9038869089546361627817546992746811718651129472878142517317268626685314     
     7501067301375779889998275014941989122062876653434952569633831171370574     
     0827728140911761565970286846803145220683492152136178787639839067700277     
     8056415705761469072136561289925556700380468344891987288197944034413359     
     8613390680111388477785088845199772129986582610076765681850639574845006     
     0037500193738312245094294790894882222720048975679374518653930962308289     
     6403863300212515769678056865958565628312603286429738663959368494337429     
     3361357722483873981237689603212203635023168974234224708490225782257727     
     4333662799994284720990589893706933480313679801861303448282645376432348     
     7291569680803291765870892112821657646823933617078015372924620901085735     
     5310690335103501263209151812130538105610939680231015338768681341422769     
     2263192350520138353889438445607359985368217130831476311296920215529230     
     3659310010041054142179574986422088913955413175745876994144112779737842     
     4792381742279763654489983955331805148716878409132486153155052237660401     
     3644382844658104600803976116993283486006219632753261798837484675454745     
     2751388669824054946575117614058856180214692272636732934234365045385370     
     5555413120263461203072161126322059187668234017071034380954584449858318     
     8015884299905063745453590355595064366363362260484648712603416364344024     
     3592334790068702898873597354467297759506761935935232552199128846379807     
     2130947951800131929601845744692092863653029212870328575096533117677800     
     3583608399582670277153374002594214680239691940797706222385361903287119     
     9062231463116548430415170291480710003517565973195052509487975758194884     
     6354074437962083292875396411382466587563598353046159462664878984145075     
     8972354757366454669866298012915356511288943723628545143830526966449552     
     6077659455161819581177176182377552923447954804841321803458793761063841     
     4476257847847304067030749764428088884896997319355021301486044527434937     
     7538078148813176664016282033841690339413501000133912480296939504959951     
     4199336849054650545734513151262291276051676438604781959119737299343521     
     3863197195253189129673637495460064513655623983542552135193180682284067     
     1994275164366909519682224731248006139301112840224662363167395765489594     
     5207854967043757357562002765661568775820360946875483981345369752391099     
     8168403314374558432127166512798185776560885243481231285246033557747508     
     7666768588516163676389489363116158183404563473103942913620957900225345     
     7382790249705867395364274180265555353366220293720277494382840649016073     
     7216425729478912581806228015219669157870795561642234069655916839201880     
     7901903949814331161481922186365583819551455350003840642516579152405347     
     1784859935705227529638115919048431138440380998870431759581183227956563     
     5365061351578360427595880440639993848259339922949302967740380647074218     
     8053890216739820665673655617815306140512381056083109123560944091345831     
     8709933942941714292493005453712642171661121038457576820042344591016264     
     1341270504084766235916601673780635492700033017159997925384530879165198     
     6019387854913637238398650642087240127759210820522553988497631776517886     
     9097597509852332431625898314662152293004311389081445949227888843604932     
     0453286431988215775135829483630258542519975781885746751356550418680928     
     6066557997385352411420359477378955867473993949168146124919195191025143     
     7440716944076002857566134161063940130446924581120694531265041952979418     
     0490052763195760557332973885587930576879378722219601852534404268763394     
     0253845394321177626802763982645875481854511154185704150445251844063769     
     4090305792684615776595779111798673509365070378462174641195787316229542     
     4245957375465725282163842416923560238695212990961122348126161940045445     
     0411445475593104334065226648531820323880307985027624369681943556579132     
     6657023782348051865763306673786469740512574597253456745667560766558914     
     0155097902915265423725760313902569637536562805223823288450205814868486     
     0076732840040483097292088373433087421625110189826963182226619033856409     
     5892548274289734015536546967695232067114051488792520600552996653068232     
     5022050642656051881574201500104900505314426842341900901557546750948256     
     5334306130705372731647084521728281208361400613088218148112504609609065     
     9163681311844943833045096587659307276589841491953234684273519082542573     
     3901127012661360422081321295867046179897245285117866000128824115439479     
     9671922283422128629145435706880003108602629658686374298669643521904327     
     6481644346742980431639107464377694178459718462359254472917775569511940     
     2082120530847514910476616268717922443710241626066760734381439875015500     
     9591059229265426692285602449792921580457741410199282576886355088641752     
     0537921859460177708487729404753916383586257410670440456000802679062421     
     7499366311295506936274620248435094929067148834006875049874167334637997     
     9898990536471341425162514510487060256453264523872125992192395184735233     
     3716562783577347243026532965117783398857028679367236166861396524930582     
     7116771747326337628401267426117952644323911022578438721724699454644672     
     7078209424844739588150297170932391131946251522102958580402033210435983     
     3901308578205900217693427400680122612491493406428266873476739844111670     
     3344609329131867659444166040565073599369503282031601106080677660066314     
     9035919960224752407726943003846539390569680141400744995733118820668887     
     6648476755060093342741885301724354759592912519868614369823010292762071     
     5105259267664240897928041181908975844285227527016698879102779733170435     
     3877744672876502515154687665079904832558321286961574248877460537657149     
     0184907114649888617579670375070084063223710222552671393973895408656075     
     5944463963011458953067357147613613262719583388599591463931747828002562     
     8074240633361891007000427349258405996327586466026469307241885270908083     
     6732983861511828865171580659679709491927897672182037173843342578086629     
     3925129572523671359210753565833968481758905334072908506188972805441775     
     4298261837938756848077994766955576941943577743337032497378031429706616     
     9091900223294362855542361974125090217037141220987283765398548060641315     
     5878180649863441535313552947405685154679097620984013249646690185212965     
     9266643691633397426299165929866594567605882851163644165912587203931208     
     1474496932047639193920399519645129878754529349529288345786849025722636     
     5198441546436087949272249248897236637528197744341324194329982849140904     
     9349559907213823253870415180065192374080504301467111491463218323127054     
     4559536197919335307677797085647951358042815880008867877695450739691033     
     1101804029576724502046328735109801581124017469674718394921017970366520     
     2383477353066523301987981598525391284489268559503289220063861716882859     
     8700865574374642483147554839437385174820115767817957975042008452153526     
     3297064861628449477182969289219605332302580423687190793170045487474754     
     8042009257450890167592897723024726936779263183211152752185954560559846     
     0887027882347908668944224065562943988443958654574408302016832474844321     
     3473835481079323953948693161002354545733533043938215345974297642793771     
     0528940817424219473126501559313920459993481022061838970979194555040127     
     8580867451541231696877789204072201581935697036081256688584092698721037     
     7383617737100396145777843949497858368887542913028553317500123753114857     
     2785706531669405837910313406106882497328729625145014095826719540573400     
     9061081979714974553206732459943267253650023864354469662903749521569975     
     3196062789910880711270103894631061393075010988965627769927107010267989     
     5987946486558789946215308334731482077743211566106142437009405167621882     
     1724990445795214168099971281372134619400655888063324486961810064311772     
     4682480101908085444303151785674161153061221060870950351608170110435455     
     8671007408565636373982013218039965946218085593112512565932569103639729     
     6775179410578111661235736344332610742994794676522994173713082482376898     
     8197249851734057162444455570907822016369910987471999526639431112717566     
     5369436225927407297335109394073138259370965195184038883625687579912030     
     6997495999094819661541362640720863224366728576299088021980581598917303     
     7641540042744558809441303868128282811078948653861795748742015636456091     
     8965560106955355871732298429636304480092544416845325502499254951096907     
     7555138359840154414904543253794549396118434159085757821316102805337431     
     1792427993089495443211233279016642431889831553909969067504613458691787     
     9201972642974977834220492838420563559917660846879161970676309719319183     
     0636291713375174154494146396597629718921526437293898840054904107338171     
     7423268436195176327619981848184380477685225724260212470339122574501814     
     6128287106629951238699163585376686063981187527881457287582875609832059     
     4958008585783975106705007790601357997426799662931145767268102258522965     
     8860011495822437493135347020352829710962958812295957881891955965467256     
     3341002585416529951790911362390260381394780623806268412369072876414941     
     3692244079987807986269788932593533987529056445094864640450091418955737     
     4644901174182836022428082080515261084645046800258985756070714804262944     
     0841794472985386055432041357437407435063212708171829550210606085172627     
     7860373983145177612304164686102937526797804489517640933936644368792065     
     1184258579893295601431375246781484624908733542330119526445767713634558     
     8487357102217713319323699449539296231158295656700942358867578366883923     
     9644630495843588647908036671531316929539910179769537153902975716359368     
     6872881230326885524255132688396963468225522609087891327402864831103934     
     8650352452166971690860711097918482999183591929133935544631388025112820     
     7868816803442276988286270086037266419850286890867876176234447698204169     
     4459862402699112133857265268380918437644834580827498192884977268077756     
     1345872969332846492022304577310941136531160130648700406281661501548653     
     7480441371187622799263035114393417301082702551207818484380139047405328     
     3261296916406661324698409413496130359970845779111889602355392879437997     
     2974528135992010149708066488874501608550768868708989839292247770711835     
     1195398616516015333764834334410760754063951784455885710014949004832928     
     8140619895015744483772615945971080519664115159016788543277335002217114     
     8442217140827429287752949928306681996401115650796945647610872387707975     
     6552331514578851399722478249564147808980127819257555478739530618141477     
     6092807882838142176855194085581153302574477690731163409223159845179415     
     2179938561758987591229389178855621725027041280000000000000000000000000     
     0000000000000000000000000000000000000000000000000000000000000000000000     
     0000000000000000000000000000000000000000000000000000000000000000000000     
     0000000000000000000000000000000000000000000000000000000000000000000000     
     0000000000000000000000000000000000000000000000000000000000000000000000     
     0000000000000000000000000000000000000000000000000000000000000000000000     
     0000000000000000000000000000000000000000000000000000000000000000000000     
     0000000000000000000000000000000000000000000000000000000000000000000000     
     0000000000000000000000000000000000000000000000000000000000000000000000     
     0000000000000000000000000000000000000000000000000000000000000000000000     
     0000000000000000000000000000000000000000000000000000000000000000000000     
     0000000000000000000000000000000000000000000000000000000000000000000000     
     0000000000000000000000000000000000000000000000000000000000000000000000     
     0000000000000000000000000000000000000000000000000000000000000000000000     
     0000000000000000000000000000000000000000000000000000000000000000000000     
     0000000000000000000000000000000000000000000000000000000000000000000000     
     0000000000000000000000000000000000000000000000000000000000000000000000     
     0000000000000000000000000000000000000000000000000000000000000000000000     
     0000000000000000000000000000000000000000000000000000000000000000000000     
     0000000000000000000000000000000000000000000000000000000000000000000000     
     0000000000000000000000000000000000000000000000000000000000000000000000     
     0000000000000000000000000000000000000000000000000000000000000000000000     
     0000000000000000000000000000000000000000000000000000000000
