     1756906607496540724212064024300334484636656728303573233429743138694384     
     1105741503135961324148907477904927410949690708487845988859729780021562     
     8199984535572452059209954852690751684055711433065185900895590915056889     
     6439882765861337394432439017594437214704312138731983553488333726991315     
     6489285769263111409923147150464012220098700241119597709666801515344305     
     0028935193020874504909475860305444112781627737991892693827681465684387     
     0795084063078990166869324698735105331194063640024823028498675337532258     
     9158243485663351272231681137549056962289584597513200529693067826926968     
     3850703122908054549823433562795292522077696731090708274114307565853378     
     3293290191861744720258633421210723321992786041450544458789253476365149     
     6310200946357751266562953638071787751115103537038007900232207841941371     
     6939792091402976782010256518179938006014813707037669038123905126907621     
     2660319774350221553142135783032431740448654649239985947235399598462019     
     8892860683567114065831448298368567271349418735751934151652944947756503     
     3763209832635113364365517342894750145599271864817875142795772201058633     
     8774117990880237874757307681964691063486043403875839614913871389412151     
     1071177090867883504897312311102084623845958302395269569392327398882120     
     4153606420499024214710142419579332132255950954350691564749667303566491     
     4831115380870586338472310762025843201951031077925399961886181932018336     
     8319825674074150380398402085502943599554444497129946719113533828883497     
     6155089452058486127802323630811852477387656902679779820022107588009884     
     6770435133046422002597841400765943071690760111621640772546096651539828     
     8504043240662827410050540634607880398628364224429841945634780273201697     
     9056108507688985651254242880995076777946094031019663835171250412351695     
     3875846951018292653099621256105565115761128757834891533874794903048603     
     9105829613758516052995841753110871288226582139548102676353855191519829     
     2311169335193696751223579017168972233087611499636345911137297283233008     
     2689728587249941825774379579299651158460149997213307853290598407096245     
     6528887188720413873633767893131074544986244235531848854018468383876429     
     9814623431610591966973365214573276042591132320916116372038148641468770     
     9092191437190286788598476425515496413300311413532540749276703484040255     
     1697729167551588927399038074163925864309777854587620844825395467099441     
     0295798342487932760400280706467381921401921285404035428738387362262650     
     3477669076271643132851253356568488756802464818800193230443055372043204     
     1066920501448592364791274472748355952270805663690653824450750161151838     
     5002461903366631444172072266099491460340588365764803996748683037385111     
     3166896378143027072355919054611804375761651176347771136847717291134905     
     1937603145272677732739328059889932762780548983878809087021556023588930     
     6387452638449146455893383729221289041606830474455055705485072054705741     
     4873187867617050672809426118024635040912620741111607779306748982118117     
     7395724951130522102249164205762351017133971741025732887930679752975011     
     1952906188896551240287503282128069121072079756050641488767195982669552     
     2615434871115155056211533234109054407714045254155865031238132195182142     
     0591053900308174218018983718556893137039310387291951233631738893789021     
     6472972810023823926098438892315486821512870069305189399102520083455975     
     1282808138352901813462990738272172505842221197275126802490178675225226     
     5743628618914037085472439526790052597537050187870896093946016747309046     
     8730557566654333636176227318098178005104218663295755637231431810204455     
     5993591163292632308095142845735182474346767039291685279861606687774376     
     7773225757214638707041577716934746099221828399890554648647771898937533     
     1658071912562343113082705762475903869515752852306663697394879135856295     
     9282924085323926954481591319999431448912611915055947771488278088488767     
     3146514145030700540515053721774803260204944309565852171766178315271948     
     5562368115047859049152155517510556823983723370521906259448604280175656     
     5081625735691412792531403306087158272759966341156363352878612683961234     
     7223036323782137563800352068220771202040464208295033652958467068189575     
     1205055075068957692867374366964237298413716941707222974821136791664293     
     0197281137938224860979263580578627569139952710719978457553396514203064     
     3084967004347537995795957051105243652608068894279711592858768158485566     
     4272381921731497283028795095424920695690844080234631337302425585420424     
     2717350211496954873176705830684410438966804563252536730231538164137311     
     6868694870448550489253350183960765105844352233538728065673124800580775     
     7512692995401423080104859417292222954792261115043321892987398243090655     
     1216508457088128782053323450386854558856955161963661766722901555103410     
     8549452057357734241466373856417623349408834065195171004637608131886507     
     4206164941544605328959442505330490424646242900456486076171782888963649     
     4919442783071253984001378812878600706095820123641044716828331127370042     
     4537484396014984108021941017196332598356674614819960663264413857913622     
     6087500606596276470803994289850179475264701550938778051510682988513958     
     6697526196852530215344263845804273164540949382017477573150282064960856     
     3001427411167506510082622808107992840726180302418842168553429482709777     
     2156263825549455871425688041033470120671457246097964700569210285617228     
     2170049073129582784089003850100105903759586182558097661017058115826223     
     0097986256110935807745386445176800730883260392535073198994810150269785     
     6282653590795507628116821201772079966685957670169109217036735563598893     
     4006585326016103188547767060839740566368059005669009734500864076400316     
     3092455739428367405993158483542498255057559940800613887991915811998384     
     1561940859977377489534954164628273051588621638308935761934215543097491     
     6009269284646424613610257319374978672052722290350508524047989426981791     
     8272661859450314394835397113030056741137008544657937841148299443068739     
     0816928338254484730136716508609738604627088245621647295673422475517010     
     1263044601472652571097882989993203711414010431026980947405338535645146     
     3345646350505684256023205984575269998373902625169389801747398130971111     
     4187552865604728555065979044184289657055878313143586867378160308708652     
     8112572464504520135627204422460468767167406797105512371990996350257394     
     0294763189336015864167192186579425707227769450051417565987598197045586     
     4274252090711212265580418304791486430277268566044337798080720577761226     
     5247639381910247001548313874598932964754353114668482146859219774882666     
     7371635481723753267887588648654433035742474061665592102961595269618217     
     5838759439451405679801510239233575279030655457355086906914233992542863     
     3213486470094919299385511862193298468566202974514649716452223738310460     
     3241694873680454225235740993878822743922176598624467229083307748729025     
     2441389727524913701323453929492407065342979780885224383485066797419934     
     9224357795964335968710204130395751154478658337675589118503229707165882     
     7695489336851766936175555778427062453659566473888925311040531759490823     
     2416773526088661546896460039793600854365113235650967366360912923917312     
     3622623671272857203753930978408780890091182838300398741473008298484175     
     1313812461099046605559534476969477669493417917420078347017998209677926     
     0995516717751086046325081210187664663652831458696044161466406941806594     
     7180542739452397308724753188912255184966790522212233724976352570259739     
     8090043376642292789931591311030361817150619113797506609054446460108324     
     7145819224800757078511072785876236251339545384477590324871314377831698     
     9210062721003314115957324349497385918177384577949926105192707170867596     
     0834682825774487817110576498270749076504152601247216008544758409429668     
     2270556449705026859257037635191606517268900330208859937378090009284490     
     1399026678020033199015331156578064934408928287164726680596503257712976     
     1836022953462942764874623571496272570339133462403588302704586167163368     
     6913081063468037356718007772068854718953449085422847622358499219143727     
     3589795073081802278548094981595196059540912719297057239669735934284492     
     8668023810120878473176839635915945369455694959165254965556985988662603     
     9310351313559477059723653862344840057925849942388547564250549916095946     
     9528771000282788624392100019952436673977547146820192118739545492748633     
     8110088725940838717973463995254483841273110404828896105182578187567074     
     8365414086373400821545352472824217945243623427014132046817505502155361     
     3593809162966669587328794256398091583312709352073054701505902984417839     
     8145445006483589364577559155485145692711858789179789089725932217857478     
     4761058069539798369221180162644038604701698441535772218174990873500768     
     9627622040229522717272933161303580027555162894228716748597229369376926     
     4785549379077378574998003111027100853270669010925144867950665848568169     
     9900789619083627566529106757751320365753233666925941696772710917504740     
     9333772309318884029362149918124734336663028256764321769893865453158880     
     0487354919005842834476121040230048306931601314753934587938556069343873     
     1029870803551027654024172068280464716288188935665119146552590549458892     
     4915631853751289969127835753176762408334668971528148369341130556844205     
     1273198263696519959524375885254765917166316844038566014944748916606067     
     6484733365833862353749052785582639880479294487191481825343581427829915     
     4589911486121139836268254623303774840520211451357717309622451082088260     
     8076631961819342495113153257113266973673368146511609354736240696036117     
     8523900852208508187400057277192856840670251608486260032369215958714558     
     9765677335017728778098949924144010578860620055386430166576225466060440     
     8880144260486605764870068954445556721574386015054660388386825808985393     
     2988324475183331506760344038543158932222707374557203328572938751322560     
     0055453109522801182407689930334743282043933009773448555576173054209961     
     8929721933422110974638962083664847108187065474596115786068331244715723     
     9121207707744581313630285329620473338823835453241481494059285071818062     
     8709463266949196536416736257522445165248447507965453137595155169886156     
     3486235768536067654300009821375292725852405294212484555650120905995815     
     5899101688648963712654535170386716739853583154149972442386804504592623     
     5303135476276062579839402229605613279353481476643973261067629138753859     
     6391427993309490376245645454739885466123206931279961305245098896495006     
     5330935816721651729114042813109064998528234408686320968930303882945292     
     5026978130652164106051363338722781106549273196722106282944730119808731     
     9264643161875525587689310307989771447060649477830073505484459292748258     
     3116425203998802777237829587777152876525866196783558902237245870580939     
     1717919702089067835317317690460121525703485277736221645169541962300654     
     1241892247766911970383626487474226908107972054037514017337855350674216     
     1391644469407746889962450684773304163671474898286744833513348435713779     
     7947077812128162589775031511095224871768897571558234511387356357254182     
     0614233705020699062912657480789041657529019197234673986792789177200359     
     3688141430859460382888307655457335177187524441093387469082976262030620     
     9592774254479140693061142857148239975212389956306878767116220672577748     
     8741777208841838111002713225400424383049129799072596991819926038618804     
     8966400233587941888940777527652718744723774994150185222893354981339794     
     0555064089435219805845815071791391265722100789487417495471063107400848     
     4025869374705222943481214815979523986148665163062699605996751744323692     
     6048407667709905138835242343389632381517363646845155227379419581395398     
     1482328505922872082747384802599044104527525777040103917117629969073965     
     4187120869879501716813460088364201225699921630797840534166927970136344     
     9005599804263449689419048611223749408665354566759664593098554435215424     
     5891113272520717666938626775517191931599518796165140703922823041897359     
     3870209272051316894666728349431169575125340725915779690957710121290098     
     2592897315667596911724134830784556486817896383636934247696070192259490     
     0101800902962029679821065393872439630920927142034612271360957434805045     
     9172610621727121421745264507489420629519773872518697012832659223383205     
     0779747546889114217015636603664732909243876168358881812136976590853813     
     1353520470856768151790381965486300017073301364977488246008727758953261     
     2189740878470084415566946491422863417697092698430628299499841224228291     
     8425269410899356813622764424247473363263893942316502088723191406574321     
     7683405299094937683486500804526564096511503366480944143410189994942325     
     2909097286021319024581983811554040810354199470693627322168199791486819     
     9366237414420999549353174842093551250438817962966934301572249602394429     
     5453887800219808048332866655604778974948054065665224264397599628241851     
     4896240375043409313394093362710033009368750057971114375236123685311599     
     0515027691509934017338805702755204714384257338381298847114946068788260     
     5808156265368239362290257300084317095646968739058742912300311774001364     
     6647807656448280277292237213897341159223692930090468306646453764471866     
     2888280058201486862019352377145072731347840161997070765017905566015667     
     9151293774338769660585445326743179455579513080996217471918678722688686     
     6188673525167301875567252375924859990245520349795175981679338920449733     
     0561888030238998166449008547471382448682581171601802656329463191469153     
     6181499841095038305580400350908640637566182122278096027014579406531651     
     1364022923496144502686618495014197967164236820196690701529922163736443     
     9804500073430773501415975079589669739333689004647557388596906485829403     
     1110128920454839499758528418104518069665173022998871868296987700662786     
     8997375334318241387476551384780178109947565491391996517010985740419533     
     0407651625942509839269980534949708143405227720547834164943808031681368     
     1379148218149320290627632319654307340510318074323085088439837981699192     
     9382412806744291280925617944853350335692743868760468584475460738160746     
     1262366616321006322851217356293184445603097183094807263626021705667799     
     3070899976980669241138743321284006750550563969730604590262077529419133     
     0438497492355992479815057918655358757365403605845447169552607053668147     
     9893132188646171579022019402565677568293249435280448006773730413474025     
     6179733214165325016133492801730857358368157317074279273210410629327139     
     2980678858066393258222169189385359241268459484604453921737585418619826     
     3122575953066240266936098734263561119036967162034581805701568961061321     
     0214316624706050772128496563050712135102390945748230595007376358380945     
     0188140108797445099267362923930896256726910300334344143571307662112846     
     0938734654584053488656092044208083322282943492841286256848296181818137     
     0776121876639545002880142023053953216025348588094578097771920368917196     
     7960478777547277454823772859362330362167976449823872703308060102684528     
     7764640483676073839200343447015085962900606891636204800661908574900385     
     0213892680157274073204208325995499426942634494329289654424632885348575     
     4782435108454780581432198091994635237530898926185923502731944736558345     
     5823316678018075594315071626308141146990705440320810982613895422038543     
     7953261434782032369053983073499822732830840528241453458930515858914566     
     8022480208358049308306905794098834910656730095389341716133370529309700     
     4057680841172352782340878010036681540533216428981580108815738111195969     
     0444952241262994635569901474776002825022935521427732945052102794092294     
     8140963052028805379259312215243202763612327347477842995441127896254415     
     8751511246959093888595013618194186942853342463769930893185379838745922     
     0892638244137703695903346335991820451790645340648288503388989258746957     
     6923576205185916483563875057012020832721789980847606412170547339486448     
     8451496798154893010934647587191871637346763250207679613272652765759590     
     6882085493288163663968739648529299776527240861038701205868863870436228     
     8998255231328930168757479416830292339833414992517316267313308962202040     
     2793032286545184917922177394704767661618545116807685089922887363202984     
     4295354528561248297526062868485973654528990243073115362668509241978223     
     2158002983223261766914710964058839437047052804937113475975465282674755     
     5820435940934659762137834469465268286390272000000000000000000000000000     
     0000000000000000000000000000000000000000000000000000000000000000000000     
     0000000000000000000000000000000000000000000000000000000000000000000000     
     0000000000000000000000000000000000000000000000000000000000000000000000     
     0000000000000000000000000000000000000000000000000000000000000000000000     
     0000000000000000000000000000000000000000000000000000000000000000000000     
     0000000000000000000000000000000000000000000000000000000000000000000000     
     0000000000000000000000000000000000000000000000000000000000000000000000     
     0000000000000000000000000000000000000000000000000000000000000000000000     
     0000000000000000000000000000000000000000000000000000000000000000000000     
     0000000000000000000000000000000000000000000000000000000000000000000000     
     0000000000000000000000000000000000000000000000000000000000000000000000     
     0000000000000000000000000000000000000000000000000000000000000000000000     
     0000000000000000000000000000000000000000000000000000000000000000000000     
     0000000000000000000000000000000000000000000000000000000000000000000000     
     0000000000000000000000000000000000000000000000000000000000000000000000     
     0000000000000000000000000000000000000000000000000000000000000000000000     
     0000000000000000000000000000000000000000000000000000000000000000000000     
     00000000000000000000000000000000000000000000000
