     3491971817237107556185038762882371682119563025709181848564495983722762     
     8782763504631311065434478944121543573276122634344685038208786284780540     
     4863224144097837204587285346831721435912031034915037272858490276576413     
     5551865941772941478610628228299105795353364182293176903722639434809725     
     6649645495534128125401916165876742772131929782649597731505183661113507     
     4653902275419429280850020847254387712132063207241522495094353604565877     
     0388289810224499520164169178936447911598898173476384088028722905562599     
     3002085154399300545019857107701024088222818519303271963088762891553972     
     8166958198895700836835566404082629916574987356160162786313109293171789     
     1518295170957126480024535343360158979285168719372966760314905777298057     
     3537628349109332234569163444447317875632411835928952357563657360523629     
     8327996736335911977964092292932257355611257990991933571247152126405039     
     6470627428857803333262874296004960257179514951160132006453812480370037     
     9344279471558620245368148604119160361230777192733570518574805969934021     
     9546509429869311170920188906065788982560148529356094478106948908615910     
     0153439137189591286285915856625890096889815665855193214583620022647173     
     8656242866920041655019322483316134667419860666482167666928140912343436     
     5669143617661774082959214466214770431951450972560986171692698182872049     
     7843200710539221908454538586062104714178408127605520367800806848689392     
     0392419751440704176404950741634453920927557440814781549865347146775720     
     0955294492895078637128103335331151095175502450796241170548777833853507     
     7531198231212562923285595383036566572260361180384175921010346273168193     
     0044939706023539490965656477887165307508320089866422877155721933926270     
     5277498274380080808424510451747898051829507967098233649881656078552892     
     8322583134314980243592778785740062723954102930414762363775708677815566     
     7287104192108199960783922241196256058733913879162711402764803948926044     
     2700582679639056648292352319105961574572316695100067450628671830245370     
     5927782653362195390167890482856607785711194478671521942234378507752965     
     7783942037574300099393901431658681705125128341154956668694822206325521     
     8267635139027639833949279707789882064417448392677462204325960897764466     
     3807705795634877782553029782165509308914436376683596608910867463987335     
     1401828698947630186861494578211438895169051755323971226047774423268873     
     5127150986082825376588098226419574785435951148747266007927196415938569     
     6623129648607328705650727778062555931357957889430683241300351901647923     
     6508859152960835854787461755636374660572296871170364856874843920991825     
     2063853680653333308744322559337996491097412217268303964468379202830694     
     0901238309216055047067197003011003834010028851119262635164816018326891     
     2216837539199338621684857813847976144416105271439889542464077643946600     
     4906770296112194935947939581638593034444061518364316392774509587026385     
     6406378291315266429512407357353416462315855669184076935426272088099898     
     7830801012948803218517057487906270649550883092926083194390327031830426     
     5904913879874946049267349601802061529908184906318627540480562915388629     
     1634183722397277970683166449283089171196427225509044540823986277372963     
     5540623652993340410712961521485461966510676070632188558707827348491123     
     4873191527400889071231966863685104466543433682660982491240213067189983     
     8946550094210826348776665188800987524866062989220705878139988365643176     
     7075634573285595968132185017937754888497561571094731873181235790042719     
     2663235436044362265157109565435305047431765068636093714401769807221935     
     6121458297859595253148020707986450634679686762543846869506732251653408     
     6636807556947501689079958091977514469472458943583532810400206473202314     
     2466218672092761513737217679028872718728991455848441505261996696909427     
     6928377861696066034015784326469310792029354417441255795629792798127261     
     4919313588608398606150048643481108508916688530197327623259488068644443     
     5445058997716865560579402043635487552515155491754085153427779036282637     
     3018524167531793282419479599943294494271989309822321433822266119163121     
     1436696476170642387623512482644807272382264027480552737745872421941763     
     1155674832932549365907998873848684505943056406080560942140904299565640     
     8342122682594788269669735204550535941057220099954774316603182694473886     
     0505334360316039733565454424653850015364962939799505224831353360620667     
     5610270950241782561090001045618205776051464726446080652274745184591678     
     3620753479231848792386991011201546733921233160004776226226953082345892     
     4734844579705545643735721946264109438591452433197232243124733731849439     
     8285949641079129708939674361025540894778770731948937097922807264603500     
     6302688964093157187622262571447285000331915380478876490973313673682009     
     6558206343521092571833275625654270676667683245555879771365394981290693     
     8533139777987222016071614218391489867542564413981329727672056012300901     
     7961556382408277043703585088362609789483447782582810838632084386440650     
     9627742388973115253239298537230656575385643131713891077414898143428681     
     9979563074334886509838799482309573431513822877299865505544608403220620     
     3934208477068294365887360944812530666697948446930353411791515002815788     
     8193405552443663760325565411326579823083421706458211490394224653390110     
     1100961826293102897293854476689694892873721715298436446548626733445444     
     1759417397459345852762105124690486661034713152183665556611630730898466     
     5304152646073680847392677088953687742243529907912318710735352305572758     
     7775556881802369829158889071584167959283928954232768379260822825564508     
     7277877632091821833793399215628790157608823866246817769876352563982853     
     1575524123629843963703597932938205898974219079158580053107606581496027     
     3777145847437460554808975695499986497541754514958789381712705830329636     
     8300928861323665849210767674535360761193173105830574521548220364601378     
     3147150953685561033005671120611528083663528925353720625319129268649668     
     2364469203113404099933193079056137599421320944690288939450607219275306     
     3066061465390771404020636969268284025122652390646810721936344879626913     
     7064868474251488352710770985527278355737753520554047840514054376085727     
     0723316755226731023323730784826636515056210364933818191258235777440504     
     5188409102134270166574493675800998850883071801400714294201386202545425     
     9488947471617988075646969681579046984186248903942506383216044429342881     
     3656822311737579089176987953539828895633776339432256944749318322896022     
     3596365747366108186107650434021603295632672143143620876971288124611041     
     6406251224006469684529074603672103673203839057122641191276749144598384     
     1116248873759054789420490589207524185765087445930799749396706813024229     
     4015187484871809646704185874003253763059101008098504787310770444875443     
     4752519851538732768247498705192968803723993019365875036897742856161274     
     2062295172229737876001085936075958941762593932590369135190833133739781     
     7834008971981827649250460663382264569237941195953248607025218985031432     
     2861103768378184920371063689794398092079553095170016427955342935924723     
     2747238367221785567581546220854146531435470416359734742870132987782062     
     3475977442382416020688778647172873435357555974881839231285058808155306     
     7715168405012293831117592047815011012614081823163907176014485971572603     
     0440022837507896648628016054356553952203011627617980450788119831504885     
     8185452555242515031180425400546630415530461173435191351071327885364782     
     7173143697271656076606259516409353782637832416400816306658637969454655     
     3415506472412379838414865826800113102310696475866021575057051270853900     
     5552337752141487931854342670682706509055660589003906913291562757190975     
     9721004109671613331356194068142909860728025830400529973771758049621207     
     9264940540278059700245399509777382664637577212524488921417557359896144     
     0910453570563855235810103156059175828127560451261418830821392247644743     
     4106948570754948126767565200303297442385151822521372181227958564349584     
     0402536295526383344285204553832142968722231975224838996360312029546364     
     0837771895508933644362437722504679100756899360791101989448503430563337     
     8972301882946055804795650821083401450155306174454122135033605991630065     
     7073761052312676398077440082589114825952841180661372129901024278003026     
     4875780005497056790814849219148308746184090483016322115655052260340566     
     5000575375776190389578734751210697118333336897721721277896745567884790     
     1824234740543700090960819729839125518913968993012180013432206600358778     
     8208423519339674458549603679261720519839491923479023027205482925910390     
     0295194591394845377399938189326733416717723626375008538571851021770562     
     3722461349837681960594228464854426981368389873536152397821532193206430     
     2603323816220834279300199523775696211681641699289424408521936892972705     
     5214381390702044714746127335766471921372101601541393053351202485870772     
     6952043510697839774635187569113795241693046227171840762621838096000334     
     1707481025115867640766075662350536178620234494624828085691491933025856     
     6745418657511618294346348062562114728565716839212916320159788509425904     
     0092490900157814183050767352245397625907540400785194496799202892963248     
     3069311887051672694679770975859998373460528519390723819807464254911193     
     4497630770727258715886332858361503282636696520875310925354140842162792     
     8290524630421577312279074716401733777989586832308726843921598349570964     
     7062075619714902504048973552215821437062449871433561324043153415380528     
     1538650881918324522383872103810281532622311542479040625499148000168948     
     9907966268236875060063363727961994763578435838766886094180668048801395     
     1236833574515199212374705077494917982657362495492241677582890593054134     
     2557322281571960954880817087957658095316901327543951527004080641211810     
     6882785043373342771050689478135262130677154603018617735133503231932093     
     7410698730204707901001757275500177430219508158897303550793462507239061     
     4254063636323826653313001672455963892953605750472244905484788572776067     
     0348436644598209926419781048286162104842684913657740844159954087759611     
     9761970066382780390626807308659221630711074344326476682636539914930559     
     4113014508932014376872183595481224826746446511970038086052533219363497     
     2984385665561546850730849686813253153611751550586242944512136731737992     
     8601368569401126332834884312383850022036444291082704693069953439163008     
     5944694417481665034438414293996653885287325738112098433357198455980768     
     8726074017776536654821518211092259397735071572428894276615414784750777     
     3213203185929344650784702292670861551525192329742066786302850697212521     
     9486752049573739810427691426961484513374874787106497785628247772372415     
     5089736005886791196691162316156903919652958516911386344972466032443159     
     8053928829159309056615542041511337713820682219032219340745223038573707     
     7383982564095997181112111747633246723261618345762179576556378580794508     
     1396975076363862314602630849169036544301270566732492381772648810106664     
     8007476201761073960541353764145267055080427390158262634791445294553046     
     8518410438965041174026385208285461465704167167215650401931342148719735     
     4658050806607067753472507825823183275718054037008225511180799716872829     
     0234097533186683984556188662183316204147768413867719687485345417072407     
     3133871174403377709975170420712029430912541269942412015073117693054074     
     0887280392950108218219099363265230775475298274480270153864830982705524     
     2806295475143541312737127007929518715282152174348132630658297381045097     
     6007165984278111095890284424996507543838930191991858335411238024067944     
     9587902343879302870582577303868575479532464213680801999045735205053752     
     2787781082751743013069577423838858700002902933907225535262888598746802     
     1137115513260673864666507992785291267706863838963898841668267188988001     
     4351224068877903392638136406572949438388620170297159889681675689920209     
     3348632044882175295144470798699953809433893274110135732938735507169998     
     9794212668583741682224486163314964387688894685702252210942259519892159     
     0816405492490738973861845431506652386907052562818237733322960379519430     
     9563378912539918960378573990134982362413628363234624659958863418420640     
     9975760201055482113770293432491419900010027174724859412350065299573599     
     8958438600889396240578138394524899384190545611728836712702456338667956     
     0338844216179064065397022093211322359281044682648872924760932623657470     
     1307681766712909378644606385833039426205265263729581382022142113608632     
     0101897920831228402392425140041046793900317373515249011914420755618229     
     8269760397377653918443337282179015952561644555850887575338770587859176     
     3343974808126576545778484435679145142613302495483506983641496187692440     
     7948118700914490148821131772487287175340844456928220655169586900104157     
     9817177177078599489144644035741890510188739515899988513494826697281755     
     1875724602376992359704168111073231169813233685445902735874057623058976     
     4186947043952880313442781061746648923712789595778390913813865279144036     
     1285991386953779836925121038293586239354673540618447631116153354618266     
     1048114073250625321582601974368779141580789250104864161770746566403588     
     0691280122251856995654586468006146073664214534263208113644058746912101     
     8228399314898859633237234101831102384492392873472934407378449530572009     
     1225764398286106149885905202440506899565325889413820782368284722747029     
     8396325005185128876901714999979577733180631669733818982632715128310593     
     1864870687480834120052416740570329027531914767877651699347771973634514     
     0361331858123408602286533862161451329136979815438898320635015987200000     
     0000000000000000000000000000000000000000000000000000000000000000000000     
     0000000000000000000000000000000000000000000000000000000000000000000000     
     0000000000000000000000000000000000000000000000000000000000000000000000     
     0000000000000000000000000000000000000000000000000000000000000000000000     
     0000000000000000000000000000000000000000000000000000000000000000000000     
     0000000000000000000000000000000000000000000000000000000000000000000000     
     0000000000000000000000000000000000000000000000000000000000000000000000     
     0000000000000000000000000000000000000000000000000000000000000000000000     
     0000000000000000000000000000000000000000000000000000000000000000000000     
     0000000000000000000000000000000000000000000000000000000000000000000000     
     0000000000000000000000000000000000000000000000000000000000000000000000     
     0000000000000000000000000000000000000000000000000000000000000000000000     
     0000000000000000000000000000000000000000000000000000000000000000000000     
     0000000000000000000000000000000000000000000000000000000000000000000000     
     0000000000000000000000000000000000000000000000000000000000000000000000     
     00000000000000000000
