     1618397430598730350508761874105238130228386787047216484472547252464680     
     8824234756126986461171439156022017286027235031480535402379474345681098     
     2935711081073504595350575821287311132077418407490271286217642056439640     
     9663304635909446140850513838618066191785949306988172750817028017038078     
     3589721452912263617544451460623917629612601686767167377837901271120691     
     3145552394079751269296126477727173018378149788077103051147514623462773     
     0500074020984195793823500707846616964590279447449509535765686972250344     
     7327684676651367601013742391384688760358196232075772244856971187204283     
     3306373036215687909559970924912734906699971430713208366964454195608126     
     9698150999922583976497232493825842749360286120477637988678390205201798     
     5422647743828735064317834027508138459003313291540200003329200626710691     
     3512490389682207980796731244705328942684976561517133688955806124385804     
     5807862540422346742847741812258674240329812914111854468770256292008543     
     1194650062609230552251183156364566107536696933993876075335847277443795     
     8377198428068135159567071467264707013996098669473476197481195706806454     
     0785452575322353004639584310382005604706117011618497561051140824631798     
     7637749999280740600981824713417604313924442318112048064740805609794257     
     3941148743972831819023642081422832319595073253173924735539298439747971     
     5126660920855476697838050118329066744229133547649385357640103290634365     
     7953037795944640749196206416482270821030205215220310751372190372429280     
     8190040304462622013817453649923135705826840130310730636279597836514783     
     1270819748993111499875911631207580035973431612595021587344044812694317     
     6041162447592970076349764244654319872918522074615740852487550477831830     
     9860144628263836209341989262361011239600194596141210375691437378690465     
     5840933323539656247767525943087550593397434195814347255993598942633883     
     6203612760003064854907582293530110354987793790773744190192205249292184     
     3153190754656527485487580233246838386517475213655142086719550101610804     
     6177115579207980716144690315324243811314964652907881776330104724405792     
     3341370217436235192372024984802891981255481672589172961440987873280000     
     0000000000000000000000000000000000000000000000000000000000000000000000     
     0000000000000000000000000000000000000000000000000000000000000000000000     
     0000000000000000000000000000000000000000000000000000000000000000000000     
     0000000
