     2556214571018341465168384744679162892882969723344821529532264310958316     
     0858644218922088448030706206300572730510672041202795591574810066389263     
     4409509956287099034316641325032231723088023909129143953612405812294816     
     6723918070516720197383413908540075674718627380377764138115572784097782     
     1139667313293604470859425212983652222947763572847886658394811976012991     
     8446543114825667201741933671063520591285519391494595592842498061776682     
     0399680414995463827031078812457946963257609920628935813063589581781592     
     8665740153518664535220349341325339311011886233543657241741656598891931     
     6179648602735877199034198747951130283746356240120385973423154672208760     
     8370294667122789021979975800567381903850731640788754106475815399731876     
     8925638467968366652131781514048797450183978555662330163711522878126531     
     9385960844750746624285575021714733499418048510931159844228709110228796     
     6707482700936091967116889789674939297076936116640818812244220952213358     
     7401137846262382460970815470231151947447410742514536923305565193448714     
     3896624352589328712572179576575207182177196074564343980992291964233128     
     7152700282025161594194261014173997849294860011975198553529833583754566     
     0266810521639458324663705831104531294113511666029306000611866323140866     
     5158547524763930615837278548867096279014584715649500928151508439156725     
     7442665813800585341901824337949308172374589839396966895112900898992018     
     9006485301272719927451923382518619112939578082809285873231262979258510     
     2131831614035775306216852760877415186346813401686142680305833207380866     
     5104607375321218519243549907512072723180503974035916524379980914559295     
     4618879958040348366663877482645207911546146696824353181392413583718271     
     5553139747174897102525616669861108628473891256077686869242666785930543     
     7598054297824820966211316195138209018653360833202868842047453340354800     
     8102712816998509459755610521923433276186824381349104111305999359011434     
     4942714724397295747953065630131079658623337811815757430089169823949553     
     5155971852440276954546574557846699805192198053126822460706082658794022     
     1263858722365311234032122192917380737827574505258281164823687048672090     
     9719672511690261983110846936916440014989088790818206338653869406160136     
     8049500095481791794358838968031330684839128667843494104657303465404467     
     3807957714865462366168583533979522599607953129736873722036056512122427     
     4134294245400053975503295213784090554235726356110253146226547866984433     
     0521250902711426087574003192496263908725947625347169525953565844723726     
     3403914281727773058148730085198193584396330728490478707762972115351865     
     3639151156227170973433273066433683246999199730432320263394613669378962     
     6386483289573977150798789080540211000448382055695583954085563737138369     
     8248743279664734891892282454490415673674578123699544324730051760711620     
     5382617669791970291881328766350423345382054294856813338220041998113346     
     5659159914687271205191466545676123156704395520125092976755566169780834     
     3572547981323680243865711788577208294432019893932002103673442669523696     
     9010064044791959007829898142172923968795713291179355017547542530733990     
     9021676362561285203056666495315289485587910485358216532188832031720568     
     7365521434108876821399973079383638608288694857226355982258212846721592     
     7087855310906128168221897951555879424656352128792517025407489163556904     
     0585991879927849581660753537893641166275221321956916758098736793764655     
     3210619780074542203239372839729615629033633515471272829754859269769781     
     6263823388797155922605022722465453214693423289023766764153898370103416     
     5730314576465128413334040605039759172134465472008144308713849435756499     
     1997025111163917069154119775089579758363854853420998132492546579701701     
     5684224543585864521622030559377512705791808986142965998689971164417067     
     7495961023802856724575576427514075807673312127989908751452984421987848     
     3772877301246844363090055882837909319721876773447693545780105063801113     
     5137545891369741456853014917131126065249713951436286571111062649239798     
     5709424049676946836092722479064927124324514104015631521869357263457069     
     8073335294699709171898904332280891442424262164791332765307123768941581     
     9779144291459838833028293103311860503066269802212888374232282275803974     
     2877721782365242307437738860590056934570614061183447900759951791438081     
     8909514893757269902057464436367381838325902432025863540823193626499680     
     8338704974339699603307333623891947102875957040218506084659719056515903     
     2895695695464414897289463537593177810020900476926472825599820301324688     
     5268182264399173518142815369932600666165740817493197197174864946712096     
     8259082995220808232845219635865269006744413881815915009577494129717402     
     3513688796622167171762435552499177346673094453903232366041904508154188     
     5287658056099465074177695313263943915520542004872751015176181748588029     
     4576515192482503162264943754492952105590474091687936928742483454860264     
     4163080268520846923286174030295883695495013034205578222839012050900505     
     6498988161406705836525932503705127454774945055320782883322887429388764     
     0608772544616515205132863902904436136298155461870194326139978711284961     
     7430856256735533391511603152002989995221490826283163351200717892801597     
     1376322243796015898131949268081452089686277102742128658671065702511681     
     6185786203483923053035658258164704673819909808517528591713971453079319     
     8190319612996315712600370622112409961812253033343451597247042838550088     
     0114555203091909275248551772069168276804793953655478189915085113349307     
     6596465535313826496124083433082671461745353065260184382475662729753090     
     2828621956921704624940030900385642879340066727314857617520921021968787     
     2541523695722882242307536953577768255448690292805045779692516497935669     
     7850442662879372391954893154027232761444366493845496342694244095075202     
     8341249964544776359645281555371640889753567295180290696488881971705600     
     1393956789626160251760236729150500073990710328262106489579132344435981     
     3327792597346158929031790119552844392787714776913716497870965879912591     
     0342739491269226236382366126494106597681724705996800000000000000000000     
     0000000000000000000000000000000000000000000000000000000000000000000000     
     0000000000000000000000000000000000000000000000000000000000000000000000     
     0000000000000000000000000000000000000000000000000000000000000000000000     
     0000000000000000000000000000000000000000000000000000000000000000000000     
     0000000000000000000000000000000000000000000000000000000000000000000000     
     0000000000000000000000000000000000000000000000000000000000000000000000     
     0000000000000000000000000000000000000000000000000000000000000000000000     
     000000000000000000000000000
