     1617946556557594563970121368622411854113451693629693676114645905053927     
     1715597248899758465666058982935452563276643476007600507995480729957446     
     3279040553823787542027186093225540264431929159429471889633299498294368     
     8862564723381612760108466132744897027305672537903432709285111170713812     
     1256135381232652112253571991131150445399167953330943507725610510782007     
     5667853417035980756876117495603918620611200728945918370453605460998628     
     0608816281569713898202922904621564680644721328138817389828370251430763     
     7859930827009641128281304927979729931801895726967948241574310550110243     
     4854331974334749305385806419801670606214191376612459327829504901202113     
     5384922055745603599856768132134281225828022317145810865243464834543276     
     0355515745172003750382732444824228015999663294032915877628703352349159     
     2586569180111500620269497519445796401701498538323108189334476769789261     
     8767779717487580963833026020222743413339933989208400332502547285935834     
     7146869202557015692170600938734539306210814683712154254659636248328991     
     6934693561780668910201677320036994369798171014816405672607198400132435     
     9381263689401033422009923162078109402835055994331943241959551480923593     
     5711439212890412761009492841367525490277279191729358190315574282893067     
     0424321307142661642341147944876166298278517315973877669982727156124153     
     5922046029141793233477122046606015357525019798921596217346949966714389     
     0897173251015685076171607436208695493754055567340424754430099157756463     
     0216882584290580549554708346074635362605026898376155227479822321209035     
     1372589575733438131931218046707529357830605851897784039406607238790240     
     2782279600671097441075682704303169620696698644386724254768560604583860     
     2260391362493949852258794448032162549767963297377218817123796964041814     
     4770056805729199073557215102199076365723679394200393789380503437903087     
     7567991299722205423812178707049869475090704376986424772402183633122438     
     3287292625712690824477640407312036425097814831873130110950499755961350     
     1826525607180732401836605608612782091445999881521633899481571205233096     
     9516448195364238814649183320362596095476464663731409906216432270145522     
     8362714337060208420079508708966454011853322782094667036836566271634488     
     1479608797735316108557438455406460135819490726974021558196155488542332     
     3444225647298994375057676360251083750205091705092980580495406803670085     
     7990315627146566207342486142438226714302520749133014040238331510117424     
     2301051013239790941651477644549376048099310223264807898676803485918064     
     0619849539456898000906504385907145926958366482064668570028399508020979     
     9387044754188835420945783240520637427677487725680461398032269933249857     
     0290679757838886140693798473600876091915704558621845512829410809812761     
     1912397039104670348219985550087718892070449831420075363885063005768499     
     5004898989301224095711411437198863794076706010961339710627567315173900     
     6802820095808361505888586864772452062044388902006389945799052625404446     
     7172917730877582411870985008257654352769953346168754469093413351172212     
     2912225258557275822499271157257985492717460955478688145342491838376463     
     6815717746356520108544778378932858110004459030521964198176128454881559     
     8972979613609521860177217665455003140339529829090095976960665412324157     
     9654993340044301819206556238999543860199731019278272135157145418903978     
     5937334694693565862554058118082881803012945009199792111289209052041266     
     9219513621275902064362376843584840055685207685906558404266121923565135     
     9314196275529255021267551807455744763290175955671282858193212706142171     
     0169795324779433499456547901214165569385482682498192351468777733387794     
     9837110383285483605364845704360851606585999768697607582491387291838386     
     9628704458581949171702183589785520525982656078254888161066797424004212     
     5560594795636718434575725864866271976038392239750042484160404765533264     
     6174705283098884456215905000117334179873419697929377840002302399056313     
     2541051543139605249099732888146987020534554363466724084149661717326748     
     5486654665674397036314931118088599180153092391961421163051313126690197     
     1756463684290085467073012386641934997555882076966390616123784643789865     
     1498658127663729590953053943877992690403018257786808403961525907055839     
     2961865668755696957977253559576635290342232939677230626082350356214839     
     6736980388159616887291675307104963286638506173009347788054274061883816     
     0144537915929067061006389698789119348005854267575283046221177192578222     
     9995423206038004857695905250558304822029918535346290387749703863084877     
     4555066864991828740412007904178393830667590566609684612877668636077096     
     7926530181854517252604963226489096684751061794723148801937001778112606     
     1100273431358147158652496825361345164951046075754625708959449312352956     
     7700879383552776203000030476027856647574722452223798722760678044004833     
     2391293951352415516574256731613696230036613995870208618502102615790222     
     4945252583272990567004899342241393282911383438394285026732689650523757     
     8563967456258668108215200744477170079575627505523031903576547247499830     
     5539839551676965165084780600499686239006771280516576003046734249503573     
     2265275805017803331953398053385198113492254958567335382226468410946102     
     1832329796175261783109280625473361909692026190268314446473618819171101     
     0687004611531299361310497536729610814074813840206776614771207191960341     
     9630344406780834984393295212292424480487042685559547553108558517699734     
     0879249630671745489939784252480053430524605643433173640703475368327656     
     3330828420412119570260934795700380867042769833037570454353112602477830     
     3544331977981930028754330297826693716179929830718233232110162492919179     
     5045163115824150397011984236445420861638203014503058942334502781309703     
     6071619864820302158804152962790373652999653556769357919197297231895571     
     1915176817206546832951071205376787611704502150532244888774327897706536     
     6770272190126139758813732679903048317257676734137754357280775089760425     
     2125141225291664666718162285970256350391200672735590163512646636994239     
     8306477052959963145479200188096605840516419385904522822251691826814720     
     4734602517363984155196594465149369957959669628235010471267269467155675     
     8512215564679668432914236987674490512422250700824077039378695451418201     
     4086538114306496848230447424522077676348198811679933582713391920290661     
     0295127582214122226366509184191235513792727912556810800184871552337012     
     3588801717445910943387768919037059727469508393889597523423374874527657     
     4014151808549762497648358646442368231642550827012377407897019414817606     
     4458034994418130993652889257978112856977621638433739381702179825984978     
     4890998828955506224668258180270487343962732596291329730546783511934597     
     2692252899321301527480336575974933754066592859374167074727843228091870     
     7162816102748480039380176982625900092854426101508391523942245664235149     
     8552284333982831425787788056551301367611104183175228291688829176259726     
     5877172032320380442080585494678285875039879008952847441812846223313844     
     3737302040033218602020500115794486960160222211811634055809231649242224     
     1318514782689146878801193164317513943513056161286560215378046114625795     
     8255859775995587860538291260003172771041686073485681383807922962389029     
     5794119931156285013433369035778728625500764684830768275454760697643100     
     5023843587656130582020121506118458073572050962324282745607648513147126     
     5686781684860230356909311963634826595937503840408063706271527915217390     
     9781202054250063271706610283367209154611578490647741855226742607297073     
     0675173365576892049942981926059328233510433343178473355473658227438395     
     7865315017430718438460761078377785980810626014580715740749104040103417     
     8867608548640612762524500383242184005493715632265578005562274683913551     
     6430199444607667461297219658968478547076825777348054467269206470312319     
     0881767378012039931596294890401061858705464868490269580137569855830869     
     7829414795921815604843859352400102198891797729465655103412682618438189     
     4211564156447469453163733412943199625308727047903476824363329049521957     
     8444843117733808736631840582368672738296392702750806711981831341440980     
     3505455927694731868085535594485348707876099079037735048449150339692524     
     4400904420840675968432465673593210135225828285416714878828431957637243     
     5655797059047476126624589742632013351748354079727387788587253996980633     
     2268882274458914076246892991883887737790393634398205553678576313994266     
     9361734711226933214595775016292546204518255369143987364810536122951449     
     8620481432205852413555905070406298608321329522202263159035784679379309     
     3446865580573427408590153319149832115179397968666589846019720222948137     
     8654122177117731135278259872135099526386918363507161501277833566935507     
     1705394186692900695433762358613504570229904267719563904513947756122376     
     5651074849818611003545290320296749498461629703356221687462821822095421     
     4031682875799069964508802633495673912039427580419852175384695338303576     
     2211890671255689970965603247782349128658656104415777829868821525682712     
     4261975517637102844586692198742685458403349610090147345430846004350057     
     5784554607552266093104806958703760367450002271156483083920569806030296     
     7734525701294538942146031170374987584865495581133939725538966310391094     
     8589320387723947899675639856202204701705979743037932013807788338859961     
     5470707890925207575715758372353536761948331132943892894082099199278937     
     2617650687327563377510830223737384147249925327973477640308473509563132     
     1402963650949923298230030817729485011404514734670482264959404283504513     
     4434114020799740179194945885765617856416161237881049584491781023730691     
     9803848350605612795925464865426586651850143510583594878050718639377972     
     2825648161907709088044361063988333943961612182433819376665338446519380     
     2559935990426183617504159345493991328780917035554742507002420217678698     
     5636208648418243775544387866505514181534548656560711927391960876140532     
     2801495356504909843237633067010829966584822631455979290291725117463866     
     8032684532181086658768917340559935364464872589058804056744159995184333     
     5555142074677310969498830311347630473743748192353333075475611130028928     
     8068745074177682919647677838103297693033416624630221926817270623651649     
     5071656858524233479041766263417495052711640450433198943948159224089292     
     1748223764858329368110457214779889281996846038628931950289265686042304     
     8232151309075010735410754587655391330044000580900834920642020331103661     
     5371557645472090271198651998946365729296742604750724978241187724107039     
     3931936838415344376696769869388992215347381016376480708530246053962448     
     2483714438086781379394415519571160396789285379033229067557293280713330     
     6067365395623220818214399723672488867179111569972076831281452716648958     
     9805837493603519470819312624578690550059588540111732232626106172620644     
     9279094820877065008527034449658768034483610896192432649478421472877634     
     0397433708444107875986384712273198668245227945678083567927681842028679     
     7233790163304554723207972974765477220642262600568527913236498556967555     
     8519379378495747548865958927318707652517954780397558660766908130400536     
     6277356480073616929408794838808914734096249699379516542222805331138312     
     6794319989170486638922863511341189302694223226813531597771126529024127     
     2381839520892224010992001495460525807534985743321144574023333772362369     
     4837539581732443820613021671938435376295913026287919041810380357330016     
     2781329570771386778879316965323437394920496549745623338988191937571792     
     3009493904602653040718208503923017736090834829357854163089701585244928     
     5566674975667519721555876025213644720829574256117050254479773743771945     
     5789904686802384325094338888170479200970717966450762029807637387444199     
     1473217101606828940163641226852101676207002301500016353876435373685788     
     3544755671301228944815409262268465776483996132950389920171734389360564     
     4943738767381371958823910237917631492417438271907968556340140600458819     
     5624092130504107372087213315908426158682089198585590582509903407532972     
     0999070048877967924844521902037565563072641121146269436151994588439857     
     0659742671948456692022388163219588300768569284859105223335735368595724     
     2437247414725121493120401563257027881037191506882283505974114602417347     
     1650454827547773254136765456479058868532571620000831212088891723711721     
     4523954402351039195910416482882461131025234543023347779177566741818299     
     4714849388643432129079719353729269082803480511352772970682216959360844     
     1141066463149659016584867332991015748229783573372850705013818527021549     
     4120532169125711143930281455151009763950677159059661886001485009656023     
     9222234403879755446882367422961260522736758223891206103359659476101943     
     7429341227888389428928821589015925522459184301020390319289616585534647     
     9231274363922189307245574464188295214769236730381912084662168818934048     
     2693964086545310736225267857857845509139886193813844099077432984742440     
     7488451252597605634564499274472077986095510069600848687446645229693593     
     5742697921630362905372462048551820726635377075446651616947312222937079     
     7193396853931389092694321136144448916890931055903393328556523432578635     
     6338335673519461653794248775125397043859665101068151770518915819294457     
     2686649478224068277713886359840014635980297555298743172500569153685835     
     0532816632217699283175405685985181258719166699078633325023276886209950     
     0708540913845691602238748997282763673773746104643902270201128582524490     
     6487096572792590409793521314058121072677610242560341253203831337496786     
     1242114667377428354026577820619633806033766075726159476317332137593720     
     5660204732272558608646446199907560433319982500019740114857720003908988     
     6523942530595924017006898814990487061621240301937001825516321852331451     
     5692158048665391610563939427729364116486406425528131414598536661828565     
     2502577874140713403307419765773864966543333001364521969328483570144390     
     5254119548295114813589438185731294835845966386425273083180548796204559     
     6882028906404126303628141429911748188392173426543199425808150542897995     
     5202976147964254061056620503527347270207777351678281107957999486899951     
     4471127376659353321694360296441077901108166079957426775682073639663532     
     0343474961855658289614382177579987778784102709956045153498215551020580     
     8066966832371551913966585810759764804262676651325607587168308218992108     
     7497995111282974048498092171090816622252023815985701192608795783974304     
     0218361590945247473062848000080925286016946447842445593619183657914816     
     5159592447036659191319784232838708548085568531939886109962159391399362     
     4163792549704231523841693196854446347253722935140922067514168108725981     
     3089886802769454245028110577273778896879592070192923177097663552263862     
     3547415068272016643087250299547674631520519000332936025225787902482376     
     9991523336480935175932788047096552147736783663914810928756044817596558     
     9624997318096319394687903923253047919898616574614314228195438971963650     
     5961345395192775188678765913607246122930495699648353913607526577839390     
     3328272798351705867491035590095971320116840501596534357879237097550231     
     1919925115261936097452284942464985114986986349452501031170662722860553     
     1861859672704413441215842096231053300334417724325316590915179660403753     
     5113556924327560997220039952766533520054503216300899710035318073414313     
     1810229890324388469828040483233450448304925474987888432556291176225596     
     2259000603324112684232049335872351495058749548808868583059152399479701     
     9055414820652933854376913435412466831802194264352030764672862817723834     
     5426434203356267664201116158950108473039555598650028323829898875423460     
     0401876957709790241267699885597559983817148347490179343833978168483352     
     0849070180527971506773062825915941158258451573517959514800783370844321     
     9088048745897535237625128426221345040068281618061594494118372629098746     
     9051071668412352784215968823266163607142967450878768679987770490377258     
     3197968625326120868708446274528443363060764085613399550443493848979017     
     5828588867430361913946838192244460332524858948520890720085647849365004     
     2870747850523742707433716764508903444834607443972104655510389804064725     
     8025166424930236482982671327262828693807055582754290054328141548234866     
     9819800937136630767260061099273063921409541763733107779208453748512484     
     9579629699473955152209013342480013160935048905233910598264151289398913     
     0039745378474458868956626046581707075525537692428782035275211264913921     
     8815991112508662837506162993803575684014749380137691819017958222264940     
     8797642644482431209510447643030361916931807691335791427175050401714942     
     3282336828207995171021643576349650199308859078565397785203047880874346     
     1450438949964322308961174856323659628323846113162759562627848483466982     
     0101067011688069526000288820041616779009250127609599677317716735976926     
     6951015232612003926915128193902638780786580105377133687455852334577528     
     9437832124835597660270710971555291455389665067977749409170458669463935     
     1973048662783109287583451873116203713652946933898790919964540126843266     
     3439501077636841419005527234773363567885156560049847420903285691231363     
     7084223796897611949411978701352774223873089830447001137829352846945444     
     3019853227273809988503231802274220634706827121728803338640359311903311     
     1446652272987102229341605731270326667228172803408992267592423094424692     
     8684967247408852706433899570093470434925905951686918144000000000000000     
     0000000000000000000000000000000000000000000000000000000000000000000000     
     0000000000000000000000000000000000000000000000000000000000000000000000     
     0000000000000000000000000000000000000000000000000000000000000000000000     
     0000000000000000000000000000000000000000000000000000000000000000000000     
     0000000000000000000000000000000000000000000000000000000000000000000000     
     0000000000000000000000000000000000000000000000000000000000000000000000     
     0000000000000000000000000000000000000000000000000000000000000000000000     
     0000000000000000000000000000000000000000000000000000000000000000000000     
     0000000000000000000000000000000000000000000000000000000000000000000000     
     0000000000000000000000000000000000000000000000000000000000000000000000     
     0000000000000000000000000000000000000000000000000000000000000000000000     
     0000000000000000000000000000000000000000000000000000000000000000000000     
     0000000000000000000000000000000000000000000000000000000000000000000000     
     0000000000000000000000000000000000000000000000000000000000000000000000     
     0000000000000000000000000000000000000000000000000000000000000000000000     
     0000000000000000000000000000000000000000000000000000000000000000000000     
     0000000000000000000000000000000000000000000000000000000000000000000000     
     0000000000000000000000000000000000000000000000000000000000000000000000     
     000000000000000000000000000000000000000000000000000000000000
