     1991696155330072610792823013608280716952347823139996607594487470058194     
     1904220143725294317341582116770822775164964343282857053069834283484546     
     8478991631236639902614292271601580022466888284232187407117046706557322     
     9625293990708187628239863036778787070995876027949594060906438992722528     
     7531786056964709867393129398831276648496666713150522185873031465573649     
     2004710832335681717226913525260442376234470716338218575860350268790943     
     2500995639886963890876113496677999878355508557367575718689899208300320     
     8758307815074364692446726849542697929826442531645997105551009755496504     
     8119595831531767120707059492246746900732874563961299521524078945007418     
     0807340283033069378064076575024441346879460865479237118229789587945323     
     1047004481665189185538028976888808396196952320007612181830125777782039     
     7913529203982177998412495668854543578369508563172344840733803627836539     
     4729985372736430666795555085089085575405483342742732997659722014404485     
     7301552589886093241677968589478716953046427070525539317252423565781315     
     4593532173201135835472339941579693738987547392055168632245652282008076     
     5069200844221197403645739721223241161024030507059536970298059973151640     
     8916566452454296288760835722021695751708853948068098935271858085759754     
     8979820262718780781351184709082781258130505485558529750190819340706177     
     8943751159658579390067186190763770386988596413131968644380208404434985     
     3659543853892221993774363122653436778922804225995528396490161556947835     
     4894850160172335018769803344169005386420393914163198314343297337813868     
     8200172861754743404154165736158407526330139576558666367610802638095544     
     2901642410179314279686072887265788555300187053281501395241735524523592     
     6226328707225234685602883557028357040354256187905713623951345447789205     
     6328628896170339570861921539924402109723294185161078029759924469978922     
     9683249217923736737144571092548299380920534748959572131138746784926714     
     8929881125115185674534894481723885389412831087147079185152527957011379     
     9900241319853424793020057433550693470341221212494748426112016346449601     
     0523519042197440078568589715318901998950274417433460834501466369783936     
     2204572487221856650218216636783427726938365947178336077787516761999675     
     3657984066626752964172625511756326726779820494666575563732742081424766     
     2123083398760805905390156829849131453805303455715987525968045902900173     
     4305876149713327972817865682225935608989523099136690656862481614587426     
     5100280686312870299117723879620249315476336379685158153345676278753496     
     3797350959980573297282607704242141570606347403449113844657036730239622     
     0357689081647063660878643706302926363318212729069466839262715689607210     
     1686043065654297241933149227711250188865090555479784525368147536278734     
     0334424251649047191174354757774785509945054341865825802805872308226796     
     1868880429901163613579631976238009732793838102750100326305624361601364     
     5382903413580739673948473690061188880133475677010572646736206885235052     
     7407726207959218886957836134755128486371284121227846321518972843192216     
     7674431219965649907274238504747733357766120823384624774184589995442655     
     7121207727298286599382977459507507750103636411112153130342841218342349     
     9726735776456000808755456659788513292577956969007953144810997754021698     
     1700009483242721948400367656246407582742337623375285535288660414688496     
     9287717985322103968082558682932260327378254036757125448710524976600070     
     8147793141355640803650711399370715705868975497131376488454572764113238     
     1052150616860961935858214765106187088282014556856244728566396579020265     
     4239883735072118068379175699362671943624643622373624645813710460409220     
     5936511892485720435907691616330947807056934966043141407610600717205335     
     3119461692933470286384023938511243925326774960440679404339514964522691     
     5067097513689711909655580658793041171642878686164916794287809989273689     
     6668837127053286372852781898765905496127511946896474764987762368831762     
     6475596257614472757840429652395717546357917900154650697770831098008995     
     7418123544872996278497240297340524521905990067610800929568206453682713     
     1476650223172860125209469064304801257419772246257177780940234832530952     
     4030184943794954202003071143627028954320929974577041889087864575358543     
     9840921586101610660317190497693922322939337032927397753766433622956791     
     6596679670150816200906588656894339782637536475957328153077444107393612     
     3552459903636432395810188115611994966429307669450105985342107118689928     
     4123861658979704715664094657139109244199348102472781629205534562685878     
     2761953900160497412932258000193541844875357916392677329265069209106803     
     3981479243812911927018522748120561782128571574006744106088200187435210     
     0421096057003505517149729834977774766036462594087306926116927049062756     
     7816216101251207871002800607181845598273726104491831861303583374756679     
     2849895211424560042520114747697964011514991058497457806885009800040580     
     0569626518774491666192068553730717067477560800065589022341379738681226     
     6286343891625881759317186547679505066743152209535235785704379385609909     
     3640975377126669146756982256854935560440946906030777258786765389598702     
     4324943714382452267892840183500663848286951753493420070629609603229426     
     5361344744478277556618574249696558676458934397639360254029745908176091     
     5923192412742879347690366111161439975057854609209950541143486266769997     
     7465913222369935038793983058258464570303450039558823844437687512971761     
     2404714364891296989849726962483961221023606362897614304418873574356210     
     9941467157113341651249665279663892698909223168063487962638889741641124     
     9963242975577686995577300573359485688544748418969551854238453538770036     
     2016693211478758921365276133844922126959184679456336704642677936383319     
     7818943168828364018067623529731409582048549296049026101014132845867492     
     7860107347819482465653124405074474653217459091828907551153372643066482     
     4515969798569337313056900620216414676819717829055854935296932561108685     
     2145822776758564913243461873420302408574634055229473479981934141359257     
     2216739971732788129878770277427755163108065360245462732734667775716233     
     2520996180430093315378442071377440843944022147085373967176060768474806     
     8012119372152183138893806620458133891454108022137658452224432862740934     
     3167387340058057919631797215675377483820046940750432937257645890315380     
     0412218993820892603978691166403348821129276878521434818496830491558200     
     7998439765867702688631707085533195046750729398765522570824922577015023     
     0448990990817426185367856459508276446895319384030002296120867263665481     
     3800844308191775531265941074559257655829355736683772804017928569823330     
     9493675288168093249736118025714165217746163304656420418005384096105914     
     8345644205611339196769278060857490725097124549214802121730986291118250     
     3648760194635460766627581605830730271408706303014581936960285428559198     
     6774069600265679620066574182097668649739048043953361859661807394558697     
     2238047996514113216817811470037223423226683910112714755450596034256956     
     4453703436273472476378579152075575219042578184341217288463197745046415     
     8622289340755460909860971958767197134433229015683726514334781860905123     
     9340113656379767201772958903593960086817771684786618001083633919159912     
     1907518334800412129557890290816550522024193814193907403976878036740155     
     3915068657484057889664727264578198984189148480387459972659028826779476     
     4758620270108647135099048016417046442828183921855941860953214071899517     
     8671924560158795170902430943342195302860964393355140235067333028993384     
     6500295689323494883248650928991900276282815245211225327325385927830358     
     6389478123024967443673994735105119384431665948589480329668823247553054     
     3206636894794732702017690200361092998751243814474104620451621348120620     
     7816313067206923645169633181041862679499517490338618843896660969239363     
     5351934335245739875694617937367883599339020156881352917342910356563478     
     5294838206586215855276947711190312911915560181743908973897705603769040     
     3169329445255613886324162249529839400376381679955774674363546612400453     
     4147239420027879983830805112092499529552266038201691197386331000060200     
     3436955930406878117690645311677141662351337221052115077505807927537132     
     9182162231179319201423125589040650372970687234681230619160153337962597     
     8458080938009003633175557830658788810642782954093315394374456861046706     
     2139078695617638909292943789725945105285116218222802774611667588257718     
     0610483713234715081260824712352436988793407361631469620091122712166932     
     0719614407598007325552701055271035152905371037733043774432486805649691     
     6618589351465523383106968964932591836786384771512976735505779316928853     
     3563387835186300626979365986201001177106801095072606149226649164417311     
     8600435251487218017281312679432859992807951517234525798595179911653441     
     1345550078933453821325070349691961847631921226799603032254127782433047     
     2208310118868119471333401767125193690544026020314426749070639093344871     
     0763364293126659058309663099696918471358863057707491642705207223746539     
     8583897125552466009873521451495757320320027273174260070003513404472429     
     6613074381574082915416366962233018323417127112283973909301560510534735     
     4612037998376019558400000000000000000000000000000000000000000000000000     
     0000000000000000000000000000000000000000000000000000000000000000000000     
     0000000000000000000000000000000000000000000000000000000000000000000000     
     0000000000000000000000000000000000000000000000000000000000000000000000     
     0000000000000000000000000000000000000000000000000000000000000000000000     
     0000000000000000000000000000000000000000000000000000000000000000000000     
     0000000000000000000000000000000000000000000000000000000000000000000000     
     0000000000000000000000000000000000000000000000000000000000000000000000     
     0000000000000000000000000000000000000000000000000000000000000000000000     
     0000000000000000000000000000000000000000000000000000000000000000000000     
     0000000000000000000000000000000000000000000000000000000000000000000000     
     0000000000000000
