     1261899874480295716972759546592013002693571985566323152757270957939010     
     8544197895755256903118056275220825551072119258794761335585404226791114     
     9815052344376772765328451254775247148638019803306538083058616023919182     
     5990485600102703290846128863163937349984418923484655694952650181172753     
     8273749778317248566330948572353975220020754346305438176014904941877355     
     8006272047691237722044941589545840017494927787338802178176625683732893     
     2009780945592991083104646861226951686180561661846145811104782361704808     
     0372582349255583969058509164159704007840784168553070563472232326133755     
     2267518519554930852664257704438224841306566686038076105984755666829473     
     1614112817692647158705622036360618077495328504116856064569256952801473     
     4676366157311806239179100121960401571010322688099244423687151504787276     
     6948938163964717122659707579326137621631067835259185713631332421151035     
     8491320281449646038914165929801039366598180974283875119540718840682536     
     7544215876320259162159798151135610069010064023910327507004778681771064     
     7138387020827503373901646516236381330833153735874667358493531961789276     
     4974750476859195861238583095299868544283961129567722266291299535844971     
     9363654489317657250064318266590675808353350947778102463491174807089972     
     5943851028884183297038979145174424567173164945958247915539654098096127     
     5821361829039021925472035822683745835208516197996503648724395641319055     
     8976717966523370667313548310451311982683930484087150707227355862845350     
     4469086546700326947979227843765296649421956565067707328055767207308781     
     1484008497199251391871895982419227014974685291740319996917051817902200     
     5184843372956847501822993795012954008369683491796033003009474236679527     
     4567453542504047217050085112628682900275243624756278140376715432611807     
     6237764412869009757036039455320482778388301963453675424808498015130665     
     7323703103922017070753479060073110100058660771525486602575629283283724     
     3173876230260394771047499637249641620595169081919118447113404485668226     
     9882805153991344676935790774163521247903727281843929528104198446036951     
     8200735485357529821294681333877422670350670289886127433376014789423606     
     2508419213184460902461706184377170657092422671875845567614803981385826     
     5459863342964721868791833322566611197334815489456919368178440994760735     
     3332550966088196803803931134878953208181621765879606123192467220543752     
     7620886124791451256013878589385752332379694629148911230709993446876956     
     9955668476814383596737098259386502645138664523974718756649947667260076     
     5079044432893918349053904539771156196144485885461113616953657344352036     
     9576245097675648447799379677397616661103113677312238134092474373700785     
     7598690681235670052408648348195654139377566731111021437490575547675075     
     9027130615024959508677987110849269880213433236736348230584585112561987     
     3517940819101475989949285186706708334203240013946104193565786872098714     
     0875765777910457516267848904635797824695713118959048715487539981500625     
     3574600265312954741933664124018427174015433610088972788064284371198557     
     4755248518823088282536052712474876866771322703526300007592152928940580     
     1390038074718148765214970302879515551328886526565275498720986427761045     
     6148902224692842027013644194645578985302286802420241480777925228406882     
     4195318904477131464906342208021728415014392377769705784418981179464227     
     9576848314962871784318435961854311538436354018780977108606455632774722     
     3655462913667182613284283549776086024881946136024235611171529901857689     
     8371449262028510784634667700693164222510783164854741416047188897789797     
     8293300071156512959584543714876237997154775610202934034206689722356103     
     8154999828169910484642850204686540778336442816993159857046059933229501     
     3986580568369099806102861491824658477540542648491774005276718707195465     
     3834322095981941064356338324219646782587083877122591662614289336643257     
     1294198382864572034469674967052506751648066527631676319416335665581076     
     0405091368270195347807240316849868785247887692592515897263185373722088     
     2212980199616345572698174144378594390629808919829856020232063267787789     
     2606022442889144576267656803038476802826245067038266804444070527483001     
     5493364037280217035674522183124452633013342575158641037331211464936672     
     9316257550556890296670212700625269637030218841846081647695670852342997     
     1119739829019582086272326990034588475527805909725741768483867075248356     
     1691855922874483588313056423895034175469889875593530703051313167321484     
     4647374636160308558008275680741756726771352855410314543590685603189577     
     3385328099061904858144737818623381988914364389486535889319330132023644     
     1799619102323875577536475697504098619999927602209346282190380549594180     
     0427528619434606998438846495215437513866683325770667593381807303974878     
     6443099386398766410943909952621842451076499874182051180052179336098981     
     5381381438441912009979461951516679382915381595410748581471965381218357     
     5013415543139511481429980301991944050926562723975719057333120393591136     
     9075247872074363206973355443650740533283035108658561967365934882428867     
     2258544511084302076760996244236277021014199843394906533142942002756156     
     9385638022279430159740956509040852006165565830135178468395248745511631     
     8272602504990029173567580626292029973464362080364130257487415863038948     
     2235947713973920978900695188813496959733401936043226193414611312663591     
     3854713907050602370047214950830168496599506340587827000578800442103480     
     8853695767890118626166785101157284233408814674832755264953779732611234     
     1050216079330728694853881492911329581215003779060914051099957378552601     
     5036803915057219572972225515649027440637275902910223517754818987741552     
     0822423550212547243960674558790592646082171457159735263099942610984594     
     4590860752460308057715911337848170527838138105798697935542363506617885     
     4780101832122293743361816013863268173134854902943400014842593277260580     
     6552395587767893518157675510151705337928944884839341243970546034098558     
     5870851554130317981368678796556034264709744514551097571656522802433310     
     4768391863894121541572594347652733651088253021674329115908884290450929     
     7686801054695194259383007001296454501648046379324198377012075264490749     
     9154473684927130488075430365955144080079353165436867610103578218325336     
     9011791236366987031814175368574249560115117164216416264745308239277346     
     5919611138673412985473327156357791736783082574828609348929053916394998     
     4951995390028107065712212040530454503002230051070397869312921854315080     
     4629030433362000454356149806897403425819816714644240693844684647916191     
     2597023232672020868947139928193447637341978670413579555153775462746894     
     4600166530556574792363640286975850697500944818231608349862391574877021     
     1504803911163565756675766154530668324850862133691378545927190929325142     
     4842847386263292099769427561749182279952289751759060753868513786611446     
     7160493397362096355228553270324548954101873442372696218156895356542028     
     7003561390279326213120978889997476833257122954567315808637256995399914     
     6059151118623331580362761243844932570522710174455020449051682439035307     
     6232703113062965690949387615845637976474137521607897052250841292652053     
     7624607611960918048542972882146572401136730175687587222582501870140581     
     6315435341033484667421067867182315069109446640690361127064180674144711     
     4039384321179726205291450355537698793793806702643135411232166156979053     
     1013825156906405329910786182705746499461004739996948935656276768387038     
     4444181972231303589662576213053326751260367654540442289751538702978651     
     7965833358395115408296694687585336002060776102808945391880593631927457     
     9767159979183173832371805508877369092212637300247142842802902704589887     
     8151654698292825040453369019674818230408526717187844068442644337477078     
     9015189843888271576041071310464037814309876747694574219051165651903330     
     3271068947247260198269484522650134220586009841337968386058160258150928     
     9662376585465437437715008727261132096250223810552981175475066157271139     
     9426853241931254091368906847797640666371893692978660295665149848331938     
     2559975870985365497975726190443620234995049309264472715642112489091552     
     8467282445047495814189923343303163143364539497867478838694203380866192     
     0681958331396182971156866940059636744030241885321009140143367858758253     
     1767721429278849541801363226625501465579514856781244088595992821820128     
     1191541444150923080788173935877117891062990376312250447099773656386231     
     3041134849495739314060159063301769709952622083887955059102413450406214     
     8833474707789950235211009551391759310073609053302795155567769427375246     
     1481799341513746689637987835959480955146453651753224555712500525150822     
     3166358889386589991552803600638068869624460318464550960800856005156018     
     9139751383642321527032098164918560144897554052542669346640429300702076     
     3774904577314536234519518226113523959701680270517123763720236154950124     
     5355113140556151637209090607000862489245337611924961435521326555067821     
     6463302708503179861853377994357349362107222802046366052152877221156169     
     7792091235361139482661930855786116960951369389973936663553112151052259     
     0146833287316884817408780521769656515340859750634916307486343840724190     
     0098079060619119615966178374655021365333249007521041182923033410843828     
     1526313371192196277474066772063687696375652164986622122518462848485901     
     1765842807914636143013395110136930337476208883810326403748118176488800     
     5401665571288797820446512990509071280116175793209495975494747862067534     
     3971466162392516832337235337457102001575623996533121107422662523846928     
     0124607730997412907363924759594597070793505642015743305611810450271985     
     9327892519316595165301689351368125638708180757879711429415228053138362     
     6604372549462036000620962809305757208899053494750793393165386877453703     
     9980179300896742256250903522748082746903477936481744783517784233782822     
     9895801651180712011018653102310315878688697113051448757774247608654599     
     2586590187380892545207924071640327342349868831491909908347810620769509     
     1376944143161144906483285053165750363713789491699784779102567347089353     
     0233619331868261924646987087764979218747654067407137361702956497686342     
     2707796139229168426702292720004339482029292679562330486235260221997347     
     9837108824277578289878236329660581861113846865759057098950483685605818     
     8377347019056548786912421289166220779853010661922455458095424471114646     
     0963845842393593862757867071134997788882740594987049552664731766998155     
     6379524117896337295824368728358439721581198845523016115416899991829070     
     0500956239947582141257678055950521038350920407075358011798948743217771     
     1197435264549118407690699784996362133559461895561465363514550563730800     
     4855595735948640536036177903892714717992974289707894526117870270560804     
     5032751391998318363843224644026828843003527259150285159465981060109062     
     4061475343137673345377872569386354823649821540504017853650395970023946     
     7814365863366572833092674829681255753191724269570111494504950094753874     
     8705827916465443309561639641815729701588582565084903121952923214561064     
     6104625032085962683401751904357600162475957112186793337825013201795186     
     6441787152783738498964003175467648054433716831124614217363801088027602     
     4446523623312819941989235305014302478534247202959893272064675150974497     
     2696401647490646339955229202858086971472998623029180649311561684060138     
     3565864962053961255755154899619142185187882046725431216894648749816034     
     6762218562821901497347471772865307787109931280781583799725277506503829     
     6067369013081558562686529241103042231856304114746294941241013578970748     
     5410059396681763867689099416309120948851961289151215901198698134214163     
     1632071943054222991488049185183342934512148317394896400912944400565414     
     0559467924312263318338728763699435105292756607003786614557087142999447     
     0966380440070534757688462854584142031683559588220843637568525771329130     
     1615379135622997258762800801789512016520317444754248867468617990221520     
     1564689487090176637808612867166615100729903090538789433995196370704904     
     2883901928549446446106186751322617060722468855758161447530395514262813     
     0639315211238765107604094114456006279035966826572736581574095261325881     
     4025795942710996291028882523469804519991872676051106996352622903067960     
     5817235538794241137997752591496170386356530662680742439524361128030380     
     2657350510279806677720823735686520735326758542009637554399628440700682     
     5234517925762418418418864445032412825256466109766596408843504216991242     
     5838524625075517828446652003210604487069612221228229794826697836066086     
     7032852255726784770741108395335315108509482593748784098579219684291952     
     7357742503941463310527069339968776345419126462384652438352542758373904     
     4637584667025173849432816928575962566490153267576075284070011138741623     
     9119175572673296677340267329725734541093552085036370235039962424786146     
     1889115064606491747911579494872977465983936191901209539094852186769782     
     3923985105113822984671914570776274369563231678612915871189953469049113     
     4965387125032447846717675749945750669467634214871605535591084965653768     
     0136253035318276999794396805817941096489875330924978297641279490716254     
     1977323814926023896605014117225796268817557426844394185525225725880942     
     3525752760847546785723986694509900097801502817127086416420037356170156     
     6508700281458860938353482610954921796294211986173908641992870805894434     
     1424684130512639751464173773381836214771276377999204413503706535860770     
     7022194676990607481883892902306272293623681748751732573731252930738064     
     3212880108952454015916648675705943909990400000000000000000000000000000     
     0000000000000000000000000000000000000000000000000000000000000000000000     
     0000000000000000000000000000000000000000000000000000000000000000000000     
     0000000000000000000000000000000000000000000000000000000000000000000000     
     0000000000000000000000000000000000000000000000000000000000000000000000     
     0000000000000000000000000000000000000000000000000000000000000000000000     
     0000000000000000000000000000000000000000000000000000000000000000000000     
     0000000000000000000000000000000000000000000000000000000000000000000000     
     0000000000000000000000000000000000000000000000000000000000000000000000     
     0000000000000000000000000000000000000000000000000000000000000000000000     
     0000000000000000000000000000000000000000000000000000000000000000000000     
     0000000000000000000000000000000000000000000000000000000000000000000000     
     0000000000000000000000000000000000000000000000000000000000000000000000     
     0000000000000000000000000000000000000000000000000000000000000000000000     
     0000000000000000000000000000000000000000000000000000000000000000000000     
     00000000000000000000000000000000000000000000000000000000000000000
