     6141605138231278135106320662358645530407429376740142978254537547740637     
     7821011819793141273243000038678510812178192641325457939729073052755101     
     6573553378096850190243601433136482364504190389235237489175461478998108     
     4106649477619995621579338785279817493562988959441690172668342016759974     
     8243649626696490740141802872120045943317119900672144006468393180678084     
     4850055243559137319429219721111186517108468661648857292306431731355274     
     8902578802827663790735672258322333592020000514138150727994758945667855     
     0000126277846820931800741858569496331488995752025915634591521024378727     
     5389227141586474238627927038174615143119339144334622674085359879207789     
     3031970873437885658085215038411547868114246699393182037205756524585994     
     0087365522821186966151789831737813337168599267828544196467484415204755     
     4406856892163133640702099011787215847960457032509413302807017714577203     
     1793264309233226406560536415804774141887640210552825712846738322229072     
     8922239715841295282341266041064121358937719175368782661816791487902400     
     3990174824951087475141171372314887582014845999766410984386242605033171     
     2538930747967868072865837396864719056292482484282849322428319684900218     
     4092207621762201968782499666585577564311613551472483279311221060029250     
     5252808422935297917969258684098622554264194277486479172496878853685788     
     4173791502675516988657856770480373943300819705197334590315197934278999     
     0254042083730424210570259908331295698617876636123412559620942605306218     
     3688895540666797175666518505713269606656690930011496817115542066054557     
     7358047596606736600926290687049812498296512218573868575767684598623173     
     0472228829006215940855243729091204447453635533756541764761776592068625     
     9179794785918178253044692076739004089354375805215582591229700231375395     
     0734475245333799748590448257152655554814055855929957758624144921356518     
     1213256649487343464977924402668322135434672628903653680249216233812707     
     2912066594341001871744849299301905605252291655753659096134027631773884     
     6522834301237970866954193329726902017524771605443315135724313480860275     
     8657361259343074151206901214994867718048333429889493859393579945049233     
     2006671975471097198991675985229314048402453780486508332377000556104956     
     4018596988563714203844805541847767317153350680666093793161121781995360     
     7733258423897143030651880591689335130485792812290817329782079735854676     
     0294306397230172784827523065232151269635462047030949038795501867503085     
     0195928632553329424040678642789148337781523737420979976418573739456934     
     7611978363774038006761150208735457217706655836551267770825771983354275     
     7936619379228178070950393269242261958364472794972036120509004413355779     
     6171648052608206396337434210719659383534520049408464786824037266881387     
     4887842803531156070039901368731164882809293824577985475589117955060448     
     9475196879036056534196938896805552877444582766813201623461883276487332     
     2225019169629394466547571733796218686061404842347524878154002646473522     
     5507377821570124396121780395915297228258944612613053485289663764860110     
     7844836159933131121066241984328363777741764247361317357963814889888957     
     8086700501389187149094125814247675646884828851083991628324361040174250     
     9770608847079503638698089768725435884354229764461883021781838824248054     
     3586465740622553378018286451492372466744796580710701669591927555888042     
     6624157941370578930579678951891316510475164673407224479905036395292191     
     7952426022226402597635986830147972076050848733915233646485836035392555     
     1096971635107294944548137637458261155165731664590527570108223901742854     
     1832805855697891258273609428047353847545736155815128307298279688738693     
     2530414055173622541884734865994900578191828589398794565173514332235229     
     7080450438352958920537092347897679713881543355833256750485359703042783     
     4667284459150274772594428877206669254879352643371537598172964765122173     
     0070660733136261766803807280934974226995716099816198212524143881413673     
     3519148552189682426022028110085229585103569212003425235699529243659529     
     3467997403520082045244768446060591019160410072506005938507514495509424     
     4415909350122340203516190160664741129416368869003861073931781088693240     
     7084082515667163006133302593101355481335140779499288580543389975487107     
     5739039217693352307688918602592394040238059409562231429342887197440337     
     8717583302277449079385812649946192594743624371654507332727578062415665     
     0699068034986020601246867020097001107303885251424298941495191090740052     
     1552700960123747568860868741469384281201765003849930921025385781615180     
     0755543145383433269811355765662769943016133783184983639871182430731785     
     7007185007638745547036318261285006530867512274836738750157347956551091     
     9543086665647365664121028958272328626379617015807718338152270315918042     
     5856813862948557886942565612224317681506734371756694945284454643558004     
     2541813516530054671236267432674188090361346520223018561429633726381674     
     6198207448989320725200026203552417660948721930925126164396319947726309     
     5346246556376873039149244548591047188652312536135309347981237865718788     
     2649160711082934237997494485396749315495399947554838640755056634667853     
     0323575558075008937698853053865987079499227905943041836858794129406945     
     9847997604450533919383526807846923560688706393069324528427545315984528     
     0250352471158206144933571990498420459513796366302293351602075594293999     
     7264414595788722185121224639228714330200193332502661119571498720090925     
     2822692989204822810032571964215610659821284371829260457626361970437375     
     9118225671991504806426149256302597055920267565612788023815159878767567     
     1065689455654266204082633613198496654677418511299038998163089222993304     
     0864692461558114831633867810836961918155220510771780656054119020132752     
     0707701340007317921597940103142910756263720412468198000144639945599624     
     5034495299699749318418219847508750097901521744465908218396622337362127     
     2198679248146599261177496134938584353968317480538574213568693179806399     
     1514391187640843214526856151955486107811684615783798426991180053127697     
     1331999708847729522491593958059314638292263212090364730730928046505355     
     6819326694970188631150824848300628645213901899307628560270623209834541     
     5081873915965886440842757257595722559400819325413799018838576200758371     
     0180107912226338105114928793097571636188819318171442979516940339573950     
     3714313174655451812795081272338118096610433618051571267389940747340319     
     2487176117436768530434082784790143333387172951861798346963042150495164     
     6691267878230160919135138507109709601734788523884387986409877051433121     
     4314759357672710561011057230909799023265547601087588732309881016536936     
     8569113603405547157778808435973389694949386674774145693272804078965039     
     1644612244217906762278115178818735234340199954808905912850026264306907     
     5371550795362021089733494563562103094192788970154482976364257779118776     
     8817627244227030671962706992445035392594359537168466599833051590507375     
     8480069573383323589929517976891642498848363127974846271182088553354556     
     2786272546158929067021928546843992726719075268443157846083862197432592     
     4401950667729709577250444322713028522073857406653876461681207982774040     
     1017700402514995307678679978864985123579873580650046885289666319834848     
     6120435879546975117157993397122757419535501299673354424370003763226248     
     1833664347242660085550675699383445350477527044389982480484886657105482     
     3352816728754715018102612905200772530203058693714869418894175686340866     
     2655669403623874035790696816547189696300284059880856632986408141394516     
     2523141845931956269013568721171866108645805911829106260301591149908198     
     7957361720764485675325110559300816663060696991024108312962628094462517     
     1301731763873342101764728353298537067802666358282155321128061729198567     
     1551647028678717316146507642328860376750292157582546178937504660768098     
     4448821608175564676046937161387417642127568291992007561448855297014450     
     5512769548499856825624124548958452603772786806414538276632658238636316     
     2209422550506335384918336108962519832133394209985094242516421327099816     
     2759095680340330864078118131595662139881110273029619173310780539753776     
     6608204094102438674446517346455512489511572536236240084520476092063847     
     4127450281127622521377425421509521438876264825457483835720679540112244     
     8905675513548112767019066079653339068147278690986155426320949598886056     
     5136490750443368054929539790273707114442974070952362258754744921688491     
     9828506429820454186196881449564213055881859374307104638245189147720548     
     1612026284709498950754274962233610982389512247563201260751426261666308     
     7118849919551141465782504426153587347674344553804813655386431836583557     
     1177956486958593352808612073201853842678413289426324298548135603768625     
     6892225129140308529229113699809231666972616324792377160862724705187448     
     3362405290533130642336953792634579960811602691434093784126156982153557     
     0268091844080693443156183138780494891968605272970990333044806082469722     
     7940326454277191209575236997675886532047446389936112490881447976606544     
     5571931540176580167171281848377524228342468098393002106572490593169427     
     5296365195757505942494184886166779739737486094980556064362204651850688     
     5965267392287108259686117108626370366885263979485658775432167388124500     
     6532017877526957852413980326266692703848632104944645962400739112774454     
     9791288103846684178417086033708477086352749173408045656055520271524028     
     2060808706418795677891843297656501364400690676680260329333469794103503     
     1466544221563118147779756044863178981965150650798757270997969185831710     
     4433665621984848633455432063146222211747439344607351014394085568271239     
     5958833825722501939279217196940175750539243174820353106415309745599571     
     5971325841823906986377659679422382794758549386052748159066649196095357     
     1637856934683705795696494462671583588811479658577162697232495237548563     
     3196261912545333903192152171160457074124720834320775687638615821138353     
     2855848505523851624848853189984331882494548926686792439741420338247484     
     4231247646161986827127179531492480795933891971579940282182233026343054     
     6379793207940559795914301404364364959343674643684136107870186330904858     
     6823558471104624699240143597887119400689743456451362383312209990205451     
     0462075364075859220122231477338565225728326069316460254995596055576830     
     9306827250165104547846295083000420884144895975753727950018369387586190     
     1305106447629515241973814515444396018070214834392773207930319831889564     
     0205433409774615098509085223589126173050876664279160420961456265265662     
     6990394659662248314573794087993272522935743476029517450306277316561346     
     6716830610221809280197818378875430490260433771450929744480151709634144     
     7365458799239405412193840099016330387368927110999548614235123557193653     
     2029964229184776632589327766187504676615188383209632316115719764742799     
     6428036211752736408680650965312866942543476398937881042309031550892883     
     6188633638171216182113841133958639228051600313762514792831953676544747     
     0177439281943668548814975100278388109230435670913521827272486107702729     
     5906838052619034215257195243850146239801355775100288926119273900954269     
     9813762666371829350035956704165792253608752232670196641633626017986121     
     9752211935975297325930455636673663610170949228441417713441792980310930     
     0794126537675935884693828959258700631179646999311012512792300947850727     
     8592382628859111039148955259905237973420891184644588911138291301895083     
     3851925258021332550838804851698452679525042542783466747349906573876305     
     1701567098589848439971028460085340459419661043801069321945518949776439     
     0446587248582356928764918691953432016942860302767785220889509402715824     
     5877993128294812396114619317053717937343351925424333974339329656067086     
     9324888266110914507674914409462327295355641144634988940846553201992669     
     1362944613920795952213991556583632122199228019036592249092603066872446     
     3673963679863454114753356829465431137398686177914607949709836572335829     
     8130561012743176446370794679287026426139534386476900171829545733181522     
     6242270277802930434085245816073683444702509682451353287088335819373602     
     4588194977973224231355685634361531626025385492393757846571945570161717     
     0608137744484115803215248616005761498311045629141801456822134285210592     
     7289451006536625511982629222331961362571982923791394705599379405346624     
     2865534215652283254766585888391970730725246419756881318276536220752799     
     8028030591240575755379038919338077169665855220056946040928245821521414     
     1562297372080359416265722315407050238973984343418354151998362137491766     
     5536175501882546818062860992344900023002027232997939298340749275218132     
     1132515984701536319872575904954218342144751792575545429795164005498286     
     5247550882858739226736769247555112388939394493710829228642671571402457     
     1314427585181085192160176239010316773803339400075149685013842329989558     
     0447721083195529776318830657132433596852208777572255566435801518533745     
     6815731944239849775960421550686380101178878987050611983807612021796303     
     3152426590117780981463994363571234449049558954697332527034359897643520     
     3421398788977040975900319802547010019735176160610697661363617404950280     
     2315621693139997376015575237118975830455453279238555975473735902150933     
     3999410727518334062036479607580188429752977537063687884624623562936092     
     1381906839599900350374520636089404099398573733835616485139173266484940     
     5164216302236292069753424092667212359877653009891995770583484871924880     
     7137202517422036921295999308999092757468891477981953570629914064700374     
     1442735338435543922961298382992965482879494868232308348989064304985860     
     3010551051267682262631856874293351270627732051982730263245542953059771     
     8454741605539106012187330372387079656981395728605103605115886467111465     
     0190562788461664464212976307372384586940369716294940948513301986509562     
     0267801941374517120997437833510399504210152441138482570762125631612491     
     6582857792985444555602537778971624084473901575048763511012051057114903     
     4279406910261750279299843300234468580103136862914338249339742650838007     
     4262138680270385629414441593943548972866867757857260845418381802507918     
     2106856605343652494738564881160384110943050968886506780552369098806846     
     4678426160333934374623162078949967580532626504899867632986513660305234     
     6325242690345118744983485186132103728892779588285793351374063085999548     
     9630940300337573019208091594778199111555052118625103294523235074287628     
     8913726525969791359443327354784567635689276635009002835311535668317248     
     7932657775931266374860149504340064320530675561727088285285736620802482     
     5252133916420167634867412448279222758909892776046634953315539225741594     
     2369017180254031473110317856130798710599532529106798057010796641104621     
     4252710307511087594759661196668698915885135651950018237457115706240258     
     1016487291849959572390692288716754169153296965337842480999955887667350     
     7515132904287363246289722614310388449849459306837850323471321470200068     
     7138084764066740271146343595414647575932607842425871298950096349730365     
     5091298127685004249644888250369997541200438441388710860649462576496467     
     0286901933804831612260537006725821620884526403185015066821938477833385     
     2617864070451942715105810208064093887564311548532161360097697960386018     
     3404701066412038535347625891145143085454423643559627147325638104456607     
     8283728002035200731426166143983684792423332561818149138911809559375778     
     5536067120891916542733381520193178444311870548332287636177322931667833     
     3169904276846196872419277763900497640578803314560546235462887313844056     
     0717542123270607879249849485570745876142337753281973836301586391793182     
     2427454177350137614060128380124901533151308488111132575172980805402876     
     1731296216423151143477795964424400472355493530404802308954966328151954     
     4767058254718068379091020249717780465685074338581604919456682531801692     
     5399021869109618731879069264384280113124792788626065052824077436896629     
     3787832623188118533177293361836324493646212128520398586729145567104965     
     2904736199855616342655468999614357014709825365227231537139104136013278     
     1975840602401569380198617213735263835764021672158752550890582314834905     
     8907636930555234613212943003348968924058205440852211279498220854482853     
     4541632821893194251640502485701277890688492284399632758667986905519562     
     1801971496903731863626911111585761682068742716754937784868806528410001     
     0575763591962202723405761477935417846437639338207819502449713383311012     
     5672749204712235432140058896223370300174339341019200608636433858616394     
     8753372300990219784988154735144292334593852854704370798488713529688415     
     8802491210137676908908673732233484264285410971303643244429984461755282     
     9048025916094603380859942931793585814443778685992070646243628309605016     
     5876058051568897192233171164220994626221698561008965696969039799265370     
     4744345394457152162060218939310552971612022453882424163998588077516577     
     2968146053381809070046762377245045257301795007658323783568981525365564     
     1016311857527912688689033996503821481254898527878995143422695913188957     
     5678901626693500750026316044069037363691158197586441804969899333824363     
     6673444183840145571895278420692055363162071578890150658810741764833277     
     2900759774338595973615608454229928852089727967002615188524827474587791     
     7752096248540330563533943293503965362990040425230531915001851867138292     
     9616308580421779342323181242622643795704487838813783745591956053737791     
     5826322210457750711748043135626630359870671519178304812633917972042662     
     7116639267856962077051305598738725169821696444989856619110593668500604     
     1753300081792514962366461731446300117557390081683964524800316033340580     
     4798667043844469760024394213241978790962859257314569683254741068122289     
     3926324396269654057024594880372718443855235475843786672489587338541537     
     1900902586054963886259761013309174892031697574822975063931788826675301     
     8204608520662118594434514822295089205558152647329746255403434931651175     
     2271055133119555419027048491575681847497644594060359651405155998894498     
     3041789111086108704746412185279561448933262048925273238236227618535209     
     5798955424573892810882277593576155911809490131797065577559194903790831     
     7316236220103777958153426619656582467432113213270003884364502964757896     
     4402912977252101610686875182234709155672227319490754339191737813793662     
     8882210062220064688742207796781405442631884835062537849974715468232015     
     3422679205883515206497613440109995279319483126680362480364562221185430     
     6617815263426274595824639571316303792654233046068664413115196399286506     
     2653289002640692205215314890335508835681805774593237408711746379637498     
     9582821892110158706970614516015582273938936733285893310762758381394680     
     4640668865754395136254976956236959127061784735988524399303569562932523     
     4186931720553967478554054744497721738733063787754225127822205235398085     
     4716748187523719217855039918755528118987270441508914000200509933935700     
     1149024469352473387324824218436946194570629683298489364847177126040800     
     3066751803527676580765351284159009252743927512531862812057897121413559     
     9043119260738119637091247095817758666689507381614949990563543853640489     
     3580971626873678474692530649137470548994961840626300200330011068954618     
     4396313513083245681930781395390766344027345456769540051352341786949872     
     5941396498838153949772305507417212329964686514223857669210166300930635     
     7221339295379141369925783354914909917044170030283080986348990820697756     
     9160523650977915294159946019120690303933398556869842191698581228280148     
     4486703315425375719617956543738274331482368280643380357819833871405391     
     3420460050990123133062113754256527973984537443880194972245709426759093     
     2271873628906374422182420183386286451093527679855886471965816568020150     
     7965389658235659246552380114750870930028639365951226919601654620520332     
     0522637969297156735704759678206084842642774352200775797220326122821780     
     8970736189086618819283586842650275465018603898236732297550508444811201     
     1051137273103749526172790778339163819558315727379128159981663956849708     
     7066701710243927090251388741889947212521179763299535469227622886325934     
     8759802013911138474535194753784801595213748475333632902927494237080787     
     5213098856747166389429797466649155072555391492503978457152426380760447     
     8120106406395035937284614114764700338525536782842905077140296391552496     
     5923522382091383703105005174973585795930046031264703285318957281574660     
     9230354921207362606874967996571308564438922933570334814947934322820682     
     0544476425256693752673132762420942487970776402549013596862456997902045     
     6591485293018733179535364449853989775280689825773310153775576687302166     
     3299250944440967885389654634813879472410745997285349109169786814727477     
     8334008246328404361228483633208363938022477769171634436649615151893999     
     0527763291897146013215419675922403984451854353212847291395387162192878     
     5413324601821012809177162124690859064019157198939277377406671964605384     
     5359929743565233417409168114629384785444483632314784137844507567601070     
     9469048568624945289828357111215886225780508073667531212353049375972654     
     8086942427863773473759108994860018513464505448009927221071033698893520     
     3387902162506486485781835796574709292393952714030870348842625354674933     
     6865738374781044801980442861460712958983595471950147816292012384276362     
     2398871607043215071686427896354998942496194560000000000000000000000000     
     0000000000000000000000000000000000000000000000000000000000000000000000     
     0000000000000000000000000000000000000000000000000000000000000000000000     
     0000000000000000000000000000000000000000000000000000000000000000000000     
     0000000000000000000000000000000000000000000000000000000000000000000000     
     0000000000000000000000000000000000000000000000000000000000000000000000     
     0000000000000000000000000000000000000000000000000000000000000000000000     
     0000000000000000000000000000000000000000000000000000000000000000000000     
     0000000000000000000000000000000000000000000000000000000000000000000000     
     0000000000000000000000000000000000000000000000000000000000000000000000     
     0000000000000000000000000000000000000000000000000000000000000000000000     
     0000000000000000000000000000000000000000000000000000000000000000000000     
     0000000000000000000000000000000000000000000000000000000000000000000000     
     0000000000000000000000000000000000000000000000000000000000000000000000     
     0000000000000000000000000000000000000000000000000000000000000000000000     
     0000000000000000000000000000000000000000000000000000000000000000000000     
     0000000000000000000000000000000000000000000000000000000000000000000000     
     0000000000000000000000000000000000000000000000000000000000000000000000     
     0000000000000000000000000000000000000000000000000000000000000000000000     
     0000000000000000000000000000000000000000000000000000000000000000000000     
     0000000000000000000000000000000000000000000000000000000000000000000000     
     0000000000000000000000000000000000000000000000000000000000000000000000     
     0000000000000000000000000000000000000000000000000000000000000000000000     
     0000000000000000000000000000000000
