     3575556651566038037904567987131447536598586341753913363466741172881938     
     9003029974032733008062850414602239861094226507159800988604184454076803     
     8249301926914578374098818400059823340485875173098038131191194722439350     
     4194397624006113517484400116918802194626680296539262977930343680503012     
     3955716829630691045636156824431250272448990775031448479869040218998432     
     9714375433691739805349584792663374028614420620124784287866595103263875     
     1411821427095370237612173856904346961009587998407580743850157829536562     
     7848310222017947579046826978696722180086584637417631312209393055317591     
     2376667677711578934294565123645847600890849402986999402573850512848412     
     0798745209006888801305726484240728012521714567248321971553110712141620     
     6190148177732371497810821239743488887144785496925278304597023911027869     
     6822768565821389290828921371327280177617873162635166005237600626968975     
     2253558157513862206997007918974741541374840228563852722128630119053829     
     1281314948514637676423856443279025758837870313529775925191910273800675     
     3181141890495441196257577992201496109728507542263498338657418862287285     
     5750111664750510841928886689542502409152014881522315336890089826839827     
     9264956764172434105422278388931454039858021106211713791413624629722682     
     3236457355598901343548725055723445343889862042686817272470737095565707     
     4159235877524011349060048802063391245833298808910928953684273472957058     
     7744523865202842980140327888056143915433624981003078094051398209668654     
     0527188489655300248709560597573792908964721131333639910078362554127650     
     2415181917902679130353360557518756722303711187749416182020030554488825     
     9058870923562786594810869874255769143171077404486525227900664715181266     
     9079077849492585118308396774044958444986440817513070592000000000000000     
     0000000000000000000000000000000000000000000000000000000000000000000000     
     0000000000000000000000000000000000000000000000000000000000000000000000     
     000000000000000000000000000000000
