     8627245890843420225038955790685202489142408047291979185339518520469860     
     9447305306746337826321348706037567691721557534673944953969405940355629     
     1786411035069021427715832238390911106988189952137596755030047594739031     
     9701737801514444253060169511117762438544010172137017488559280611099780     
     1710700290750416881371397422006440711250572309519991097068107861998486     
     1577430092066072983920723215327446287316586618114061453566355363198741     
     2853489568637038522118191843320756233132722196018208452776185357886408     
     8698759577007562468338096650277696622976941919862214417066064676465865     
     3738963016255088376516122776626368026986438709517498071509775621437483     
     6566332908532716778574130626783080581101748754371891104892407253018162     
     6910021040056120044697828212091396892223452731392014558501976423374147     
     7986495463303042588365132237588226371109141632620777415827889921705490     
     0346935272829261546786761711496291916684087180964829432887741977149285     
     3994433674242397373678420342293807980572352232078192021258157823728221     
     9833773084523456595152900516759582830680680417243738403623479291815379     
     1517613058896339880053309649750397161259460235032159621314589465075459     
     2862317589710530476446773578704530655967847924686185553365199243045925     
     5102184907046852588829892107204761525084634837544753989882645059985588     
     4267249565831247342843214545092490364612938793131089232816828196933504     
     6475905382490513694060515077952955183060540464219524417103424265528985     
     6626831215683903468129366321824002271383596114440861060965129657895249     
     4401616318438612428909141610499114004806033004797710533861334489861152     
     5034750382814540826669449241432026097014323995887955832092060748150231     
     0544269947651789306794900261840786262639937665940715936362004808769119     
     7008282639412747751403611871148118631131810209097958068901826277112511     
     5564577207548771109994313601889983291167900367361278749129768127077279     
     6782766070305490436589747280783655080840131467168826200704239690763075     
     2705633383474368768752812043920218950764922336983602203958569887890892     
     8611116537993381444748787718867020096102699402350869413883980874678378     
     8288954610340002018625941894004190132776401431532388268845170081803545     
     7560686858410421042701839621319199424766352695565013557960577721647079     
     9542055063983812835454523184659837451732428689471516291194230180861727     
     9088820797467647137667599557612664062000759368181621754124728382221248     
     7100855325071340711101992333010439848732184547784343600014032921856440     
     1916909455916469568509452263906313919836105747553306291700342661771967     
     5597596841435276403776141897950865268638188875270682211995504628942202     
     2700228362017752847424879832875514323744258392326959978895823655075920     
     3783415647432994927024799270179299723039741429812496792844173809736470     
     1489439364089043145532191630684085955918941329437770907602548956683714     
     3306471584081653386571309459341486038877834762289034946028326448201136     
     3693220583442608412154680938832496090023575691143126412621060059712614     
     6696045393775521290287322226680820378942459260737627997627274438294686     
     4466682656807306202118528046256157361490164905429701778187552184245697     
     1537715843342455978910039941647105702138376978162576261542606675030679     
     5097349191683228396816042127241134703792584660098431492375420565478285     
     4638206753024777264160229548259744656522767067183843989669962038015657     
     3475083775384611390179182319577117808809175837824538284554197151673919     
     5191605032198972253875924885445245275322584443396779660347193926648910     
     7173512215767776738152935440073525667126647334322980044543990184523638     
     9970574946030235021325034618800553751505881490569270176931039407165663     
     9906921959778151827580472410535722002836427038000371432536669080910133     
     8437492219604494549236501751671086268456312204744882175359570808848014     
     5815349231054660977783058081508606967750542350030085685007856715309982     
     9282409678180433407340029232042969816426265827537977848628032247435628     
     9403905984464318676476363753836371475108779608995025676116959281712759     
     6886101101706803533291498161647605483851924384220849468044756235512250     
     1960024593010969927212185230243885961109189198991049468772044037428536     
     1097686117454243164496315914329387254077271435951549452217245453782699     
     9749906803085147473880900915162033164740308900553835590602435346175678     
     9137183913597608385027730740047034614544266178338915046560397889197853     
     7711548911751559203701763462110245859039471736668272757224243118096304     
     2766471922841552788502282320429556171188228318663553861698064492162564     
     0383427321256280314172908560710759617286858344498667371314504997189417     
     0931984599250859788601741889176487369603807095701453996444783090756364     
     5155884627550759686297132978446093002213508621824948292088640789360804     
     4713727358800789585158833009573093706711787312281373607708001590784553     
     4087156266560082678927804703490233950868586617618193245258911688763272     
     1005502529725592948003589287946104057354219015547024112327287323814603     
     8912188507633971714857025250293173246919944337879949112554949593754742     
     7509231944594153571767740594895335141782146689860750672733982450354209     
     6830619433758627222499950958004668986030904915473386620098573207444075     
     2961446232883321056469029124882116710256004800129263114522789745495521     
     6881879515271932971195350045769550755423694736934008777949580500860818     
     5536576761168737570549071202815211172845463185394662357089784247435800     
     7130594222277270127204103834800557492620833553816982176427867890531216     
     2847921735833004861387743064179899570032404283541855351388267482910056     
     7439951027491575120083555870118635941295137569256023199601605238920081     
     7988728331024586657045458713026274426007672735055692642666149385041815     
     2771557821115164119152486693886178119425852620473474063438817984911517     
     1735172587311468528259036387249861248270991360000000000000000000000000     
     0000000000000000000000000000000000000000000000000000000000000000000000     
     0000000000000000000000000000000000000000000000000000000000000000000000     
     0000000000000000000000000000000000000000000000000000000000000000000000     
     0000000000000000000000000000000000000000000000000000000000000000000000     
     0000000000000000000000000000000000000000000000000000000000000000000000     
     0000000000000000000000000000000000000000000000000000000000000000000000     
     0000000000000000000000000000000000000000000000000000000000000000000000     
     0000000000
