     1037002716483974710084681372879791267197567812113896172041119238680143     
     4596440148039788884113543536823936129980849411475440895178684457942943     
     2515880432947781473341401999514684448518380965865597259300810245959809     
     8718177319911440731101093101415312166491134705367646999937761321296728     
     5289227080902097187546778685535829012466297166916273826379021545756943     
     4266480670135296153906397342702275394151464426427623263096777882721704     
     1915502565021489048196442508497241102925471430519434308862474370043045     
     1870773302495279831989173129351128594955571813970348705408574783775426     
     6032585206935403387322473060938074513355087203765483293900924158081496     
     0047374146910998939787834847462942191156750565749725673717722397053549     
     6553425615045525916033635351971319098231429345076223842307930223918889     
     0780756057842669963450164703507627702036168551467175836441003891119299     
     2811640079897929455639711740358732137638225194304860433296174329074324     
     0197260826076044911902409319623702090029251459329664940100481766835815     
     0963774541932764521495393389537118057937372390055377819154786186279347     
     5718903235873345532254814752375809273062922054920509995017178575214102     
     2093317840171182205327002901665476797322968528502516640893146564856493     
     9054657516165716183129644752159394535971662759716904219970267223970055     
     7084149823672452991647365572796243905740804351111110790175208634674583     
     3129201631111054340418868029856177707791132187105204157388638337892131     
     5725936458325386899548577749556194230211664273689930698734134248066668     
     6618089750360660088316841201933392159966840471005488962970523827644724     
     8861943092947106424190699582253905498054018695180075610755669422882396     
     3424572573266622477053638614754386516959083605405248545858720546847655     
     0832625892005841461373713475440184467741221332777999777102917832394818     
     4165463597562392349094778387732592197456158125839037199888801719870790     
     8029334516730643734588129758832734563880023897460342412226795041309994     
     1758383185393722582234583871139581263852102912108215459029439341720523     
     3110779900079236236782360810908359067385961006020916174963508010526329     
     5883485371199523645901335356479544445969846285928136233054858764268759     
     1356736879806823378987729037382975542851242179654987503488148002457774     
     1314781409019427825401895813220714344207433221626654669818014021119870     
     7143321471328583645304141373681459810472155867005083808672764673332775     
     4183959260240658613632954662630153704737084305289093327446380292433787     
     5979011004321389627656020038676379939863680304987021820408819063807876     
     6048574970122771922125762751845169894480704835690745811921800379494409     
     4766810023348458777178055146376284063026613610126155551786729416653035     
     3320009563916756571957559706684656459680795033086572268355337642085966     
     6247354326008576266191548318902489646156884713810125996659880731413439     
     3832744493642643218017214908960922669542972517863537179921119850552050     
     0419985514109544756001029088442808386693490236893899791858275854462369     
     9325171371964119828263362959721745709792018627018770352428368071126747     
     6358029734840950358822053898416261600886758623847603432859045306563507     
     1076275600597434532193280647159416262588801184317994111575842141459759     
     1025050836737304949922744503863047537109015136128593697089392953479906     
     5479272342609392308831432328513675327623823405080937417452343984351726     
     1202783566231040273639655422662577332261169348448750801166532973824061     
     7058045042626263641429512872966905207314857742167289962985850857541254     
     6399905982824346545661244299210425626458411471498509206524872874091465     
     8589205866116898186455154769233348746588193715241496224678506301611560     
     4825098914353053217902776419131211168045282793345866408586103937033849     
     2953168420926963288103812034709549784117083418432781679743453818864145     
     2896666339453283380245145098735565572290720428025471146583851904895666     
     5323479609376187810425487919983849068340824787572879567963986840026581     
     9611543079849765126004519159624049777536238366134673229399298083474189     
     2534850048668240024113405065048766134815031459981990602633613599047891     
     8219442668297589986373445178804088955312531919042704546673586827313545     
     9033178605101510038570210913223598020257956799790748812826620292390438     
     1324791440814690061725336145473028091808766471485610034975340913720368     
     8648180664446604061194964360539354061570338704535949680464164610801192     
     6012749827955603222419485752798302934144825526771204868479343591646306     
     5787809562512358450541347376703648905677132021438554050842863533115646     
     9955471749988321339924036648241505322854977581583617035177230322191821     
     1044290415384005570314927585328564279553306209057170531125004622351943     
     7970206743686169341874836430510452938714946348147507884834043094264779     
     8678023737512485276974615544946303915890930568628563021760912735423578     
     5947567666087083444972598686278482921180349599548429224860267010262120     
     5176174618861155388348923369239336687923521935512226165034565351188163     
     2231822336153976348327166375233111243870172107878985507465680095914159     
     8812246057062259095802999714728564308036205321095125898054186840686393     
     5219401373842864830068336488128226127966552054950761433394369743077649     
     0913781789009825524776684887668388143652180335550894602067555325335185     
     5972680929609745351709257234418158634532834815768926555791241152268176     
     9649880626701558739363231766959594620947848774559264350615998945643966     
     5494226283659561653427894301457365025677263059552337908960884029392631     
     1484899177722746935898710269161633739251847269858093605840849988677564     
     8880184867052885082400174033032131367284538266863557335730013471936567     
     3483305973251880247687187425096500786289169616418615880696597320915456     
     5928303609713540887381098025702168000498421674561403721558095630006540     
     5081334961072849562941201898461042271772626553835497329499888323801806     
     6973665506832496511179031887544822383734070649918603552198278832428014     
     0414025762900041291287683212662412187460704684532603158148740466164052     
     9598973841218930206450244740191911274492400412062556227363962019240359     
     8527625398820329432581217627128232753586343905473222252236699507569708     
     3648809400201583385215588839803262587161773435732382605019885784499137     
     4317293976573088403193251068951077269649368916124008416062942346283686     
     2410085218799764679370611989224029169280359293814752361004434984180435     
     4002221559450714822773976354602919648101288307330620636804078663948399     
     8746669701868720042465067581150694203460312776606806489068240844006081     
     0462649485276796185669432683883841423012585918750071191505712368519683     
     4391679225044189291192091631583811170385381421598455100416980296954655     
     6539272975142373487848968520122649072139655160765012436697559923720406     
     8535316859795659276542188142736476276639936761923139749380239389864309     
     8088564034131619482887695286405171723242913538285728878797987984275881     
     2742223482954496943630801893173229718120259363942008046632783415190367     
     3735634160697339122776393476822053397919842085531159339722727155346617     
     7773233147651535818771243446024087587972772171442481551272241629308222     
     0008277409117654366735701908001882891863445731298931745588236530174399     
     6927647489877922289933051602439602219660373598381947481341133773569689     
     7338759977455450007554525482661199102577379991998888480659769610687774     
     5875505659067047411903523809991456826557726720000000000000000000000000     
     0000000000000000000000000000000000000000000000000000000000000000000000     
     0000000000000000000000000000000000000000000000000000000000000000000000     
     0000000000000000000000000000000000000000000000000000000000000000000000     
     0000000000000000000000000000000000000000000000000000000000000000000000     
     0000000000000000000000000000000000000000000000000000000000000000000000     
     0000000000000000000000000000000000000000000000000000000000000000000000     
     0000000000000000000000000000000000000000000000000000000000000000000000     
     0000000000000000000000000000000000000000000000000000000000000000000000     
     0000000000000000000000000000000000000000000000000000000000
