     8408000251653385865338576178332430922654078920674780193247739736247971     
     6024624074218819120483026276389682333801644071649209413248417138844092     
     6855463967986722752542061320487799240133853026386784238095252484944153     
     1374821445856720496821396811232327788148117298575172478906202323840525     
     9911427137081623582576764682524378875137197533284848659627265870071394     
     5345651337711332346238091162278913196145799680033171011886460223268736     
     9249782823895226332304652908506528506857345665750677195003815952436908     
     3995297840271728991127862471850841405246397776430128524549417539177764     
     4111603001296633900681817853539279661987973861013195516350057348615916     
     7208983919538767546339444279964858702129635299904868357687116498417933     
     4939225667869660555864987983602778244792713093471948078463872773884399     
     9759917435724111198558433639016446246394238749920841549189888219547297     
     3084451235900978494037717916195207716057299413809066772612577467530775     
     3644774390095723103982308733089707494708212448423788638772949387699177     
     8128682587781461088151758516748000298185985976337902956714243721424577     
     2890210956652776617520827332500282104138356780907789950005308047373609     
     6849335748447296613098464309572053966243364985937429295825087319078362     
     2373455891925684286607742762948574320721303699509045424773075073917862     
     5246093226447884506204482199099656365529502704133557462801143216824792     
     8155004204968781533310144256601313803439740332676923494935985077987642     
     1137649479016907558793311677417546326074843102244303019014622932783284     
     3034103789074269044049246525999615944434953505714022297093653238386860     
     2189677412368591421498333052030038714943888652456502267125022213535443     
     3066611185909512814040461917302330375390859468563294770503282227868429     
     6380265429223747474429909298498237617792220785348369670853403124509637     
     0191270931432629516042650489843296768753756832535132514643507467813152     
     6772884628809282532063343810070382356627822370341188985553460033081881     
     2393818674976038953186345893868033788369013816125945259407095392403348     
     5317865137003244175268297875956836386206312958171469018957459069737990     
     5510422280161843802231654718152072289592598367371078359826959483069266     
     3749185329910240347929514121854358883131304526587611815857162443790349     
     2546674292762153840729918318904160598696082922616064849618998948230746     
     3100691893361199167339675481720653524050205313397587541927504431871830     
     8555176770152732946097774770065306855509366980861851510503774300673461     
     4560331105193703223194491660599814201566851943400074007541017746252546     
     1719129620114483756905922839437816655578193604120055548502429753639957     
     6124848243900396092586787000424943632729459650601611040430937943620874     
     7912404191159060788766788295704431574124919980043236478583726099262203     
     6019873709200360661038871633282765864019905130323137347142774413455043     
     7790289382676788268206912767549912923701120923649911187807964655075496     
     6168135575580872544222523533443942517401060689624090275722097118786705     
     4071099575947789525700311724776064043036470245214868017079764345373779     
     9348451315853017373398931793286973963833718417328312326321910561851993     
     8381210794120937504817340485867999428690783178302157227043674403940180     
     0775267634665645315717433709648560847432478024949728274837057228345069     
     9913032354195580085998392034374909261366473025907240260473660895212242     
     7696964727398315725698455283833331299180325388564149345360001261423613     
     6981205804056220582812268257329509455347066609090491533354281822556085     
     7043721816106583103085143787867013404605929134307093905780589972182645     
     3058953974007929010579308790172662854783971804787664053027741523795458     
     4650830838047236340767783339888126549852073458326198554340004684691415     
     5540648318070939571214612909361620078851539112932994663587120786888973     
     2027180611773861325126971955545583908345554888437518941547292012502092     
     7477673113923175672772876524340001749846737511771205268531855057152515     
     5708921567522412907799479298119511423192852690523907046780395740786250     
     8195392101844530104051904509395627420358903049293200026016396158443559     
     0715070665674461526478335862137453308964613856285980228687065849154716     
     6814920417782123490622819495140205296850521669421307980716986570592702     
     4134835778760903808609831774562584159141861744333962936011418839553753     
     6258761981712374384787388959064651513371151732029104534444449474143322     
     7833959816149188411772737860757600503597345991358288913706403912584813     
     7715641670346765135375468162411106822246301983013471931357880957251415     
     3078347596218608075743161572425222741208953650821139178585887108055530     
     0428433349602368758048950240282123102323381353576657244171490692418611     
     0724520805259574500520602753196595233020608086635038474314973543212517     
     8831838890309925672711874452505493244107171047841260846704875466411920     
     0628972804920320755081672539374029225837200771442449939554855063059967     
     4292820203410428389665452476208793156793763172996562069387353487581851     
     7821578112753778232598207077446518857433945209587013859943332406879593     
     6366239234525913376743085512787151619292698800673263508424813829154731     
     5834014805160923534726680877987779013959095227736748253861317669914914     
     1229335231482501559188389884193887963584486296278330752980892418525289     
     7776392209496789105222995177347459686496133561230004603211031687552936     
     1189136664380666506423030043153854056917707932324665277276829660801434     
     1520935608444577822424169361905725335456863249403353362096546462557729     
     5867748156016388433716221333879613340723217425730086350386800402183209     
     6833293461629366412077543224965168050888824580225415043918736024301711     
     9091723150274282118520863044020532820826047965213464825599506285206279     
     4957554765067496101293296796886720352785845303077307555555978382667288     
     2263640153609420806250748407333498174888255556014278691764916770763342     
     1607549260710766782711165408284084225523474093086007830039550034357208     
     2778927226515958602508676747058233008466497500712804915230592307614342     
     4394155223604372709651575595669785473544073893175085921400342905692550     
     0403048124791925625637581099719050342192175582715471464145860338604065     
     2211914474521285020366197312428999204118783733170317916019338445735510     
     5887185493280051134385452186577558660052840811152512271976976049967783     
     1244847797214649048485736511945553621138488633068064751055176543391382     
     6860581602124525347016366438241327919814808905899101335678366100777104     
     7979145186204765838292337061543443797226766623054513813889655201850516     
     5318546709993471995622007771122251241333528079911474421152332565250680     
     4774812835385649616951439363877251021433407884241149907935781417715729     
     0361091842919301695849999758686534889758194648893332197942945269994623     
     0334026662145761422647015604453641755670957665576237930169508819517571     
     9990088273368244318099259099258818526159539670039168153839559633295540     
     0576612367625243417678321686359828870257127211631362370290532569867055     
     0195311583678606562532168310641265205280621808770310989187165827407901     
     3995059463575815858080631050056028185168348397553771076761127053876619     
     0127333918155492139618600979377641312303702803207803983398020877037410     
     9756488270032899943344862488084070579932246441210478226248480460275319     
     8847112575046488425813196107765532764572328583313129301908866281342504     
     9451247213965840872090576849739531638875087480967967883256286434439391     
     4628487054499661750928368717602809115107049181876249289806952391546589     
     0232255190092501668180412323443712381909658210988375243806723863072229     
     2647534189728918099132103474430754563530362173452775111816384876873678     
     9775130741621388889102808989611931368249960851225552634546805194047431     
     4396132900028718120455342087276851667479046266710566596562637964683231     
     6314559750839785813577715120130056093502170463544983737284538363497755     
     8122163320396768694417328204720169042275125816351534061418670054957039     
     8541979198091099886108375704997899108355971404783068463528091189571147     
     0365677820993997540207089039906483813901383037702706037681438253350017     
     9358417177295927067280681093641503798184007531057522718740320522013225     
     0979997530692184549678487440859407613821208504259496352721874677675533     
     0125422419152750776963897430750504301880922643063164543167319512071957     
     2076508352470039220885084770145482652944468258192341340575996085748043     
     3411785561872429721720272478477804342237508708255762564823555734917145     
     8582000168478739081800518517426047125284612281925865630925576110980355     
     3784746429747207430152847133629592722463221259979975083069926620582494     
     8689175948392319846165295369002441961898286757162790313498851185912183     
     3192706167409500532769438974312073081423187135822902778337554492385275     
     4629220369955190254568708227146945228023234578918185263853028078735076     
     6931610281516701141011695636035773843797421176643158263818865563490747     
     2524147983460577315672411635897179604936171778149801698343192265480399     
     4770295140771385902099570840732798651428844244176090491258511174512790     
     3472721638161170172894083458647158859246706687729780478159090357652692     
     4928147969746635237978242989902896304535665348712189785543359716894392     
     0320866783782662464602312328767397332476429849539635082479176766437621     
     8675378231290108011691404451003620915680057718764117707566968374673625     
     8725266243277809442358729546532832121473434824863461323907411528560324     
     0170901191259609149583930482099010559304131083885044381028074622979592     
     3531584306199057744649923921462867549166597029943345453828062992962917     
     1927942057786877662792020664633279495447992366928045333008105950798907     
     5208930638416794062593503860531162729247871591568424117227104371558602     
     9604702492338590531967087024035552392497847630923119737985027329100838     
     9241812181826162738130883529042312176975585323057276554192456425459770     
     5890313657667533567290030327098295730745920175764330001530727805829871     
     7106518205365423625913508328636945295878054158812097317054014683104514     
     1553830625329836943252001178619060406245942975823213706778845854057603     
     2760419558888591145928129685042559812199847416233275189503990194528993     
     6951468858067694824727613494977432863981449849708463350667487853035822     
     5512927258495666732011227566651998459063176836279808249853612125266038     
     9480323015397650724881818550908217580005143093383980377115131015717869     
     7649370951013112144723905416742951478078261723636093516511718559427000     
     3280583438967600937579916742173869875676530341492935569002626052201458     
     3310378765108777733826796652537812825223226410074829547230310044065934     
     8682857345869562229642477443359452979912144062370234705257317773417296     
     7664887846566184716712596816227589242469332634780782472187506548303547     
     6612648815790917092025670280038692363243527152473801796750963632456627     
     1615148656720566096014127683902153706121474679770338770707662579535139     
     6087747376774067846219121627720320866602412085488881444120074457365089     
     7112256198393452780863971446740090221715667226697287354730860656644154     
     2201252843854204044055588840364102401604914515321560203850955588830881     
     2388189095200791680347303609203678239639353720198002398738253904626573     
     8576107150718266385202582081430759705681948213577795016010820313833848     
     5138859616101898885608780001142537660945238474690421272441913670058811     
     9207381672257337184639342586550556274411149103073810139256673126753885     
     9032654477567015890579001840052404962977216226381519585046262770613169     
     0548625492986611936701819324869384872066195073646162915921643012722129     
     2785400008006973888130506667558207376574702839180645547074950346802368     
     8395755218874459243426132616963731559768319170335165003125153408145874     
     2909639149486495502245137025226765572132994643814201960729454730682508     
     5260336568840188362045245770889896849326815014336853992921642682985142     
     0036068286566487805406972346608436694014650813687160260994468801901087     
     0380280164296029127003607339686393949675150313728005281998263901832064     
     9148127004554801034752902462267835001789499844639613748170816108668566     
     6552667929090420193873864412836297177647142349930734791985111287638293     
     8647070174027852101133216751696552921490829742357139728551820636267434     
     7789520420858795820584979637119536518499547472770164653984949880300676     
     4261247274998667602110870009965235821396176402883030705512812461713847     
     1785063635501083414982659616243755413810984183755253613593893993010040     
     4077286949757048729962460875728366717117558596749036877806900944314054     
     0742237566063571560360241177790040064873798991710347372489266582690790     
     9311172247753814493715807272868112415408363614890149775501113732601039     
     2661496914415523094244220241571254922487188365064211287120660658833578     
     6038539553061567956716455949452673248821324066965333502122764985345906     
     8971872370131708644110403362917029301120710263225450529945633400677867     
     3450443620177919349808355352827054485801680033670197533683654216311623     
     2366481430771466882787960036953356044875250418072104382079018962427714     
     2434202619454754116729666352006895057796744152714608238139053098149704     
     9420863939081551064091426718085154602752493899810027728082058224453744     
     8692015602213257497858609789808235874812048592545422316629572512784525     
     4696690407449200011285878532792273625492093553980265780489501837860894     
     3345908857483008030022432628595909044588876204196628131977887336940365     
     4423004836816693798308280661134533844744263507418820807925398108127123     
     7456704468541192310352746603197741519679590066063073376492975286741031     
     1445532908008494861410713073284314067896005359436446508129462216934341     
     5342377439305103862188172222824995130509982182038228140661123277597378     
     6838661523013166839827873074345628797533434863905278085451954758391235     
     6147593019112745206023128890450730425216528637983256565603956804250389     
     8021767951450228710196135943920703884843842932985171016957081439219840     
     8858596258430648076867169014710887523620278765939763469981458065615539     
     3774078424700272366027734698112832048135415794816868741784997170471262     
     4482645433323455523656731020502577597163875362880329633850746155573606     
     9057380927347980458573829466844783728565889164590504148642842464002311     
     1765449942877753381117781427762550319959632520069323144041732440605974     
     4941386406057266039284311680802186484294872085889925775360000000000000     
     0000000000000000000000000000000000000000000000000000000000000000000000     
     0000000000000000000000000000000000000000000000000000000000000000000000     
     0000000000000000000000000000000000000000000000000000000000000000000000     
     0000000000000000000000000000000000000000000000000000000000000000000000     
     0000000000000000000000000000000000000000000000000000000000000000000000     
     0000000000000000000000000000000000000000000000000000000000000000000000     
     0000000000000000000000000000000000000000000000000000000000000000000000     
     0000000000000000000000000000000000000000000000000000000000000000000000     
     0000000000000000000000000000000000000000000000000000000000000000000000     
     0000000000000000000000000000000000000000000000000000000000000000000000     
     0000000000000000000000000000000000000000000000000000000000000000000000     
     0000000000000000000000000000000000000000000000000000000000000000000000     
     0000000000000000000000000000000000000000000000000000000000000000000000     
     0000000000000000000000000000000000000000000000000000000000000000000000     
     0000000000000000000000000000000000000000000000000000000000000000000000     
     0000000000000000000000000000000000000000000000000000000000000000000000     
     0000000000
