     1777771228346206430023201511883284817443658092645541282729997910954074     
     2869664706226053218716157645868540941980873126414215551573391054166872     
     1727281701161434490121782570080672313708231627211657384931409351250154     
     6783410302804500974319187837197897659944813455045491857348117408711087     
     8316009861936130447744179489684896946211301427292191713494161103423889     
     1573286772247634993346746595486881644568293537288059635195407323646999     
     7403186979163386675288708669604553985876610986371534848683958590105538     
     4871810683441362922562141739654317438133214412911652992594443023821002     
     9424002590797898842827507300472754459883792115423973229634102590674600     
     9583970661355802795017891573360833905900967771434277534832098595869640     
     1869812458675002307299968985479624640520358257911519720793465788882136     
     8236227778927250107279610452617726976041346282042547470423369971823248     
     9420621616044862573766038317514247171763385463279075272519233644452397     
     9047638972317432469560022989082403002607737718290814367124928090148084     
     5651189554546527891615118369741465645871992099987644979019904861689924     
     2092586247379622558026636470646774338594640926143665643904739942952561     
     9865813188041035871231743606082189037407231775335559728346748652865643     
     2925302926584864784347980010423882916728346137005682452600751015632574     
     2027253773385211297391870852050722683049934528492246443446497619300129     
     0117390242355190665915741261056526397038106422787576996369530269483109     
     2099483819193128488081641295896641382708787220663591008214548696222614     
     7836216022357953821245774304931706617679413759752698951959973828439208     
     3525492878686249530978000503919720697435182231595535751038259640738942     
     5751371696445122672681919078663238188177676133051272466597887728868198     
     0739268369140476858776293687146596758785420369349447637668166906955800     
     1371395065147755517484979147520729070824054330374422582894866603703494     
     8253500341605931611294599885968193508149042312094109866420699187916817     
     2847874325391399489294370554994738918345824690255982491339236061437595     
     5075503120672037335637736335439319477355382782041705063480983060555113     
     3654382806316690821211263816575982443802569046986645468728548636496197     
     1164402019710744546606187740691902374939320839949374925233317887869546     
     7576002270565575952841774556862048539561562473166297860265564490636000     
     5584512659570843065310548156995499123617916074572230412519733401767882     
     1341258715464960244412661577082215853813624931639471620374897043367962     
     6253213580109549555430180999162577298442856100672960714669474064215713     
     7719758573679027189025838477868793805017346326597331865101030728037294     
     2252317721107992298550047855738411247263859729523593385219568819644493     
     8837792645510687579027777033433113097500841918465047297190839483579470     
     6669079843367116861231626198599312717776593762590667053383103887885115     
     6576453879318749937427177458274399686678656665846160980691892469297825     
     6462910021771091441152594346489657188881631667488546939579015305623513     
     8626809523211771098795120850476592366146693378101220595423460152473145     
     3998286568486108170958634102644424855177455239281316718994777328804923     
     8945980900013641635865535391025501042683615632633257338316868527477252     
     9173595391026617898267380456563207258640618072612448498340924995893517     
     7204734641862199058688262313772886631692328566153800928726748838670848     
     1307891176975730774832843130174537098028310752731949781454935227945744     
     3737945463776654390519862152145464921923053236023602343054362204401437     
     4327797668712934841647149672726761085148869163347628446385898874721372     
     0604731511276685959553392169406321160646903559960212348829870169045505     
     2704414522519698956574491924128153730274623540538456194779752218316826     
     6734928736568259538846662500493265042607551216150071157088695925611353     
     0902290513483902006765828105412538292808663393271519228613918160452245     
     2668568114463429141897391179060341612194849714173876277611854407438539     
     4680884991127518529807775370975869953476032855225887395671478664883476     
     4719014027610501347941767903512304499096699768827096924348120711520989     
     1363793877379290145921927422957103786449622577761261262821675700959967     
     3755444005087685792612476663724596180282900616520763258020485203717028     
     1790701356583761411149285211326650416888917985604587681058189795062699     
     6919462829891244439880507410762060799486594822597880111438912754372200     
     2063569289218464032410186866590684322473774189536460282563646683409416     
     6194190257604981789214920359263015120332571375542740800937949221601454     
     6006264427414105735999894313801560284494736828507911997116259730794735     
     7049283523737798386861492555670420134785246895512562600892573265926018     
     5100286772331920706741458661457410163593312972454579652721741070347768     
     1581941231790557731429386630308462936253209954843763712865242712358034     
     9385034728461778729124547340617386884556292633866817933448547768872537     
     3397911277406119398643092908600352336160649606095987722942120704664585     
     1544325774311915220112979262532368092284449320494652410068602831723664     
     9153053761865599386965422916957019444858908336917950905212328365407704     
     2606212111945358294171351500873922861848240397648356380715820831955611     
     7055604086390243128336914552740955964168374264023651647517098640111625     
     1397513229357946390930304453748747233102060447425089840967565465399194     
     8402124747225499287873810902922526187053204561213827774537651127193535     
     6522212559841167860015974380581231769433908326635163289202980498438123     
     1220367288516648764666596125325443000311153670089901043750491172660465     
     1318457151372814089104941233740366483185440553437283176579226145099598     
     8369659052582303744553809981289412112969825610332833454667965332820528     
     9149763058991476059335807845995887560454945496041568985288836872981160     
     9031759326293705094248969315578637684552336552924526544910244838579177     
     7849095807528118359327175257057752960668251455080495728899846515627872     
     8642528080490117724282939507222186527651136038830385929815040243360618     
     1654378824184016308657992690181322240620647533399264187560162134088246     
     1145795685596793080192124758950266956085646987250387682849464160138084     
     5007040129632230234117173907776256280362047567009094997834979537047673     
     9399014591865602231973726061437443017486412490072956740643358052446002     
     7129161900315467504778076661498341979242050297635805545904821233332347     
     7655408738718266177807319713327150665247098137258171595093026641858301     
     9410006309880448100669300341357191643206594698128397545610410023589883     
     3608249008575106382966171233707259290557495587361169437788116556629859     
     9726850638271321901013557346909919397473607516214548733294586830974412     
     0325035319506573346739929213746112282414765022451579076350947907548524     
     5302246030956475642965186678591685631983222643471830173833164783957218     
     3724492111162427242131083161181148962304981513371996932815930704338681     
     6242713807482163341097313516706903853607422878090281327783160404456148     
     2264888678552610780631103915644021845200708212488969252245392374803513     
     7109957864438525600281853248814510434070043540419406438638479056632637     
     0540089919935322807226663082330999883594813215567202478010247143083066     
     2277669904117241813623952204951475344685421951678773976589344882714553     
     4768460149044165912829995278586928662157258627386146408707505872792781     
     3392250954789417432563890552074787513479703637989945599649555258137159     
     6640796203255351969110737518320340558902016545341911296739322121619586     
     6137196191312658592631668047112544857920534653378762932166570564993844     
     1096222332401042356126818803471828143184713204460272755770388891630089     
     5938199019221824204590043846406854776472928475876388911806096296935384     
     5107406420759558516030027767946936340546798087086580910474829411470300     
     1947991465709495603265249345609275988167935120118334246608530074072504     
     5259090377887979617067344254984189779391933821402421960342282041176510     
     1878385124446012454372981317120172247369602794381989035322447721671518     
     2917969763035303024443342663213913751737922340145635751372024545408494     
     0837863461822034395094119201822936965406041075682803107129414422175457     
     7706763009662233376250203024792617112390274205010836961753538968789876     
     2468283009877282082700251924392222975228826739787503171272805587885645     
     3917232012511517138955878097984754735565895871707045276504151681960956     
     4308586102053099263475370517862207845176002939901132530532701160251585     
     0875914351537530937331072034079363174703070139734972317721700470492154     
     3363166971836272069701090017164547945207379137156775484053246490990815     
     0070405019688607702256987005212284769518418996612612751903892398268789     
     1966259426298370278886196132728692202285087720080989761285519049660369     
     9630405961948725660426532705947141711876900739480925606551291605688353     
     5797231464227301078344392017861844129069333356251343221653934963793503     
     2002364189627145350327021844853773619381772882476038891495546463775354     
     2311255267047588201140915140376612918786928497550675851518698093918705     
     7405207262527275841524712798412357244270203512010855490602768553715774     
     2460500003331424287900855714302803347100120309167153628061918272637666     
     7502085832645137834241844602041366263260978787002779982492636108668373     
     7885435827630407183541149696189717273286829070042302351525432459383982     
     0308006844880058028180195560547129707495059591684687996692076392799375     
     5121258938253685375789841000019777032879231220050191384276120987734413     
     6575658467648999556301409033893399435079883755882125154958115481441535     
     3863614508440421154685535879352716734679705709850292559671417673515534     
     3305219839407775911881215088375380032764179529451166582526616933990274     
     0832748429868843455954878689439808145309747917335518465877513655484428     
     0949008672585127053138816556292222738256374850563552017640975439673710     
     9650631986958935271156401563899982506162130722297204345460166461754361     
     3032382353203877144845878707288365812980740651603122705354714511070808     
     0986869511579263866609336622495703422600782639980099381023954727460728     
     4325623079191536073951852651056498829260645887190132029562703989627007     
     6949001908949251256042275920824983810285435278811495788646162074102770     
     8946165688333065811798611931527722410328787848144791275851543968045423     
     4024822722801389816111161134397169477122214222060803347035806019269168     
     2564736918114036736334250168544430646363959271853927881373132553031537     
     7060315902102186405106708712433087903112641207273695366008895923756183     
     3579476412317329638884204484895175781067634642995201022490043043838681     
     5241295783697486984620708169592789099808782635517996352898919042321839     
     1418723815108753965528914597627299163891962267863916119164178007399206     
     4794080971380572181228036885167960861063035963908276742761793389390595     
     7370193236823021288648085392669607786608149609282218319403596493004481     
     2499379850514112392389822058866736362135414729781819974319133476701049     
     9865962310717786573170095870693451646945538445193350761673377780581217     
     0752000000000000000000000000000000000000000000000000000000000000000000     
     0000000000000000000000000000000000000000000000000000000000000000000000     
     0000000000000000000000000000000000000000000000000000000000000000000000     
     0000000000000000000000000000000000000000000000000000000000000000000000     
     0000000000000000000000000000000000000000000000000000000000000000000000     
     0000000000000000000000000000000000000000000000000000000000000000000000     
     0000000000000000000000000000000000000000000000000000000000000000000000     
     0000000000000000000000000000000000000000000000000000000000000000000000     
     0000000000000000000000000000000000000000000000000000000000000000000000     
     0000000000000000000000000000000000000000000000000000000000000000000000     
     0000000000000000000000000000000000000000000000000000000000000000000000     
     0000000000000000000000000000000000000000000000000000000000000000000000     
     0000000000000000000000000000000000000000000000000000000000000000000000     
     000
