     2910535500180614653949475250303118433449949641454546235471797623293687     
     7101873603743120896604288988824587394537776228442692239293346984278434     
     9120875481398255536935875486054857921947222507323239827364015837178720     
     3697563563464411555004912216303972095474440473429755281904409093221572     
     1577643958141955290325015046807020745881682506154565484313911569389845     
     2380629466597954861399444944982821116794244748291738521272984363085377     
     8764380174611054497371104343229787647202369582578944894337041398419733     
     9475212945933254236187352097358281055065750118904130676791823811140661     
     7262787757215380114539164209821040351914959230103959538968261591198746     
     9175195689416603757075932473354315068148527399377225607512272979573135     
     3460601554060812097858736906433112038883467360771494044748646106932872     
     4827168156834189260943364003463946750887181458950993680873471570019662     
     7384321362511640708491090470278021542565011586654716209300348071788036     
     4871317785168961178141337648282824663227551701181256780602580819920858     
     9746143371023867608251988138151156933172534858092656034198579034228828     
     4191059657525575282895635825089543200301605141097983035739781381589497     
     5084615154412414902032405449430438028646171462173377840436110211736869     
     4826483990544673239839364035132691010601214765332475277309815554607374     
     0086913832999193883435531372764479827838060027139243956546625777866260     
     0243081965471540674360887760321714904316293639012467875362152048414073     
     0881932647551605856894850910971827382853600240350336264504243160776773     
     5047504503647050821727112445279872960722072522338838951794229033799497     
     9548919342520899285003493260993488804925409020348813047472139735180939     
     0071532051640152553680934438106892479268868742682561365401478153887177     
     3343299590644269507703416184255687663430436391825365422208614158861530     
     3764153233391949025161130208922382106428178521455998753434446824878577     
     2267557626207247881926756088367840764480802645358427385228605178350492     
     7909459432177475730662544900459529846438044058402381252408605122633559     
     6465410268927781061703994817511974830583469849023449828564909701714495     
     6903969079802357452858383307076026387197316707365959968768664068044605     
     8467286217625924876166029533974769332733107074870028878993276604737242     
     7810752494308096898469765980037968691567964861277352309342563906312508     
     5529931280444967583458050250320430619560846694157786424439451678619001     
     0975939246041879775634505344487273489993508205344703206974345303773800     
     4244074416477525175107553093463202706806774538952710541073695885115656     
     2614605394400928354382025327506435574840478966708701851761276459769359     
     2769223724175176092300553198503898911596695272730413778285712948372371     
     6306537238967112517407571344647323375064375507916310800915892795145253     
     9971969674428100427119105701482265065652256183508416107682871148539533     
     5706350828509232276301050584819725795366085168576189595581910116467475     
     4440940151826761328811514009231034447632739075416445607762241042896748     
     1064256430673533097745246379046047889271161535263580330567295191502482     
     8864978262662573579919314541638440586762451621992588949423286531132882     
     0800604339599891870603233131342131844061227059535104228844080913609134     
     9832154370700503111481627370323662000777105931252691667419502430130552     
     0529588412607312637104712851709595477005988725196219979289417039855631     
     8460611161283884590431603296276236520701119255335798819590609431511188     
     4766559137077375126823097053291051092593464854310272474778696790906398     
     1359640958738998218382263749243636911464323891602386697667254702185641     
     0264689454820032768630106879047957894621330654023163008605843574876220     
     8998798146629613262576089294608898851430205076658387037718630457235317     
     9531923143352416035258073821454686144083142167924602522760467717329648     
     9322539936261020615558630725689714563302900327349012764865719870509642     
     3542588736882305856595559268974359681614798367374972347231066282173233     
     2248219985990048063693491233555399500983217402244923568449400317863360     
     1230164201481410391416324405235351695987383153944568129777406392044553     
     9806379646573121774418284506955797786491531927863374965803632940130363     
     5136010361446078792623877984154412041690733085783492923583127080604605     
     1618672186824831684694329428684896543103326853120320226556593686863994     
     4780894459910969806453439613610173155835555208594389028859128881969320     
     5009163734142913455684039098575220573367814668012601308676897530390762     
     0006505953155021570564272910304112203700594706112500975086884921915223     
     4254632419473945839937445637804385414538174521329591817412220830297069     
     5827877029205225347171689972531527173968295318368106246699998777865451     
     7627632598538691630487461990919760695509903452713628624322763112049515     
     0121762265322184797904012535449042105111780972809215090714918245653922     
     9640915509921059245375761843918447763498187763805990758364562184106425     
     8518908928000000000000000000000000000000000000000000000000000000000000     
     0000000000000000000000000000000000000000000000000000000000000000000000     
     0000000000000000000000000000000000000000000000000000000000000000000000     
     0000000000000000000000000000000000000000000000000000000000000000000000     
     0000000000000000000000000000000000000000000000000000000000000000000000     
     0000000000000000000000000000000000000000000000000000000000000000000000     
     000000000000000000000000000000000000000000
