     6849762750501539715967556147259147997972084576272958776933603824430835     
     5929556769640648364893460362463828877630654214359635905658235123573492     
     5432195579007078825232307228348810191272195397686263023411257581366756     
     8216201878975129768118874136987087353754712196157626813074321837406432     
     2142657963313852812034184162226023074824673560925962915225299835722904     
     7769732782753409877397450288061847299411083006195496046762082912985793     
     9967952412784629854815224743169387735091767683716827484793557908065055     
     2135989972628153406316936451521441490830828758186235064591073652809559     
     3971510657300490736630102361228564686241953853813178576274262259868854     
     6889216613182438412246769177667897591939798579955618268938450523779919     
     6192783492160177045029753949337084532651765348409101507543357528828903     
     9250377366755779846241578742461499737281118395447137598751402100137475     
     3248526557400794229293028633422816733369259068289121153423346411586265     
     9412084776137363039691936493704149653826553133716402999758841801277325     
     9487678476157166021676800888975506978003458455629249233876556585317545     
     9836181734139589268254039048314607821410305069935388195612922175276504     
     5994399391121906155590718413788539756646838736220872611002962275887866     
     9529943360714441387983631509099448606722212167379717560924674740094769     
     1195795031379531877349241698464367651615222790630960085578560592309209     
     4711193949720577127665787439054314447546993730515723396452491344291577     
     6403942476316909122179142049142554677765887470310060134609116197216145     
     3905060177590307061119511909029157569646569757534518762197657356185656     
     1790106345248060404514380332953907257112374145702400958295633358759888     
     8447452110279578946266633609034669275508804307898051379348292155968052     
     7065396882464348357215679796553045463325616736902462045052527658015326     
     4691044906572051689005962585561754413113654168589157213545610037599006     
     0926632042506252646182483235977210298846478791649886043586991867308747     
     2220254336788970187617760500927325333305847042216227951677943476886750     
     4935394331511885276686518752002305514045076858391654362242148997770024     
     3651735306772588135336070321886861178265223192167370674276072360532551     
     1994121589908935764752048119764921788083163010143570975722805285008379     
     1039274454023402432668508731529320509169804604079123233764362915196603     
     0450113541682974258807230749339868913453389059930365862813391792412111     
     5380266161822231733324808128486425118025170488235065906419763345244850     
     5397137767664096464723501560083667271251010417848591628149811382329240     
     0228552917002472767810221723048596758492630424406896743396988585143183     
     3116158104760651313165495691132982038248625593772938906567378000429274     
     0727583847863546926056557251348320033796619397589664094346777920169434     
     9395663009818436377227884769798656336530437934244457539681892329829676     
     6339279210769673052877467012660980090235394613748004922214797607867539     
     2861695865012819531903439355372070731103754434943416813379774436960162     
     4197073856986159547866297696018384699818940487917114980635607492290399     
     6136461666250103536379098707751265178719479523523830921707113196619858     
     3466491301501391148945944890814721172308607327849922701685898851225621     
     6082603913827290742068897742910437696645309512300556427978616389214988     
     4373633048228097190952806011082516955105824897482517175962794396484043     
     0422004537045412346729637644234948035479720146277289758986324492923147     
     8654886033906504681542114120299370447625648026273591950892083055368891     
     6103260938341186643520266728950119514037758114853216557039710804464461     
     1259104614789095264880322462547491220850228233168472763426840874857239     
     6359459384098126851260258669195809412533404026902493872683858402599913     
     3238375390554415639660680193813097383745167151890930430034660349456930     
     8104102220231385903144795859883143386391384004645189829866468591064769     
     9816945720826175395810839487572134229673499524046425923689525427638396     
     3769674077792071134225851084741793777106019616846568670781470753666922     
     1226099894819703895957419534287950178643137663358307457080337399702661     
     2977013964858723220828184497910408365863509532893954323732772502741972     
     9134525800993969630893423334637966971003934283695756342716083155171804     
     1000044462850003648446799236720593004246801432404459221505765329100705     
     1585244591758549921435224761453867088399168160807727571984523412932136     
     0689200782781794308962577451598455617910311929328433095787691152994139     
     7179068906929312652942046382652551217444751537823180430365457584500918     
     3586101827121913856457129267750768269963855015303900373296428589047965     
     3978954699054974050040326663278074443205762535551502531556205174373783     
     9950517121643493359885368005882544884155403394088426305725443374701188     
     7352899438206184253049388382818347363602717985526567248875919870138630     
     2395254983286992572081810136778751062786540080225023809077299714181838     
     5231658253194194694960540685138743718533763346713735121401300697229938     
     9482932800123966908873406730864400531107847395153595874136552575265461     
     5969981850682557305363075616528077974253150520397071768238344121058375     
     0116679888025598148565578007654023916284900957453741832299496290364975     
     7560340477229881490955992480975868686036724969152848282630738338476691     
     7006440262096625324529161384232878986132825334467474416382673412408917     
     1333432580680754487653343989342343885270552300874855936782374745487905     
     3671362301126070515045409681143865790091986131979016923114579828730817     
     6979617757525405075830035216902777971551735049681976854216138370224663     
     5337982762119178195282646619002330895271267912089962743387759334022572     
     8881339037915383932787483740708362580250665668228260738106883590330020     
     9477695505998732955037347497442328216802118628253356149082423857084566     
     6184240963253043744260619501886442835309259814582379466416441875947356     
     8791057244192342868681533853778207959352619133030661805975020139127402     
     7153499769476476309937179190247180458985832015656578801821730363275625     
     1454809243287827967945952165978418000331794979521316884246494352918814     
     5684119345837167981586839663303943119602662672553747831812660955402254     
     1527958282082220765230535512509839570447557725498661055531628912047778     
     6776499461721225428697049675620666357992891190399286237785557878096539     
     7206973213591448084773217933029722728842849302060331792856844347967834     
     1308796786757332409904705942022791252245114906953998286334600333432622     
     1098996932935633244471119711734938047649412540861346348034771000758767     
     8655984989182513890519261602460179120995211762705238327158604775138302     
     0783084007799550938063904869373104103862282330160713709346519489567924     
     7358178098933665762292960057478774134989904537320002795737980303171820     
     2238941655496373765548087849630970625716318900444398114733842345791967     
     1538396563335157832499014121303587152478515232762356032334897934926066     
     8557915100735333773798267773397111069756539683517609586592823154796582     
     9745588261325757049729737893145821751531485770492941548030863092270126     
     4379120685717805977871910730833995694561470388505505605146555670767288     
     7976886810714450709339153707058935534315423652938647296901723914849165     
     0391345048925914323607795382724676611837703295920974259844793910625512     
     5628062437336728800181967709321690008432208002960852226647393404929205     
     5139596683253146652489170448585301885717189622574410269398477221508714     
     9621349099934489388779487460315410919264199624773639077737104754431329     
     9967962775402056503828290476169145181274492334056655676804648459706267     
     5092216765673760143063462890288606240922324946498115371204196977326618     
     9889089739020797793210528669132269896046889372629980620722433051548238     
     3824759477581461533302966477569109219985872001908548586372821791095599     
     9479214732423762668542063644564861267734044555079341010405744933414461     
     4923377855134582796153978422953635592563066725860993585593053414395353     
     9179431502169280703727120036660834349120644571974510041146516822712684     
     8084006689189347616751736259261298886418482941216222931109580152576551     
     9456977591310893065206244034287438878800903976537818642990842257976272     
     7234618990574305842343764941824358668968290372161084880516732293566860     
     7120423148129758315568478637329580544833087730081203849102965506734235     
     4936434902247874088451054431506598833036338917197023398885209114666372     
     5415604889075001237189811504150980317923508419273982857551292067334134     
     1959912162751487240040450273947161204155842878206495221387102805150260     
     1882705201806992389696895191281268488721261988836173263276422594349167     
     6248352929411811994127422345619037923874165447245511153570835728643458     
     4156164876656305995978048057040077933432007172652612670164113945907663     
     2142298691589227742854373233865437954900798571672295298453091319578266     
     6308652249504015060774504576854502590583973341677940992585587415567917     
     4239448461492863058580168084374101557055284908955827746166174913111669     
     5555997949059648167909483461760403523110265348514801835820707381679916     
     5803604694076881929575220994281147641227505974964280971934872552723773     
     9065132205875435918854168656029148389913419558529659509101853302821876     
     6169080647607416202905096251037616360455057737530125061965309693689444     
     2507713648794501793697160543673846786874156702822694036071555879756923     
     0636137642789637146452956966673633653785808761423802396399105062450847     
     7173914670922978325216331751967147620702789520149042044141858675740488     
     0961705315174956131502746772775445975075285332488199093366899602405852     
     2306945960361297464985476929636513326652358264577321005392869821021013     
     1592319105901836577729422868207609653582056389204181846785386934007039     
     6283750070266633224665797750627089861983523085252883741908791766318904     
     3733681467237566355541320197873330386597711093057689944108622834883184     
     9156883530472659976507165652288314076655280146568080568951517600646816     
     0007825858426539256711472256878763925401250988201770107072337534196661     
     2108294262018980950253379921117466325807181577145156237670632901801913     
     1617182350801990056027313059713131891467725080080487791361606012019978     
     5502275615560363691596146733872038224072373039288511830670591702628310     
     7873427407796163212540470934486296885056691647133712391536794563623161     
     6672576477052861493764485125864024391162261877918500913598355201282585     
     8729791270560767315777059906534097438470784995384278794879559875679094     
     0774057169418123586461741078420390558835647942583981329152530892817769     
     9060808244787754364033089535006810657837785708317772988422411769355952     
     2876849386448007791745685591497427306404908689938468336466153130553414     
     3191793601688756943243468743125415834701690246532494698999325321664398     
     1290788740870059253256054719816571629135125276175690874529023311928265     
     0765474628128806517542997552727749648600178608415380898974299186617347     
     5522136806900105355936246960091642991540538548766018016936184955766034     
     3216469587539944321327901792718885051937468677700897296765181635697313     
     1255660046875377958035050103583275145121282553919421794383210493356308     
     2540625926314304682892980609892972647248992945860983329746182871559165     
     6671798349684519449918740136724628583250971938847842279799240916036993     
     2407393027433334291827939284527802336303024307569594854065642334489115     
     4431058852240084835063662186128216230662778676037342376891686684178712     
     3041876099294889730639297128598489703044324441210375807158673349908527     
     7967498763791375946609498332885147523457009028912073210653409191856440     
     5957625395449604263116063404665888573738561538848993628512309838358624     
     2222356616214525892540140149711528208585990990580840047387729014187694     
     9931745415915054009326725614083236767206094843515891763795863263737913     
     3937365871051203605368473468258491019297866775815581059799658629327815     
     2551184193430104189471058041606651004625088633066089679724677892997236     
     5963645214743990367797874838288815816661938020717295503482209299661454     
     4774997004686006955959822884996704100718206259069291208104511895840663     
     3120724214317795268989848414781353109590630524971896982735405724217920     
     3348259634454961300059658739258127818116855932036324955705090377046504     
     5209047307865382006923214995823892157470625542632305695390575068455621     
     3245460712551041880602578892437309304725355303317933564776356834197773     
     9947059861199889912521504815465941561094021661843678870614827132515549     
     4016557602749248024426467812411949593492338426262798946118312613305152     
     8261500237906424808271205926796632912886106067282259152238317365537232     
     1954745497395657590084301613014925147443635837061425264599696942285250     
     2367486401283353191270565440388819787348786696995591182074281127770262     
     4627971019362560089058689262163769551845976002260108506925552605965499     
     7700338979398309193323513518900100805043785991661102789722204446466725     
     0887778221385340795925625688706145383410969131505547576008156853759991     
     7066602018161557189472685955973110742604592750784317166791838664563158     
     8524902079985347124761377474908259980363930362617011519748322060795311     
     1090864282367539036628304302849917854017520845888036807752530377017153     
     9972022593484535815009179822931364803691743400570633331966673339279546     
     0675904556309205859296758065015153079345218799672566380398342115420743     
     3553468899161393599972156963480277588678291297635831744704006539537528     
     6381698556330006524252548931776595176347642591989591037667145769410784     
     2557529839007747231326594781679080600164578578787265814151370651759304     
     7871257126230416073963246300386360059930093193664028439960551302341024     
     1924693151520400041443776462658847866383256685785554633928783756198519     
     3195988555373042589416699492904669550622001166210063364413641544983122     
     0135134276304921022464743269773163470822217447902654841232464291854961     
     8242338604153143115997628601845769785845217477277256891165331362383014     
     9100009423235182911014408741978321124553646083265902627072689824614658     
     1168730252203161740248249528075612446432567794989961345917788550066154     
     1715721640186936254528489052139241863254973789708700038417361088916851     
     9279903178760337633409799002114912762710971108115350651679862534785307     
     9713639191561802640796693495558370103615321065502550265730282857683551     
     0880574463515531373877736090630496745456643266425028366237213854415977     
     0590212797245799753787245130252655974318032035935019295007619580449983     
     6205708525337457832020085351453600261088122575298154573371243588923949     
     5323568703942169991750576019675043246184060190826078736489991024338173     
     5605071965863774887287310863412108685139585811366056813446991515188789     
     0131601883053002339350578573966283348725558458147840721910815413387919     
     0447720251564081783576317692334119179343911814797072499301764950198700     
     5476564067428617830775777163834992751975637776555995028393260774811243     
     2463422226906380487439737176557186424549181829681453516341060434565286     
     2796741406026846860930617713438339294505962145820022888133160782023831     
     5614474059899163828577556042770300208002291413213740562772877782019242     
     7441991115334963438595672505839703564002603186183647792494454123681634     
     8206650202861819967362978007999800151479488720026621179078527761517215     
     5520696355213951004905819429470605762617315816298595919133814885525665     
     6128165803592809196321876487351643342754021369424351500950237342097814     
     8023214978420711978852381981297582232140711289453264329846980714947086     
     3344601710690345008972404304826436623229163608665112243009085906700093     
     4625446623538223020028238963817999625413814646747130947643304262153025     
     0704104142805819024617755853181436106861835827012189144879024364772923     
     1218821564870598740733574310150117105305752161235304414915981148841634     
     1892893300712109748457569046433849450950498934535541387372175003789754     
     8274611279843803531664106718133333261668394274150440364997868792595876     
     1594354468377320339247222398261672719609493032415546406465199023976704     
     1719896414632142989925248873876725152196223209403791297553078863692828     
     8569434402275395225956072126593105920000000000000000000000000000000000     
     0000000000000000000000000000000000000000000000000000000000000000000000     
     0000000000000000000000000000000000000000000000000000000000000000000000     
     0000000000000000000000000000000000000000000000000000000000000000000000     
     0000000000000000000000000000000000000000000000000000000000000000000000     
     0000000000000000000000000000000000000000000000000000000000000000000000     
     0000000000000000000000000000000000000000000000000000000000000000000000     
     0000000000000000000000000000000000000000000000000000000000000000000000     
     0000000000000000000000000000000000000000000000000000000000000000000000     
     0000000000000000000000000000000000000000000000000000000000000000000000     
     0000000000000000000000000000000000000000000000000000000000000000000000     
     0000000000000000000000000000000000000000000000000000000000000000000000     
     0000000000000000000000000000000000000000000000000000000000000000000000     
     0000000000000000000000000000000000000000000000000000000000000000000000     
     0000000000000000000000000000000000000000000000000000000000000000000000     
     0000000000000000000000000000000000000000000000000000000000000000000000     
     0000000000000000000000000000000000000000000000000000000000000000000000     
     0000000000000000000000000000000000000000000000000000000000000000000000     
     000000000000000000000000000000000000000
