     1603775519340489057168143877389400604018578688387562971570660927462268     
     4404352172100973081141053902066140899352585355874246287010487619667926     
     5576140029344104782397196203508291202064758589448324450454744170013658     
     8950445013487700926706031005770689130087526727907249578650914204862718     
     9690671957761350337984188307824720157298268597499102527432443223030566     
     2868833055064639101494752471677047195320581457768335465418764656851765     
     1045917302688755690331653749747073595570148459417012750511179397817295     
     4011297404101953749584730137123205312656052789442505680133331757248608     
     3637898366552862860481981531058260303769437207673099432653014454070922     
     0165321027200484876184566894520743030347825910423567637924792811557101     
     1609098249238105283156582609488352681316647460721650920144220719285828     
     3676564354364890405632135427481149104553269899804811285877912115605932     
     4436817877208024980251593176453926758035770287045778041548601661440124     
     2280716149482410912494969513431564685685557794167928312170458000905601     
     4820381426285656496299459997160941241334029423395793599770992645161225     
     3080111491592603047882205064292204416014125572585130854253795854931429     
     3357937232742749060430679701540907947421869081301103188749997086785824     
     8028743209162359955559960436174751832089354573321634953370156772444392     
     4576456814020834839543556020390552553282637171800849342394580370537299     
     5745666959331586070925664641916333679597052633384736005911557430309518     
     9390528335546044099346173446344108452429741732100989478974061947211664     
     3801263400016569827447058803433159025236607650116360149123993045035081     
     6686426242528967562752821049239661484222815527701406882126033947219484     
     5955793146685619785290884531233030084698330746836390332416333287381626     
     7295331335821344670751016860260250405804524163951146291670722775056518     
     7580513318196863555873245788075547673362858432732852613014423918730922     
     3378971705106404859078305103291719219131479365649136990290371438152745     
     5716770997218988626304555380754422813442316059927051012097238815949962     
     2587139872493684464084916306812799959004229653631135459818363247331303     
     1675491605783779260877419488042735788102610873930456081749050814084839     
     4618781197697116520786616696683603617313909759900400680317999786267399     
     7126555159866771758654381136846835041210285391525163375160421848880886     
     6329693703569486325703282681874539036829939561142208968071465960320486     
     7406641563726442264997993919704073502687815246195639530479705344183657     
     6562511560453341641090441488177410366692777280320926890195043758702087     
     9327845200402881723591302858136864481567711863329562761316633396106489     
     8130728578218421223041272129180826405213632638864573077118347053079419     
     3462743661073152896418398436498805550872306499801812639471045417126768     
     2846337204709503000400634260545353058038032097617780179175948736757413     
     2755883759398249416120494825510093101026791374546667554321224195723263     
     9638333311347924511351365728075475029675368372559432664020544795925675     
     5334866499824162182520534954209232224351970479757339301171890458882270     
     7924786919168603679446334243978902714770559032392495128956915964523785     
     9142699099999603422344824621341710745600000000000000000000000000000000     
     0000000000000000000000000000000000000000000000000000000000000000000000     
     0000000000000000000000000000000000000000000000000000000000000000000000     
     0000000000000000000000000000000000000000000000000000000000000000000000     
     0000000000000000000000000000000000000000000000000000000000000000000000     
     00
