     7275415260015874105963327142552973063439671639006427824907210074857312     
     4763154889852665018963546968286244542527787106460282897517570191595074     
     0279882619999986525074079232690703298053733835003753932965647129886415     
     2761071269050637371895601837969127147531738916340943745299337304395574     
     4408967008116556109026701944544343864975260423421987644209880835519355     
     8380983987447615185802109420451468426757108340510589914835255287605716     
     5979787883905241556153231661642393708174569508102874632726795033998529     
     6659349960093296467253215219504583609082669479231977649394275020371440     
     3144209678355622243806616123303485595406153776615881390443810581904334     
     4479225068411543303152683113261411266287355040791612224449229284793499     
     3578103317916115323462725855950760306808082662881506077721386602493736     
     0795812347568631927777048365846003211864938829845778448069535679200898     
     6901844943565347217214376058980652453646186480239584636575661166005213     
     0018492709523871841409888915141881852166414705539488953777869285022442     
     0755714261384811009713962816452403038097705648281021341523407965928293     
     6881269084201896181669514191738177885158311041386010849948594220430262     
     6642108670894425235215894946759877958984240304633309639617368342955931     
     7445153288987553727702385652544703395312033065444062524267838020267914     
     5662697689179612258588006649711319191586348956772933608588658142053319     
     5484875932753930738795555197427901520738840852286346148170289677082723     
     5965438816055634057204386464539535872375416604454011876105743345146283     
     0171089538138617944301508217671288774853708628069280222899213305584639     
     7862067622082279324886956526230870568155552420380912702166070392592653     
     3592834236404090628918708185448007081805497664305044813813553550729456     
     6156359686061086480965490339555119306743643455677772964611150726276097     
     2633713862235222906079798436452788552271902313512044675134977003156186     
     4311242449289373250080503685808296634851774676588934881829039433564741     
     5489876556661344179317649342729250995624756167051210541930425506303032     
     5071485682082528434716588610895043948569139305209271272300544097909447     
     3877013460400480487611275881565741692864209839155145486496679432795853     
     3953258349645357550739235842017700714485010958989547417027391768488176     
     1419850661834566168543771593490681529851565769716747492326246294067285     
     0052511041466986395256549242578805249665441045276069787499353278578629     
     5805732789756379447998296231309779085167914838539986908792093053668939     
     0010644089391698642941424016192020308882272435370961656132165728960399     
     8169513435847189043186953550709711435766273863063352981552917204636458     
     2752072460419126987041058777921960404799823066750367926457868069083199     
     9931593369577043607814273466826020762832693981178355820421481098962889     
     0471563420611380403919843416260906750551447745986831835928072200931436     
     1054758449894435282655109289429030028581014394352447275030759107354617     
     2890306946229492594804582072098008408064042296055558759328632221458000     
     1162659182165186439136437108053042739428519921089085350857952667295257     
     1871377612297504822948137054751842010373994650992813120198970909796268     
     9311858034781621010842508392330286326139363200294944750704002457029502     
     7606200083268060227490756599947695041706455351040346800375311613094561     
     1878715759098031069958175213865035308525586123130819013674413664148862     
     6452578450112122970880367388866086557925706099100299360609147401526745     
     9885686148074563469375298254551742965634234314784938385956336838147695     
     8813939177398656955047646064223302931821416107342382730431584134553304     
     5356546095116651572011253967095711554250309584478149172261755392904657     
     2732747318289808325486541193941046209670758105528785546213532371481870     
     3069044607169014813406572745543112062802872798270155394202848232863739     
     9986067089226917981965411402763234774364609897178545327411811625382029     
     4059638983507207491397875504067274465124670324941052585197759093317272     
     4150746904343192166453946287454419838101303617143030971567248358110242     
     8410850703387963070179385826254446880809507238531288745780036082888330     
     4860769683707061596815790340670393505910214972455684889415395661384620     
     2554766009560544650918155183278843919485341067469165656211965921762321     
     4509701215188734904120301888416258885372054834365959485613985861791389     
     7443056663969926339885918586821570647315327988062400997102751921668998     
     0738116556009178874691632939841113020940931190845162748808287213372169     
     0818133715977957227555232814542258175369430464973744361260462488654126     
     6135657705931558486280265221116293120782178125463671497329931755830296     
     1175484624299175895401003899738494609077906752657728484631324620461019     
     0684671383471076498950159851409442527721070174980301554644430837743146     
     8711316751793881191274845850612976735991267568628361813156639991460775     
     8823820411582582456078481420407944184683138072940905237513425519908141     
     3144539258167071990673916822660394228230541438456594689294372143122706     
     6972691356633128356893698592224032490753653416092503920065574549706711     
     5759660780643284831155487549982606108527668667074208635075909280092960     
     9750979214634385975197580656949652316471350261428214215950481151382911     
     6161189357798921023440528538273612134509552219715954105598480318983561     
     8497128407336997783425695252200101455000833817678558418923768015301312     
     3946907651135659021672193549176778564120929160601446307675569698221395     
     4541484256417737794834104694998773611075796432071412539261247623377171     
     1925055035666347834980264345637297319131013345566790580129104533672389     
     5153429808108857888062208727530915060138934396941840153214624510882371     
     8402694389240512812038401987856372125790989344471110833163200847675626     
     7912726889085146567090373179361242384653871732961724441448020611674763     
     4346935985385655430608254256171450935447192557472673027951875777444309     
     1805282934446048155200919488017063694179473416995443033700743296662387     
     3997961993628229609800781696771065293898435490563479319058638412698233     
     0227325079122854577809841928140321707253290183739032673585165657157560     
     0743357107378119941176268239162850045498118206230479201332749466691751     
     9170962151833980233942837776608333495653309025044612294148343160920586     
     6678710993539941451911490178208138139963203941140723551729035500433037     
     6956037528828847534685769617407402293988254706614990679486169265419705     
     3290508535157949500746888104653892570185591418343901152945645358165922     
     4981952136944044521290900393951492385997962885781435169997531410939570     
     8671813232944003671677447070759649638504133070264768740688354571772961     
     3950525211411363334468627723767307559956287489511130766878317146828893     
     7691350195938663359056659594736625911544815276662683154672554702121310     
     7684444657557145426155826920680577149859898218956680647721523486657779     
     6722137903540116311903063097254876240141492500393212550896154360546626     
     7458426009481294616109313793755850229822298293180739164269039971470226     
     9232077549197902754985718348978637993894174439431354931504765994283402     
     5635364597658769785011207519102582308120329728703431245988761816346534     
     4306729911319287771051549795185193262382654434552774323439318917894652     
     1883722149026005335253127841259653838461149534377251580655468508278301     
     6972963396267712427212681855860103661062205570261469228744243080081938     
     6400190207080627441520197610954660124515684975471002949194084742584915     
     3303811407068810736923249770925592648785323062610374577957475273583247     
     8424135410140904003664569443666883866904644349248855512500825330647067     
     5558110257941004189899361352179414037759845276296325760834361795098324     
     6722783697964330108483918468765382187539376737983812049869411015240066     
     2228378378667634910834598836782842600962157246094460906110946460917623     
     4367836625665150576829520549875607812794788608338655981003178850339944     
     7315483915138380277898978500769111874897072335373588012799989630291601     
     2731109834862181448654470325752174603663734408835781786482167718297291     
     2843708716493760774934058397815184595366663903675171933105658647910728     
     7297321832232584894642385493705073728244577871163637103034494659628166     
     3507407544123391995013739395594481724289371896856012999266450657271226     
     6247032109471881899304869858220709573060888063151877778741355707876997     
     9476658095542612680114587295784331844218231342195509392979693122784982     
     9915669849585047347219442240305806057433469894658921823928622660689231     
     4991915943716474181447660334463343874105487304741292511445483731918203     
     9013541665347412396832491095775536702653029702788925170931454925330501     
     5297136582292270911712094956750670262711311725112136000831241641541813     
     1194425387828638648427328131624300355425193110701451549311941176721912     
     9213676205430630318476454946411263906197414842699133317058372931920313     
     8625052368458652901708742632780448263518863537136421842211245308586347     
     5701184308963211935998769880153397903525673441805167611154746990066192     
     3289304370322429466620137809053726950913458693812494956134326225927990     
     8952486580437840099626319109924302135731961294645127501981223571539983     
     1700101756206994807657863011219323498096486258732740338290185259410930     
     6100662842289549049214497910490542210487298552993207738474437925073789     
     0997340464913138340565456073735941643280669502739257119552461158976538     
     2861307755567259293500482603866954560096718545454465922025233510824252     
     7503874758532768232673416239321771303506827265993141209210800758233384     
     0723716303756178097851348184521954738357357816879400473044513737818304     
     5202184382565746337038022775694425703733795819744246989047877195790174     
     2150070429774740585126704577242033129957169463897672708046524648943998     
     3302419544416786478069335086611720261556173763659567341867747628738738     
     7215279400222254307945255478899901875030722199696072848497611488823813     
     5776429178364498771656415945883212651401044861174123791530775897419431     
     9007914921413252022453125016061417252650534258270013329826355465322042     
     5356164416499639344904016361939384939895646712722423596844994048161547     
     9190134820399668491734536814088358063575148456674726571164015963031113     
     9428940191391299985613428441758398105999972980535479560585769276370184     
     3079511555048175226865497227307287640596245262886727920365418095340401     
     4465466907482839803005212736704029471996174785467152255404892762621350     
     4115949947736964508383364469900371942361892480697962354259264570186473     
     9779221875508217787828509560365368549031035244426433731323429155870701     
     1812818182405820158502965197793826857191030081970945534395914223621025     
     8755585818874795232685031124235783820564573551394806927225668939483168     
     1982206144232009732600830444850846898825237311646318075696920578290466     
     4617863023626030835221548681723633043964027220432254543059562956269575     
     7905591868647925040828625046283312111178971764172984390479133440447061     
     6007617834818685896221888040800806951959270347996036323395600686819509     
     5376586417749263869352137116103720731676040400554428088706107230465452     
     8370502472340390808256393560943733334639940796845458550024446714360874     
     4030775353183494827476024092567223615342073471949019900955929590526477     
     7982038137567706899146992530458772786102517322127116834112893714514853     
     7676770815783153850194876042555794043340245947580411888591477418826953     
     7661447673142959138423844584996512773720642090234041150880144063411019     
     8447815767770149082481292896481312866391455445997558155367727143697155     
     3007576656110349522502445327395600290229994057468305489173719866644509     
     5806328988926361787868769254507696572368475568933241801923473195238496     
     5734858579067500754178121600723413447385408995073527224310531042447297     
     5796765135714408603142038123820928590630723317540246210228158725607646     
     1567052158837814423256833904094012802821390046144037485471714420833259     
     8457281001068177826364330511143923493157350617409482868261478110619671     
     6897773635773088757327969856837863422292880416642359589433919330695755     
     3850715021590169244347164881529126455428367946647432963431227435269140     
     8869121174319051712028762860417191107427544315649954913694047867710422     
     2461103708941043860278118143930516201543732489974119790197554627723236     
     3937875067059484914654423081469728280953545717516398708652525435014385     
     3359955504105888689912567601714605690684510789818304295368792177433815     
     1081037951647821263707938415594674353999935940160074738015617237505697     
     1995391749374138866406860753899391412096604276090909079930018986325147     
     2416230718547217645726156432169428874327293665259706315278970419369479     
     6075932129590125941300963996064498136768751242991289864048599199679252     
     7782547012734353595850552613637908987506334038815896073211063232872323     
     1355421232058146177599614721615185219318514179585179466840107315488238     
     9916317625668165434729628314007127180335526956630142000601906667407602     
     5928793758027491231093782425035754903472002361363545295557085584587011     
     7269397874215289809460579586699710483123416838040404681324505948492299     
     8623314864782216050290037257357537858984873066312149063947035945816035     
     3776934571978436142957593289232567804531793306925716181480435418252848     
     4224590498875769207389530784091783377829118514602244463353209543161405     
     4415288909746254813034846921115510224350141512134020406338973422777058     
     5399373994841579849445313282986540361768390091907562906764912796024676     
     6444293980996048870828358146361505226023810171222970020228521988702613     
     3052615010976862560729076297494885907037336077130083683255230030142798     
     5828357540276361572365877869648086672931482867311019374821679905570642     
     6767710533218549508123545387137421206655346724706716210600845297865831     
     9676135426058408370381039466477952785109970382868514160051063648639580     
     0660812548530825806959200921842929987622982394601551920751451554115800     
     0564304013718518483834840750173915076616915457828067380572436352956849     
     7633623393026744554792455764538553500256226274223297764492896027713389     
     0403514660436114640753837355656606456319045553471493496269168313589485     
     4137757127851273206473658608588312390582069561347502705074616415282630     
     1215258637047629715090951268294003135857614592487658201970222802318580     
     5640259285921370638676059546961063155342060310557911594860655976709699     
     8971072019262349543026647861423021463787640718597902196143166327186900     
     8463923147375450513906554589404158298726049741621102333201371907674972     
     8926755821648505290848692772704016381580682402109082604557985336056237     
     0703544851303418797247171632323190841388462114501497467699629925491742     
     8225712512266064991770364012264959813274857256904115987674301348104141     
     6052325443863882473317488338791340164205966817463650379487724336541501     
     7523831243409402042317253290628734824148898471471328993767454404540738     
     0573409851113965619001964269768875280085090212576398914979531258860515     
     7016546199499503546973851274633269537487744539975618727702224155827851     
     4037564550171822895246307427650581512681721957065255455744483495299232     
     7153135276724748989109942720033788708745733943816828915746452975189157     
     2612464602533668074557792606420573482880871714507411598716224487885795     
     5888936510014867384300528529302218148844331857915816703161617595795740     
     3109566447519935839655906012475149333887819167858525000124701038957846     
     0754957341153503914280825187749792419514406044677460152813699383492449     
     3382830251439272117506367028370558773804165354895013928846539155783225     
     3534849979002083866940488123655141322194813200670026665517890597555688     
     3490043624793759745794671255616861610830795411562402932132929037507426     
     7550277769452752923507966301515078689737033570989694033013059692141911     
     3500471778246997361957182736363433836572155671236170861783376096135384     
     3942800403224792098664785012251919242343129034928095433201069588475845     
     6619080635485521580362542339683286748708699014231431294257535378678926     
     2047158422327873669486378359510940427499153188666234976775487765698017     
     6604492242301000793870962862437289175548779653827331048616026983288591     
     9583481132016614188444147225686555980199099787615095999063457211421404     
     8013326771285179655067705015863006822598724612167487373376457688794634     
     8722956453318933330851328532794764763055544707509941990249180811765815     
     2071043501901504629990746229078461176889304027072120987956457751437825     
     6965771845848001633870473223568051045114356772682985978041161475428120     
     6202424724022962060475907990812249251417273907734842931310583025187107     
     5157444068884958193423718604576238775944792875839854306037224027668388     
     0126308023645881395998782749040091617074384751755857221342595237674635     
     6324740371983018038287726801047183494139566710865011979198646876443750     
     9228211703836696149395607727566692632878218767898360588856962891989883     
     7719444130668750366536587625425966456008667741248431171411477509601531     
     4366541521528905468983864640484204547382641259492280976581517812493009     
     9843632533468158714776924965942776738083547698608842323153124011719698     
     8898288057350542303690176432759746300319815075065143081703367727075307     
     0404697017585155085687034403100821249142591433154257437560068172071742     
     1815743094946171686078890241462798688694003801527814882420553914233812     
     8669709925489651671909667380304549121927719935877881563373383569719656     
     6952751022503728614632764068405696683264321162033035476911167749876068     
     7325490828030266388303465201722452813843177909956699688011003660982399     
     0291561372011769256409791870643594713994590914202333991576640813476662     
     9521336761755613897723136105706304879386566658865332758611733391840175     
     9970626402456049359293652887533695580889746256700648645433911488376737     
     8434445756162634627662144377491369761417712940152967673376066721349691     
     8457245420684244237688657786155382684620326322794294104064477375020476     
     3171238928859491941686687803502682792184291499544856119897753931221617     
     9796578162064639429177819692888917823315966767899023541091286799234494     
     6135271866084818951997878163164787304054314516106189079093627317229232     
     1227610030114121780566258751274129835132381338518686227617694011481988     
     5609507651923277286190943024486023226773765658740014180233667622029997     
     1156965775294622036529694195460974296015097270998183899375542513017011     
     2714640104575227991947435354825208192447755859758590354203032969278561     
     0969582737322485961218429772431639455043483116207860935273054480544206     
     4002236332353484159819331542298012438331827163461706312396973280407498     
     8736119593595064243366148636372883198489993652618350131614776498521736     
     2220749633575812620825593469396352601561498178239417678440208233294411     
     0520479471397899479898635362735373810553219789854555583761776546963572     
     0989204260122258580467637578045925745536834872897406418303542933119715     
     6297407446667205971117275471154171878568334536303481254034287507282057     
     1430360960854262610857722048395810338235004896167366679644397732549315     
     3949275670969140481808935544261782593012000532762694585402581583504209     
     3740310062122436163713400190387011641675241656843852637683199086478670     
     1867987207938072516939695289717577832387530596526464878356855675250675     
     4076433345057101136738535319397420946327484954400690280856516507345406     
     6909052928000000000000000000000000000000000000000000000000000000000000     
     0000000000000000000000000000000000000000000000000000000000000000000000     
     0000000000000000000000000000000000000000000000000000000000000000000000     
     0000000000000000000000000000000000000000000000000000000000000000000000     
     0000000000000000000000000000000000000000000000000000000000000000000000     
     0000000000000000000000000000000000000000000000000000000000000000000000     
     0000000000000000000000000000000000000000000000000000000000000000000000     
     0000000000000000000000000000000000000000000000000000000000000000000000     
     0000000000000000000000000000000000000000000000000000000000000000000000     
     0000000000000000000000000000000000000000000000000000000000000000000000     
     0000000000000000000000000000000000000000000000000000000000000000000000     
     0000000000000000000000000000000000000000000000000000000000000000000000     
     0000000000000000000000000000000000000000000000000000000000000000000000     
     0000000000000000000000000000000000000000000000000000000000000000000000     
     0000000000000000000000000000000000000000000000000000000000000000000000     
     0000000000000000000000000000000000000000000000000000000000000000000000     
     0000000000000000000000000000000000000000000000000000000000000000000000     
     0000000000000000000000000000000000000000000000000000000000000000000000     
     0000000000000000000000000000000000000000000000000000000000000000000000     
     0000000000000000000000000000000000000000000000000000000000000000000000     
     0000000000000000000000000000000000000000000000000000000000000000000000     
     0000000000000000
