     1110894795254605683015008333783849431048703900063302044543919072660505     
     1561414622911744524065830766687451455151634868214151110527880877059548     
     9612782631202658633693264096272302530571393070309447774568499852094520     
     0953264652727757115584498940852348582576978581668879519724783472767169     
     9646943971193541867907937776021947415814945669409606423894098375195806     
     8614616676888886008975325865203423754577507059141990493904989741291303     
     7134929428699034930387650089562137507006029622612611184558942233769539     
     6073341983374336926752599919544284455629831817960295682142560214446302     
     6742527299571158123636974480888303047871951730235752809455684550295100     
     6001826273787677949908589758174544602942486387064666492848572479841606     
     9415399086240846151886516815308248343126655019738540585865623836770804     
     7320829191811980874532001090913807323131448284413335189801860661746395     
     6639003763938684029679828187477570221017394010881057595845451006580576     
     3682380125060741779240177164201518678289267666178831421053156780173201     
     9082516325192117775895593356170540721228894813514239136563170434360398     
     9141554488645958451216666501456987661967554815520498330030097645087201     
     4927277308409990253072099795774896081567577393312768571790822896428689     
     6366025636976323941173454505277691058977668298210404107570570011566040     
     2015113641297438330918987161296124865606496187029550757548935181246826     
     7090459389955568324725526662625820412864038853944510682437395312078792     
     0264276824694407525024385484820899188602190182097236137564161326911129     
     1938398676271384498741348638098346723865321535293953023935300884493178     
     5941695451741118850850282341133139240214762339203174338425346573421036     
     5268524886319875610536577667990875169626613846810915467548758568385596     
     7092340951706501609736359196703593625495663757530766299054481248828259     
     6509439705052130224862792121892465512586757513670902644445684567862938     
     8943774132869406308336431324584780048177987814213529242160719871326763     
     2521390425779257686004672327182396108641065242197490969047164440649355     
     7533014562477851295815922348591552832149507765955394919009611939655980     
     9624042552260559321722530753013998304044795386643702234728474890408950     
     0045549071709207933731676670845358609419293136076094162734290138186249     
     2514130811693551810334003577747072245739948877307387350522594543384051     
     7672559417732514318560814871575252671059713728185409696419558776704848     
     8028585296255171227504208267119777807234447463032248989775117181196484     
     4624242898493207566705896350972636986871223901064206950339521063234453     
     4820191478537429911050891994635058650308185687762330045902113986792328     
     3569741217011782422249634478515376491859713676248553106564638881515701     
     6800332441681114502927372332238095217069042808180383568422776238866342     
     7078307160468098781478182643568181390808031859315861981208828339877421     
     9025618058992208009271349669657811070386558432635231577740139260172381     
     7831086070855536934520160491240346620452486237965140761400480773814348     
     0986865378086060886462900992507606215718675925935240270438191690075749     
     2281783622480502765347417535603369276536990361233720974314727576340853     
     7325094419667489920725067060955832650686505586591342880423815332397633     
     6093087415718966852401173721587738935943692572079262421060948565744371     
     7561060337648264568872634338798572781720757981747959281767590415698112     
     1070585779194292792844702003095914578388445277632562244250667154180925     
     5864810765517442692404943779442670320766655141122743699421839690199453     
     2197385291992493990010661872905855469305763042798536597725177222427452     
     0824118320493211046253518854457580946760836733212835595814777853186681     
     0374160693688077417247382999815931875021219949817130979489285398074688     
     7873378034528674384384302599970448188283018920715102525333443999326708     
     3086363071232929167847079854843003814011981633464584332758665752558592     
     7342529640692571591473593038939482029369096060647299970497577688671064     
     1148997204823026284821434113623744868426629747743345365412935791580840     
     4986254636079448749826798486313364650425587098275073577847692171649209     
     2849774017432252703600955780996419800139644617601198319042744309817567     
     5518859554149164329605522610542979513766966955295391410152385774642376     
     3788472399230957734987793594641559809463759083294052004479450147234781     
     5012875749409490080642560116846871832836704184594890930927762278157014     
     2652793257529365104370972527021447783164262338440248975647331084246302     
     1472973243723827401967247299588291452233501011906871767728164553404923     
     5531807307272730787764446799056371138243467766947712091024668169165820     
     6028918939825633666312335354349112781204810787334284783087839621052166     
     5863550168281420226271938138518135447718399557007586547758476467424596     
     4034639443293351566266195854745089020443338870867363322026818664828190     
     2562174279431527304930960223021583738098925655525595628989623523920599     
     6541424126242359768813678565765753281323987127507283499398350053902455     
     4600034337636956352329238650366052894179094797513220760870690381764817     
     9391839073984388219365384372198807893769779536620781785014988111930499     
     8494246533953265777617897858385395126418095197160505403588130126885567     
     3733807764644619356326027085729933165574845660179913300407354359810902     
     0655612164379308994220189511281661578085619379800584475715905526036059     
     1999561203298778208528192646313486060633488493149307808524705200622342     
     6315376210998149719497175612672306943264119776064298892212022445740056     
     8525899988991961929086441586754419709658408313417239795056093617814658     
     4741949598661311811919332876357665525105071947076621632193112837730995     
     8431847609860400517319270934210198743534953321665840243071996811114077     
     4215378902416708159798475762871822677827634578458131056229723961213274     
     7396835189640047686026325686520079106990197583585044922021591671590125     
     6136774560593950170639163038235573622187335886700896500101241324003481     
     7908797187552009047637146643198663374515760396070465062278978608627691     
     1941557089148541411409794302338052801706892456850415712177229132878873     
     1626125416101239917636684006077537914343676696109029971088328442444627     
     5028088841394365022625716686095314184522923318168882837791433073698687     
     4770393275518788663475960486755306171698767626008335928412498824836951     
     4701892466854438563795894523105177154680699208951029882521156733200776     
     4963857028323316109844613360918964182165896453267091043514036272623709     
     3834217528408712084294905796034116636984117204302030950721984456353172     
     6037845474657773815103762524225900654477774943659977600845947386458255     
     7915598378324927189211093166738670060882506762510719548056562873231231     
     8557097804591669483519550856515274347881300073432387991893861268777122     
     5177496513331837969983663124318045330456751303023807547390009923933566     
     4697423100721538917842033469922993665334665754542198776695536462529425     
     0517243624854694435060130245126338537766381604519128343382650308110455     
     5687769963058301641138607473255246788490827231190275239337212189118209     
     4844267643182741967889374470163836715234678026318106167299931192771140     
     2967621437439800396080336010818721869982139232415527723456400033543180     
     4317032315671190102433271294629827412916254999854736634529312854930209     
     2534367880538263709617975265198460690132153405843941595872595238992805     
     0568556610001159081098573180337238024889511041695638273302045209054237     
     3348516356190922046565131155370785957512676936416481872767500074287473     
     7298899186812098185383102772019536860972924531716646344854531235837020     
     4069885423163172248756782881179285326383452978887957762683088593565393     
     7710817503946902347335312040160011975385365751180438943275649512524322     
     8305158912716403411398982137777495737277171452008074118049297035737363     
     4139066359471681963869618433601762002010462634171481831999278456229916     
     8850208750495772161154627179804920335689567713839827453670627643838846     
     8879816325648418135177086840936371810317852271560062366012922289557986     
     2945235023705711034885898602466400786937062219400488911494151658836898     
     5159870663221415528256081909366954794079626056771727058757930080445271     
     9970471114960486891307839665120604713104102397623543090059609666480379     
     8935821294311002104483250233365518004087130595140155844033203072136700     
     1221105582448880887598576261924039509820612437027645424981647347632846     
     5757706861386701441792375873693710440244197997282409083604251649565098     
     8368981486366398428839027033105619171882858371633659780834697922742132     
     8812427623958975651146279648971734245671552406274676591782208571181701     
     4568721575060283320392258588302390034260361090206917962623492210024592     
     9516629007848119897104421067125464231545429674673806755512165546983965     
     4430409435485106586524807532802780050924061426400330308196649087677188     
     1096917281059258302048486981509120165580714534561483209514047441226460     
     1377757862500486865042975968516540798710153825429347510422939551242070     
     1942373260041637393348693128762444314572024954621894644315085105064313     
     6143780696068079644237612977339996067618085017519274974009111771786147     
     3182281922872566454004013128194342376217639858581770968513670218786131     
     2090087897262136983140096225723287978400557195179225442304144136173268     
     0282200929341346240904416904143706095859497792464502937263134808848736     
     0376139303593619796305347210962080385119911453948775123776097691516438     
     7400514179506775059010232033671018451605357824247756327494642364094335     
     3760857461114987755377154361915799598069768344754450508557305016899604     
     0453695763691361643099692308291028495343976087928042285186483209005403     
     6055498490671343813362971625044472001984482899582460768199627197185514     
     1597694441085668153464757558902510136405631334428232151441462542620473     
     8542491190483991413719348348216254251663360000000000000000000000000000     
     0000000000000000000000000000000000000000000000000000000000000000000000     
     0000000000000000000000000000000000000000000000000000000000000000000000     
     0000000000000000000000000000000000000000000000000000000000000000000000     
     0000000000000000000000000000000000000000000000000000000000000000000000     
     0000000000000000000000000000000000000000000000000000000000000000000000     
     0000000000000000000000000000000000000000000000000000000000000000000000     
     0000000000000000000000000000000000000000000000000000000000000000000000     
     0000000000000000000000000000000000000000000000000000000000000000000000     
     0000000000000000000000000000000000000000000000000000000000000000000000     
     0000000000000000000000000000000000000000000000000000000000000000000000     
     0000000000000000000000000000000000000000000000000000000000000000000000     
     000000000000000000000000
