     1596156375689187209934465862235889364841918001245649049082380311362632     
     7467214311656818760579125785395377737659501471624371656667978799833032     
     9312957746418904014056238882196446512982235395180315460033282600005276     
     6590630245543149572335539522706567397454540595416582507546723995485271     
     5093164657682504888289849127605733523903912621802957239343727458454796     
     6770546682731239609370758366356473987528558741277614821664797683638312     
     7711397289557249198357478910433956176209191741290526820987809420048435     
     4317785018902962059295010912387292691744718156122653869007706832889525     
     7929375392881922903631494557466631074768832616655354955873079071189104     
     3980962254319041289533120073160927179281018599850392208360354320423252     
     1685367816851412609840540168652343061628716179351783664840200072436270     
     0898231204602740972858482816930248612435810863677405922637931022592679     
     4679124494446414593827328574446734239377126412588411814987419665317298     
     2438986584260544328238110873745414849339623651806749798287315182375427     
     1220928123846672897478493933281749159108386213497088733472826030627197     
     4943206965515358676657797247280635958158993887851426609062559122339744     
     7279336606828236428034173306624271116445960919025437411350006890029154     
     5760658607885650979730980509897862826609807648124247457911858842832448     
     1499817061223793221646730964045357025207763479428040121763236821091589     
     4197346137029185440567707246569337143034253879286619951422639395967245     
     6336383936449456431628755826035441141363476539381708751138780645155143     
     1989128377072273215229465176351487711010666245934507286642024199340702     
     1009563325167369124429144332242689255894724825356387604544662124736320     
     2386509802629251651684727979129600559890849649705793065434454339001653     
     1679854421625696391773053231269489059165368986442583964156799281245730     
     2308426849453049860215782479724990384795160355180913869270880051021174     
     0737787508595344824786046465016672220761075936338627563816937431733331     
     1858184114108118371722539930723734695685774918343911968798032768410742     
     6358725849131016376350452675989962297612111351841221379017299452964258     
     2570233640689496498143734304064581744978563122061702123309137013192832     
     4154767675144902142392561131908443700622214214663611408669147277514077     
     8123699525495184620887442452599626267042371508775161797110911567315755     
     9720689020273926671567255016735897928965682041966182587366786871680164     
     4827793362028002186925155906016905113099158264692793711141967223063008     
     5315522108747602689966725359792318571201346679050623013452504987225994     
     3098781615563958900250649793738718259894538383898259067262528985506876     
     2474515470301106497493887155640183738555649481649151171469017909424884     
     3173733387343021974490593438271594888979646041721195768860857304830897     
     2027137350054015166575544353311998565010399058521654074030708355333928     
     2227701231716221321164736125852486403130054631711051070367515728817012     
     2610169934298829037205690980809280774922687176186163924708199193945465     
     5937829789300486122425000431867864059821000657902636711818810955330552     
     5343930672890568649628685571441202003853183547281461813319382176572830     
     6525524322411309588639160177009095867195933516218387523811853579407623     
     7356684398186147839271543105855879273433114987865294756323695199320919     
     1313019921070776139758154487448623150384461784441282500466994436183163     
     3983568467235390106849477466408723467605274954319398145171678468294024     
     6190464352786295265023525169484612524978825385340879913045354616224888     
     8397849923364535987380077862452341904693472603535478541656910943800253     
     9459686686983067747795190437960875151161076049514144731081893856325330     
     8164379366527781521245759859085718669654941895400587911547572942904118     
     6820618990163572419150508575098076970986900017569075242125950641190992     
     4545820337456973654927076882418455350553681180124753667770739422245574     
     3784965710171963215099987367009194328391043959091754169062224433596791     
     9791605284808783560467042487590393585054336842098022506841104201211469     
     9384071002449963560635389945369395456122646340196589799607490305854257     
     2380004084183556913667905398405911549838342637886392404599374313901490     
     1199379480804999064836167541698546518658779650179630211360849903837934     
     9962236808129386385625412073700402092188946449468284646340394265288861     
     0290290177799001652100941857730649089481233957695263834714331562274387     
     1024058846317980374282758800542098775108923728299849909289852130505102     
     0972695075511387427977512062538455645127257514515703323681898471404160     
     3768504431850439918317195110258638867486486534533953609341096679404441     
     2191455229611748165726453763367720424700111994351876130343023509279850     
     7726395646619810889525694356779358876320765380962910382670526730799629     
     2274537087883680837039309674146208500669559982893861255611564411878982     
     2904344702214824696372614529038440976173214948020891590300606959008443     
     9520455716122570843416480980962758675709084345427558776144630136709403     
     7987928611611223695423888969457226714854687622379435402760537158510710     
     8403386976191909997038752672902956497047650581035265593563692798667472     
     2156184876683505982872833708522032594118297098539694931780000789577660     
     7261810678081215021592071380390636078308852269418220463779462316965454     
     8270761707714221971722729910578523683306756177235398220665419025254205     
     6185314906039928768988308325384871813890620447385468323951572815702835     
     4679826230700480449267473600946948497090820592367031443063968421116633     
     9550911060981061853282512771597113094012779418464018220441844118958354     
     7957896658459671592004196324331124219535696285175989743720057814008154     
     3660359887328464286980329497354704838988246365260370946549554602755001     
     3025538904191157114614605612924449564981009340312303323519064829691465     
     9866021445970395945933278605615516368819416333194130589278487907620387     
     5094089131942934577372780352311821004500495222243909380565193617656826     
     0821336260606265054625989716732287562956653705465092693404301922084086     
     3285999635395423443895856358404625545481775197764352656070809806617530     
     8631811894951189845680696612942109279891225731126149789818208079487609     
     3967827252544357480581315280659207565988289044946379908162555948864164     
     6517065111784606994891066390182859465027184723228107450647789236904668     
     8430965365223264888914066724780741339122998680697969072186295322340612     
     5087312276411871917110949537574472777196037228349093740247757547126913     
     1732811448081978739603220055721311628597339706815171516059237155610691     
     3490811523879311124236746456021009274739219622599061943592988553948558     
     9529957468044516848106703561301317702012766222300920392543461367122137     
     9835741030057759236198954965696172537030107768390172249254017892651700     
     9644430804905616221300594866331076878759456247848192432635208544371494     
     5644706484571682413840582826831038975198956808661428635536895078113958     
     1693265041703935650534996603053492506274352781540385073893650840905353     
     9605895493699376181943109397677406217966383657785609594716053068220940     
     5808385242416972270254567996283011908541661574669346677176912762111503     
     2747533247280945980443646069042564863945326797098508124883345147307525     
     8576825715229150566149104752700823201987382110957372690039911332963887     
     0810356229143483879174970417612530221694915451762567878054667212911624     
     5267814843618972979260914082695715249281475888650621244001522196909247     
     9851810954560926858514363510852830499412401797287930260347808450787395     
     1902521688498238179246030470903044145913445823019695903079640225647474     
     3890311864855398946524069405678885686201827834533310928773434406314162     
     8317317037381049646418067591015065340603179352065846622461288987391246     
     4999639099990718728131879559986577888224468536971570386560155022407914     
     5452566398647677194075963748780499074416254720903541083615237877555520     
     6704625255271000930379956987003817344274877896418228911652002960058381     
     8315401297522230288089903186166520276674435668072063295014675580888017     
     4673506995227362863766339602474120781849839230988023898135423355377909     
     5743092032566126146983558908964577067626804049266964192702838060753449     
     3415649683417866365706768220348406976915940645862785322952376013928559     
     1388371445826857175150491949079863581089330228602092548000988956425992     
     1267246185836501596016923043466062532489161466904846149395661268343890     
     4194502484292128663454555570937518860046651471038634136282788225102281     
     4564605485924475336965707961228527494683851942973656561017579217014124     
     9317462466662277207155143321730298085817608746461189703370614992827639     
     1776635522121437196906983318469891494242228074847080538577848374956569     
     5530945412500519140996021646887052779353016223707018722458431932212895     
     3095670394412724753416106146818161943801681623711198941631296949915058     
     8478501411000305677797248534034558476317050235200197960247373261349108     
     8762968770121437721725131546098075802573426999140539313488372403433647     
     6056866145944389402135836341787330127758864678767996796609450153199315     
     1402615843369146996848625064637733994259898691342234734190418297964112     
     6812673947193850340881883278501866393267770835605409263014458554241356     
     4748496069707608348505077700221571068443402586548485043919532383653250     
     7394097847489533144826975883965049559464907412193363254540966483234222     
     3780673597396448286724824190790708035924085062392935546581012419808758     
     4653850265516983815997665968517311237967473959738060637682262607054771     
     4020778733924772877181107037476935219158232432324791924027094010897504     
     2734241396810099365578366707756916723537103416776322901797762098517171     
     1920184012909813171112216181662058856032005618454291248071556350016093     
     2362765275603706479331195761226508296476902389518020068955257256485049     
     1025488045525038919183907980939077010734296478641493345455829987072175     
     9674713266627291355953058057990740937771397550049203978630045496202918     
     5967025627326428136938284071523216744336066853100377429165246744578784     
     9342296068125529387104471402867078511333307014600046626485830658661890     
     2259539885970970839308730859148113186455066771758303601940978542212106     
     4963326025592668905730542194110447482001428064073839481955502784752344     
     9906434248643786235201720879516242389519171370177644900049660184608506     
     2477135547119304622920727832712781223520625572116113848874940492618279     
     3960122418592891545218113474984788777185695029918930377233484615906623     
     8363395775834012868292478267384646366206910909357310082652569600000000     
     0000000000000000000000000000000000000000000000000000000000000000000000     
     0000000000000000000000000000000000000000000000000000000000000000000000     
     0000000000000000000000000000000000000000000000000000000000000000000000     
     0000000000000000000000000000000000000000000000000000000000000000000000     
     0000000000000000000000000000000000000000000000000000000000000000000000     
     0000000000000000000000000000000000000000000000000000000000000000000000     
     0000000000000000000000000000000000000000000000000000000000000000000000     
     0000000000000000000000000000000000000000000000000000000000000000000000     
     0000000000000000000000000000000000000000000000000000000000000000000000     
     0000000000000000000000000000000000000000000000000000000000000000000000     
     0000000000000000000000000000000000000000000000000000000000000000000000     
     0000000000000000000000000000000000000000000000000000000000000000000000     
     00000000000000000000000
