     6440141352712553827395949260836204801074901411602165724965255728642816     
     6953276805131289947387187202782475296860567134348787462130948687955367     
     5980438751615018089972753412786133313330082463354293027262114786783007     
     7885063065637055568254510940466073113271203364712864567089955018889245     
     4299841580371223464330962698566245398959574781271705941920066241172864     
     2773504290121736695302196888066287066213132679304047217942761246007691     
     4312432393612186478165127943081111786919505416761911552653297806181120     
     4333526001804017790685254959031699438977919107418793378613129509589807     
     6895092503045840862249104370966136592905810196263604595924737521510412     
     1886572605679935782635719958081190896236822599934357858966787951493948     
     0245137697566280873402472616926374918806116464477264109405508697534612     
     8947197326808828970382074081254037641219610686562383495373886790631916     
     8900910980774182030346125698369381211309932769810736009109865647683427     
     8603843545581758557142077166031156218391991144483360420547659866575988     
     8732348663812279141695921945955317825936536724053825002010288025011154     
     7288541417095428808614475421470252022464900409618223718684268174194703     
     4681431864359045467611451438714066054650249956250151612470728026858446     
     9840727286093236121178351149762971991300957415220720086492336027939981     
     2300021088208268627210921162586221270393187589426721581989562685378755     
     2877522999261103918176952712336706005612144412172513262922039547713272     
     6509975616982929896308626387357914342359438719001480410474449902049096     
     8409154592569943581366913807474134206372289116681444391407915883515767     
     8032645026827733761275122462737364736735895876438142316631003991365295     
     5777044646805851242428507712476640405281585241101639903825881030461106     
     0008877320914562965111063868809471395620912615249865974657471921640498     
     3453156590960298977787810107740166181687252473930145956854435982130524     
     8655824937371868951646050874770866363384184075415988238581429776678062     
     7371234777371171286857818662146054328434692085686402879058854391751861     
     6181210363142744006685050280265686515757231438027696313700967251229370     
     9800470979706966362019885209512001148162870330745552910678084742036201     
     7215971665112982271103227639565814761497849924719308133260150673642511     
     6492621900527095709717626401367075196172669600404532101632927101335461     
     4518515656661910503719009583070332398067450211906308895964042023341121     
     8169790737573888017794872018151359940268388045643711549603898610571659     
     8483223793926046423457211530422331207261084229197799951556382085918453     
     7033361351897184610715798546182493602407228222885757426265494774985832     
     6062792586145659163606281371856017957253025615037855214535369925476117     
     5023489747531993543712865680983676412535845123968504139800073627114106     
     0121042196199983893837035470018051746160423109868982320427450009550861     
     6717562871125995920230462479890576798738962522058784795106389064482236     
     0900557058146089715651908934068103335794758314017846606039262441596316     
     7226026549880044337197411691583156946573106322400468873339963693904396     
     7645686349663011051104076305851457885105024182580410390187444537735431     
     4639605489302587552728094994638103223277476309527933964602369997043745     
     2178965213133742457535655560659357238760347506709648581100601615619072     
     9926499894314323474082084718773479439024644942512193952490630677237861     
     2240243897492311928802388089043257977482977305575141417460465921849132     
     6852154599164431896629041645900864220013237667059103463864962710031412     
     3190000051450888560668930111589358875839387586268055660831290057986079     
     7226615077581449253990990133534676765834044769074824849006775503280608     
     5857964435356326459100981722596775522315892789249621730501529388830493     
     7999811845065917811050981264597437159736233112511796782959375181888875     
     4136773867823302947113174874322723981915342340586172854690940983816440     
     2532799949970605162981054744858551870756964575185358325339139895441289     
     1534708885700791445972946628322772509505821243382709250889322851148808     
     5393263540327710482493025890653601172819909654538498573517375727447709     
     2823069247656803287347634700024313777097628858310584666828726514730971     
     7206938881036980717343053592482629663401130590712366392592879422858302     
     9054868796381727301479355170644133432704101240018343051771225548766209     
     0568704776491077874104872315439073762912675277047209147762844371630862     
     6991554525545567174665488558810783775713575576183794666244467740963544     
     3424514986937579951518529605478589278918698669285623846319183775076945     
     1296012151905336637248182905908832114476151851986615135934476470645954     
     9993024552566216942112622051007751130845633192784509909903892750264088     
     0829557463589534512940932303585502530475687710982870807609733170343079     
     7001136241481841049662020286856052898698213528537732256314933235547213     
     7258813918735992802094159832830178896779499076136033220017082321979411     
     7210701906691586382832160299188990099494056290165419849649405375538302     
     6282976555575353086058533839175728762188302277431253078470756715824861     
     6249168855279683714857201562393126857943505640348051734876362511292011     
     5813025096444605016034683411535848370986817847386531631043390019089142     
     6022209480351723331372221687113341635019360921380829771656560905634923     
     1325435809944426563789124424395433056267304153312596086743848903579465     
     9137065321778161294779091412485875324175048139935712680113735707495725     
     1327417596359099369766688059195904900628846446396849997816210574221532     
     5244899888849709989639694467366357671143848923890505779027707929416941     
     6693411507954388896738444568427942883238007113454998276618893726143336     
     2544594246944811039625583626197903963563027164954408395841610089539926     
     0139550780504403523869798871772429041421054140356794046951802478049377     
     5691701489989805782394414336513462617993230743902206612229681642201679     
     2460304145216326333129820154988080409731593270816658046502371506179796     
     2817628984861276195921167048019502278685360085981616713540408487818919     
     1660916134379703372509309017120660166243000272397580800026652408115003     
     4730889779457859699987300881208917828559447713779596611881271310260047     
     6703982380360716087645670300499084808375908297658727404192085695599220     
     3618137216120451510528838521699996124294625703282415076214912986149954     
     4943381384029818077286367172379870410837272540782934606728808604728107     
     2613713593320155148151804236470911617234424166901402798263283122457512     
     3786050750288911643923077226362536092537360424539742722299626726155646     
     3547042265490910974435946215229991038367436974103746124017154528073432     
     6505089415615254334999762996967059884115809855132193480469952696175172     
     5900660769815425587143355589163193669060565996037764044806438892513517     
     7081950797569230631805027222198370133408564522315579369446423148844610     
     0102122086820318662879056380774050997283655433864133955489400992427553     
     5747278737257373390918434794335124811911974038136686537807175313686132     
     4525055545480953022202773565686753577828401921853329325565596788536467     
     4725101103992603028171311033109617961503682544412855139161955097895993     
     6224900697314278119719234113095241307569839756565317575167298376027397     
     0581424753047495537372005418096221537303245102640009132335772448687209     
     8896058845487197056053279976258484893848626044456455748701344342326013     
     9565812332847012313636863411512139753836651771880591260660290211516030     
     3992243775036223577887945844395887825530710723250342781264793382679048     
     9140844448599045780051633221208305656699828643334275938801478829309663     
     3166822292388478133249662797011103278297223953186563035231232592215349     
     0147122835898383013322417798530673768953395392960829721770738216754821     
     9689243815640284947790879456620565332299267031626636723447839620373942     
     1215538752855092777453849113816921742052634273362025263298365135456666     
     8985367641253072819649106716183611036409663892008119321171586057818994     
     2615499286482939607058195529040220212381552217349397318419415559958034     
     4119739544073273745657100697590836322181901062473686906579511931312477     
     5732161614398759418471318089316042451551811140320923910780216625377753     
     2471129500353938791046162107731991073456788278876718946733371899330409     
     5919544130735632780055611230132642171577546504834512489546692037019633     
     7528529940223043632123007305223786305397850783807490378445879823905613     
     9315837445341983418740409817957919630943572814882839030137801338488664     
     5578622547081241554664439654770194341690974692894474163478181371783730     
     4357867975439127784994768731085580697014557459154365112726771308354269     
     6479238448052482536184915692220040615294426676119873978849104245715194     
     7367172680286208440163172583342765514328489815374522227606865624965391     
     4886335678374035015121431496583056796122346568043019577121294352402928     
     5168431912332398983051887598206075866069563724724250448656632185640648     
     8740808011733498812790409167224384897146422575726772668935770363821317     
     6089824231863561954536436976972645194477005767375956061371465522031924     
     5756709536820616558218662040314204335862662473019985171509740106176420     
     3622229409104535060130569478402775632066994759020715377566892836041135     
     7816005691087702043925483534084391399788305391370675505028874035842050     
     9864644144815001544771200175350235781637294443965182082852289803571659     
     3110029007880525049986997495423863785543050925520657977442671810727840     
     7778367119687390553493678954179868496392128991792307649605130187891708     
     5179956732480005105738430493972840268078985572188029601675281052289511     
     0714568613919434022801411785660904124252950597197147979989777398137218     
     3879140750180731494333640571751371389875520471019978644663116040957150     
     7650712363074831990221759799468413461278994490862753584466048567625222     
     0401890129788310648636520135659222382767689906297454472603761189203118     
     5231365921310281138467680001734807846437766529493700507036733459997184     
     6061203936091632211380173346110046011563198356161650144107455676780126     
     9772488348027277817191049646940587074498507967022850148796498213468971     
     8696677298931161230740417176083910192234479119696675641724256397810101     
     5581496050813139673222952484155907793065215751546065422276605894472234     
     3007232641007353935090803363139812118007859297708405217126038082434670     
     3753351536002753974783237629556846580280472315014808387502123550340944     
     0467496703749083370892453683272636551850139503214189269760960200479079     
     5818209560160351355888168183192604417984523232092432968605498358581778     
     3750803502263498922857152118102379136751827275773115305088451311575911     
     9652158124447641448050593169462177282937770934819226835967345021180105     
     2890476198531826615652702307513193473646591769330382975359992733687798     
     3713771624195583966223523526572588273402672285065163463038774805756561     
     5318035039060558588257323342600499634841185274494134508180459135431799     
     0843753960698323085951971918121452661032176635424579052147182915797353     
     5914538789082729783454468334802095031761739920003820136827763302834244     
     3550067212736560394026992265076009499345973784500698872330754211027215     
     8642274247414806537269480258267407078385404274122994556888766787778414     
     9102282824244638912882898492273250683511523683039303414104278775017921     
     8650367288111059340224284369453594100375881465419471759598514882963387     
     8500989435354864209003867913869601063421557822572651318046957434419837     
     8397701172216380087648066000544688932606864213870958299763274834389804     
     4760322996549298041955932701541306320900620185093018432536559954568011     
     1135368728231966535420915933806715229862662306357422661058445502161724     
     5959953712479390450607109250900094049486772597516848613243680054927781     
     3824243438604978110753137959703715924987492588330956983239813326840730     
     6655472625769303463074778223644062492511372344637121083161226520169471     
     8172074425054945227621657918370535769272050493643490423951833823541157     
     0211304779746297558017136666736443275746619554092476408021502055692117     
     6850422318760695958238553209282806702401159064809846934365490520850633     
     5731089062080242662026894474512058216047802743742725781359680380214373     
     8278966929529930300316375092399488228812647217710351332764179155875957     
     6844796040537226488151991373888781981559185669266400983826985311769522     
     9447891054304560948030346242684341686101253522667487809231639867877666     
     4977132150561520242651526120322647133012164615919202062917468861435195     
     5434727807719529169754233002708740297519684445689392877802883815245666     
     5699830132285094297564299835774285095872508490558738167077715422560547     
     8888258357648758369226479276328798122105272925763916330870540474131348     
     1254223866093336763435735839748539806743892839518755995122403500223386     
     4860858614503767261806524699634738099307438903803579570910224899265805     
     8751347617453770433408551239202530448421594685218976028188278770197440     
     9587094570707216734875813886884144722652653833316391702691919634932360     
     3300032905211802331117027510679568768845364920454229305141005089324594     
     2001456291487940034998952999916912986432702562030056123681748771967067     
     3171473719159964430177704851719508051249658712302738361928171967690162     
     6693489445173257320079169471470413936303531537174439215873248424452822     
     7299670405586880976908091503816456003446646718903243378713096948909723     
     1194274692145415230035436556354069857456621246267436558471809239572596     
     4560191786340023173117302955540474936934543786536412013658168300935122     
     8623417973321246495722441260237121313586720445078375889490652443639658     
     1534931068233524737042389533177761815077619971004484099356930918379448     
     7861522755820134598559201227775563498980960553911018471200378853667658     
     0258416296588121510378572557164277662896837055713368337734550977887692     
     2716878179409013846927797617718461148400470771970202056892412302551084     
     4245643746895436189253869019105043078430578080530726413839127211868886     
     6792139036070607671457745073806306476870784819484296697333140865660786     
     6955354362352852879840372491904076466112753245890672439279915201759852     
     8448560652690805245935544185612117330833861972399667411149430485436367     
     3571126628970568895650104486838833546367715660652508050398332072940740     
     4901406260437457376570495975823456109089000581742236154081779381942030     
     5834447104340906908826210685521757679412612485691908378897360346038550     
     4987456334395725899190720331917547128489302375779437265458634307671015     
     7372136521129231901056131144583864617635664599835691629165615441589507     
     8083229420960989844438071638648646313089859380160067282933828273300631     
     3160349759975445179072232186791663794642904465983069914328031745252775     
     1262265526711843910487043374582062926621570613761942239773483456437330     
     8472607483505651990821049914043132314761154967513693392906413607807075     
     1866410763534030027715691273031427338174381769210133618779113868538191     
     9308780561948207045354737727202938006722056674036426617605993460128039     
     6125290196401000196536787648789057308098885519380953847492721305942464     
     1690822592543094452923277705296255855362230709249324490999826937711761     
     3805108199169322348516285824606601504264545414011224595205479219012383     
     2938305172976928560181178966942921267977140864357598292430502129803993     
     7507036533871708728098723583030151121699063286821233953594819461286898     
     5275489597923562374506147136863510544646679474999706367320754559026647     
     0126178265213584320468334019915583064686673641275839798085582405347383     
     2069275132594080816788023647345782384569155324186848448014508945351180     
     5584729677792721354830455419276162486795327362459161761388521113646145     
     7576222029426669287774478506887652952361476197247688043549229588098240     
     9371581230252180438495300909214250781626685135776237469081909054218840     
     5193755382428651210308298243411742262378123116996126173670409945998057     
     0866900675741322063215822502652101165163938041208201949626235456076020     
     3763851722166715346288498893538180908903473214689482315813925776279777     
     3854682434035346068043321019994370933134383368861696963782467046633077     
     6668951680446041781990398165910969285592035155698370620180593014735847     
     5717538308940305980391200161530320094091899487163101990122424335344083     
     8853315634899738212188265573488780735418715189429593791176905356193099     
     3050719391323147728841986009775789714043089626287653236169844563753333     
     0675818151651707668708611827719236513768831565978770781981368431752554     
     2539104294658033314263018514466209253542725533973759822621936760845250     
     6849554317374626817596385630472238318727548574528655249403803125676205     
     4118235457638621894858079721444260632500020433510629291718562752514409     
     0049475661579972580857398028906479042662394029636547420420783302960728     
     1014223905066697967385930375328277583674407157966412148981472997168840     
     2142722855025944022371172205374381513976852077091964782589584047844331     
     2868419754626588428420417938948282488302150766136964859932022295345702     
     7359097883589256030685495036365414168927218585555895246550429987784280     
     5346129734827259449336468086647327821324005904406640668331689227422115     
     8908731673888327198243310625095477742969308602182695706032149462988772     
     3787220538816207302270606001735424948596759260331021789534065048496535     
     4542028661378672664843503009318621485879010356501835900019933131848361     
     1130102261789473507554072144589740047068206401586526291039995524995596     
     6041218365762065491429912521801786841320855797970988874644369803415366     
     6868610003871273164024360985636137029355507051077508867079030926555469     
     7010559170489247066710463688358735627667641379352670325888970117302226     
     3547459652310287370402934795444149948006548904304676447514826138689686     
     4873125268747646237675970099251237597068783713224358460165202682244875     
     3574174637021090036896236222859928190918206257696218779359018491285076     
     2797411556842697137820475713988646203151535641352946803200422451368413     
     0661640281597209785440361393997397576743949181695276052685255092538040     
     8703404454480671092672374270913469819720811233410766694156050883164438     
     5942129188652614466152734651079728411384781416437441808174490159003557     
     5888797243897036874096911793834399141745943291956392827988796696231686     
     7747775297429280987731961218954306943224415845921357655721657379378783     
     0491435840170662616360839624453324610350241083085577475324785997145517     
     8467224078927265737190579309895127915457890849610573879309338288891521     
     8794708607496042020803407802977329360027725614972788916506473054629899     
     2079055896224844886240008827766630585749398107899056104864052508452714     
     4325875855852890690902767703132318682884128468636642446714424179620373     
     2716203492049770588047433613023154258937456267804612087395766734613619     
     4608181219280849478599020558231187829942534728682701617619154971366365     
     7088275818659113882858369677667088816761541990569260464327003726909064     
     5174142821381205128633125152144333658055098884557419426472369014957436     
     9704947952057425515543983985691626441495224908572354749364230290039365     
     8348861340141807867042999821661327324996607819752114516593731183482081     
     9974273574155133428058258686358273641749769869416787435021331912674988     
     0760417540275184634111179454622770199162258384796740574132604711681810     
     9721565217573128834915882259087818384790552936093338614037847184269427     
     6938228822333985430878433234239261020028388872358197838532379661106568     
     2358121267200000000000000000000000000000000000000000000000000000000000     
     0000000000000000000000000000000000000000000000000000000000000000000000     
     0000000000000000000000000000000000000000000000000000000000000000000000     
     0000000000000000000000000000000000000000000000000000000000000000000000     
     0000000000000000000000000000000000000000000000000000000000000000000000     
     0000000000000000000000000000000000000000000000000000000000000000000000     
     0000000000000000000000000000000000000000000000000000000000000000000000     
     0000000000000000000000000000000000000000000000000000000000000000000000     
     0000000000000000000000000000000000000000000000000000000000000000000000     
     0000000000000000000000000000000000000000000000000000000000000000000000     
     0000000000000000000000000000000000000000000000000000000000000000000000     
     0000000000000000000000000000000000000000000000000000000000000000000000     
     0000000000000000000000000000000000000000000000000000000000000000000000     
     0000000000000000000000000000000000000000000000000000000000000000000000     
     0000000000000000000000000000000000000000000000000000000000000000000000     
     0000000000000000000000000000000000000000000000000000000000000000000000     
     0000000000000000000000000000000000000000000000000000000000000000000000     
     0000000000000000000000000000000000000000000000000000000000000000000000     
     0000000000000000000000000000000000000000000000000000000000000000000000     
     0000000000000000000000000000000000000000000000000000000000000000000000     
     0000000000000000000000000000000000000000000000000000000000000000000000     
     000000000000000000000000000
