     1296958047501064105396061618774582385821220428648744744910498114431105     
     8062824314282582857089405304151939968562937569263800880691200013195693     
     8686971409188014353872668489032748671145961944776797172941640152298339     
     6970723677215685309100783865555767985627222611346430148753603405473484     
     7722505259496055879962914522982693481715077627454698078831606539759482     
     6048419021094218943325093681792962718073377191407276372629490365826526     
     2189747241168199112183022855703474481405807593326643321194199725679512     
     6314244081584473946538814968946157240872220250976118120623569606129236     
     3513179057082144689106999182999170486084819405953920271122022285538981     
     5201923393159001476430743070717735927492529460648881291133565242025088     
     8001696120506953378516807223887788826007724270362614225080286003568673     
     8563003816444765509373779138562808549407878345059089855218324979409045     
     9635460986857644376456498637233630858946556134086707199004174327017640     
     1655494203944286165390816455814288033048658345083793609939370322557703     
     7737352788190680766089342765280658447101315318148825662372871300826221     
     5956844848940804419767006379790501869307393577893751435595227915949765     
     4898361706909513096019039880119301131584313786814426443260220582475823     
     0374474553788225003681508206651024952532861801277712952665764057869528     
     3493915630019533957798464853207303470904871163328529422442937935045691     
     9056497331699101504276051070455351137215445844201960750598855452535279     
     9335819838249848059796983073054322941945869208974994868153443253215806     
     1415699041734817042665819663061663557650304017306785874348552883682068     
     9566768051934182130522248538123631151688821785319103934546416047889142     
     8740841639273587287031818524613544100604984520046692895703114121565531     
     6187818320811144308461529518023292893521517130088103033686276635083863     
     8886172062151977536497006959843628837159122376575923320610588599738919     
     1974024431707553092860330331695627370792135571839939910680643687484731     
     2947335241435033648646018146697925259260302170677258559175949594806485     
     4957605925769041094203532159754938402898874557838578397407082586092613     
     9240919898673994082539477660534909846418420295959983713598763014274993     
     1212507227341995081835983902619825293559624531226478045798864974032969     
     6259277104765577811340468020631097327247304707446433387547738845479492     
     7054165303968406803203378362258887561037370670206995687511149039963219     
     5049215298137552854655468057562481180965681896975179427232496889382207     
     3770933988959379064703138633552111010826477531454235888185807801892918     
     7700888989109669982710651106789920179424897083817318666995927191561380     
     3392330617571534165980510212421802792846711839951802373236678712795414     
     8692242728930725699046160610539116266744496809110016057966064832279118     
     7539041196006727943273027838072884748602704509756644492819141925698298     
     8212459364195227210607344537444112298527720376360027459375925769719653     
     4263817148835420480432349188365275579288936009301157045925815675256888     
     9986296966815473894213219776215929266003294935986780336008206105827964     
     4560022582913849097103491538239673427596387966948183086682559367751363     
     6344936854329238685186945341793799968722646330940631590931028060348058     
     7142867237804352542549368440123163807135445485236713573699437060539773     
     0014676072681771270765382026903885638520386367689278386433425117058165     
     8040338608769108170661936465453934593221882732308226719147115461903637     
     2033463236345701517329892773410129905512520411468323579578142479926311     
     9145154641774947026270594825896266820998843536051572401774158989033419     
     0973864286481939582845730124044021655139222051716340760234493235473964     
     1824835298984335950077670752145047563641568520213286028663144952462453     
     5244360349284386486066118389307788275490975828215272109945896344210535     
     3766113045545292711320650463913479826951794040209282676149685321991563     
     8919728522401758695222018717888712434903371065487737994616835070498921     
     8617371080992378320137083975453214977203898712830286690440100737842923     
     9518467749941108774204660588454223264141505008943021565995636243114849     
     7517276879877532793608770456633319214369963868577385553739469352743162     
     9831111273918737992214427050638001981251030023643187050873149043914839     
     7976104815449409515007142790175060646625899678498140718607442390587789     
     7132219767359271186780394356929256393817367410734270386291403852917571     
     0809451505785600964316947491763869387239752948751336893526766427810531     
     0590032033939539759234830518903593154483899602451457296254670863579693     
     6375174874179103086429034238241590149851798252034062807957524341120322     
     8375147952342837624284045428496022274090367849931601252920707700883100     
     2636920992980740476399859121267319693704010220389034474443360602544120     
     8990439725579485420242521524165938453320329076102745063354650751217498     
     8097909985651100021390939341468562303673674787832159140565863096907902     
     8736655651483127231700488958967700934159736645091057435885496669890147     
     0199618495429255146635835305257848178873961322494938535812435503140465     
     3478625581581755123511212666105394347449734367214519728112096928462728     
     8583203872401337374360103197281597304527386191446628069363375946674517     
     3450230641605750368478330617641354524318799071163611423294351160107624     
     7888418169217515424212889285801217998976107273529612962183134207661767     
     7213658919813056188680880800305570268040860188648028756875264032268080     
     2491413729212694204440655829389417279749386573042740921557610107188185     
     4456911350537110995456571399700682130102623709522712138256601993240654     
     2866302829830163930279442762545473777477444391697206894343577105107526     
     8317224073529054509794182779838619642300939219382207866263470478694146     
     5760694965591567878183153733471375852329820489658559332807444726823609     
     8643508450933414510481087678812398175622091447987807427634686799417656     
     1747741830847419341181923433309925491927395519922790212859821657909703     
     4156480425314371701836674272982247888776995414602462283211812673030026     
     0255388901070701204692147876957735928414218359886990768416403621672772     
     7088940969001312948338944576768019217243726953926420850284853333015328     
     8812730618748905760842840196968497435930081375124879989445542615168898     
     0215652839297944634877544237140784843641858831946221208655606964088597     
     3587783247846274892562147022902233041750057202472126311341682066952538     
     5707702218817871666405783073894845502528415560156198357528320099018725     
     5814138803072876236858794445508599664363105161854738831844456068977318     
     7392405393269375011168304082124906666232113582271028306205636629063100     
     8082485962444322608214385710026640556187912407508051935514468088366106     
     2131623343316673687027610992076977037865082251423683048648177122387144     
     8798986104263714799583396168219952082876160250711797971353162656670317     
     4657799135163906409600566507154196007260014156953606991217382945267537     
     4274800826612349074959841552990746570825690331504014839733946713122514     
     8886584595755239876686568792885225614629047953879009556152808668878315     
     0738197077082414332947890910013858083463253913104747966401358758077990     
     7137568576439765033335506475633017374980280133249631575845776805404807     
     3314455525723216216648158942467724835437125331510128439791197626961488     
     5190926256180532482905914827348193975870033060971838924136350250654539     
     5759199118107028040711003099057540566621308514555541161079799942054180     
     6453111933380602674146104272905810055552459077076775751939531222571211     
     4902317826449783428904253259085909545935968315504505780815069659762011     
     9326253155142002753979242299637979591303592036883031040414317418616057     
     3542267040322370943382447988891969725779641360520771851569540812827906     
     8362153498354025963656057623635003031817165804369421813545160473764577     
     9954124016737052943285669314794621104735558041648794023781509252696170     
     7747026387672709830005734292491145855599946946889978055959224264560888     
     7151427415698107205307808934391389128665939458448351687171497559717994     
     0411479900661705044746502888087829701344618808366821896637708510096678     
     3530394449189117801517119705356256178692851240549456529889639559211164     
     6578109720680566323125240473404122222979098025907330421937186366371407     
     0277602389377485340301902189490064449380355086298188550645010329971300     
     4975771786003788810588536218440089057089596740787878785495374999420937     
     8379152361920565892159550553996111647547051949826686404253556238608045     
     9397674824807893129573857656359747478860774489112506131372252418572381     
     8437572663055958957098633256910059650205222563193884936008901560807764     
     5648546805868759127585014727453897379821430575843451447695557220720432     
     1650157003706761793980674623350977917532707891978633973048144563629478     
     1366610128616156671727408658338799927126656692865050734942149795876573     
     3169034207904799467675618846300416695957373552861616573240624783242995     
     9137409453483323077959495941070025935861335967856764281146420646739898     
     2472105297908878311698537802963397026849979808367717090080726291921527     
     7923284048338497279346161718213973641875639914198582858196054117949838     
     5935300368369176784623690602409962571235365689331921810203700283123155     
     5409926291123916952219026078413614785731314590400698845399587064483568     
     7260694494487988578914946576882723932918586646591557586654849636640556     
     9840231975806277935485074541232787533396374915999397353569764914062326     
     0045093308106140337249866972197402330400350282787707357753981659680525     
     4549868654148812362574197091324295181253774655689424270226258847469837     
     3254054872891379366042110821770956365655721861971537943898861753510483     
     4707416135485543564066781639783979889485410373353035057782682179054229     
     5158303839501523510363026399788273704724659902077260086220123613803970     
     5568526049257782611134814491280084074565497411016710675995797389237483     
     3320127909056689227513173870127031378003068985448412198617372062547623     
     9672645829928845931913429601145171466798965784684464371249028470641903     
     4959705003076331333801813569835630078780086877370335182204586314090535     
     2344302022632965645157691034136536211882160732844869132154762603215131     
     4875626370153444718381047818682638859155551508365447168204252298329844     
     9486643200000000000000000000000000000000000000000000000000000000000000     
     0000000000000000000000000000000000000000000000000000000000000000000000     
     0000000000000000000000000000000000000000000000000000000000000000000000     
     0000000000000000000000000000000000000000000000000000000000000000000000     
     0000000000000000000000000000000000000000000000000000000000000000000000     
     0000000000000000000000000000000000000000000000000000000000000000000000     
     0000000000000000000000000000000000000000000000000000000000000000000000     
     0000000000000000000000000000000000000000000000000000000000000000000000     
     0000000000000000000000000000000000000000000000000000000000000000000000     
     0000000000000000000000000000000000000000000000000000000000000000000000     
     0000000000000000000000000000000000000000000000000000000000000000000000     
     0000000000000000000000000000000000000000000000000000000000000000000000     
     00000000000000000000
