     1452188018723594360607643436115296071934291787501448036889255204596858     
     1300364637776454697567988616118969273557863505104099688165243486658785     
     6475110331610637589488037260993335573568148772947459053050144950793835     
     9954766282311230099152523172656848640811896623153893189159366787483713     
     2038180408780720400654620162717560106460838807418213142507664121121761     
     0862124693901806274587766415693938414857109220529770464797259813850678     
     8337591845799681445081623178735274966662341802499428129982099337801064     
     1918019086518410762407023602070507255814384829299646947443840809627405     
     3011639267616603357671678986073981684618013606128634239211732518294921     
     3761775777739720486204699178139532064124536988459185252583643453662250     
     9849721733674827842899565421270485810972767945895418603993891627176489     
     1422701687221940110009064727657262077339645998200739581965512566884756     
     6971684782554380714432968087423988692440047368847549640270382198169695     
     6264486294810875646220286593014654271069792277521247290562258642954641     
     4519270150070497718907138848819959370944382773405020173657009349433661     
     6309482375279060985333619524735615131957034901814487873500220667282422     
     0256827977882444990227534085458274347045535340292599036396229580331094     
     6071921708645167634521358849475823224584604305851538806707648225438655     
     0563824023546304863322452862720356504456434848067193799330430085395061     
     8075534406235058762461282142773788760220776796314141326644511659514550     
     0628161813102966941659907930711637039196110735471167478943447362147792     
     7142279000300856054723657632805333675885113348677532979820530526524680     
     9007196884395682427890236334723930971837050939493899835424896741607087     
     4818802843359312212500415522311696901970414771730533428141679788037692     
     4688775360034185107920515008923553000301620322185189027324663267556753     
     8408039978551113886818067300895479270677230353373147717513268902883641     
     3047248606083886463904291639365979459207372558294173290426849536552253     
     1775615794203475002606899075223845544332328428536862445649370464754227     
     9127265255080998858319253002462887592343834284300923342771219752821230     
     2285977789248199756195405792102684657658326232647397408280243939773945     
     6987803511525716658471103671987911779127480623623657939963918566851234     
     0979913955891741657567380523882556289901999228134087445473952376148905     
     2501462323246061094459022693288955048620144913720812122406044621656661     
     5048034829970363906143764333596659345196022614310368773148176406502813     
     7559529818974403524179368386603844722939798821312418224077033545085216     
     0149298375387554651811947219716065903429536582682972639845685075768186     
     4588094400561709974238532569664096356838979939726321124918695260560098     
     1794631241633217398870593370409651719691386403098773262202077668674700     
     9872561292348349220085250300025201824949370856483746246160290243516027     
     5115031516732465762869130133352392326258168870869462196728646819025760     
     5746685494306934088596015302371693740795600539421665657590138657213190     
     2917336932905009444647701227009352898483904166007880503349469886706099     
     4396017029118042765685057587966696617118856695974619869412505157131559     
     0106890927592008723267083070945834840536635402440943804275866637312839     
     0160069920112476663900389192147351980961901734757092840072605812305374     
     1098080624836256408792884443403366218087225673316996018453138038365742     
     4642909541870953975358850503338835255705995027776864712003269573868848     
     7084710653254332060413016978815506993123865649315935804838680682839943     
     5499017016782458244719745179972851246708611204212301990996290801658089     
     1134744947226546976252611895673945940207563559407280984076239256438341     
     2477507778276276922548130401890072716058613484496576399445585189428209     
     7409837041582036153123981638374977403701650706791559148372075274303255     
     3105677527523072980801278505066090482311936643461772862296168762527135     
     1681304784108876025165147917224136403107712529863884635231701067545158     
     3572550700954786143607293801327527556375614314124673955682421153136381     
     3610743871061398666701465176793257521015560789925838303832277303025034     
     9919729224824450069343285992986239278155250558990477118724801960627710     
     1243071620374964693158544471276804030635744213208597907389078362365278     
     5217303022015153278228256453805890843957351073993422411309432265368805     
     2799386392576188852545051222736680102178862565353193934051281776103921     
     5653741937971027047657895742387268446099727279954905488007073596216664     
     6561203760766250396363441842571459028095370038562007823866262348652392     
     2986375045332186668042414107678295052297560684305050670413191618149362     
     4439705148263428351467939047130912603122510422603904079251517193693831     
     9392372478752645830728261148159874567164366979604576465540138508756152     
     2245087179998739537813157476286473146609810958026252191993279064174094     
     2598111440162573538001314193303909541681525747822483331188683579060078     
     3596105114989813580314037360738148082594186895079306091126555853507124     
     9939336417670396137885550846981153722873794258749043437404725351410375     
     5058245016716746359384168049284035813069130800524805317162541367267555     
     5224923049346029068055060205807757517888814908851372631702169302627484     
     9370283969379110250605018189872155011465676248819377702049094771695664     
     9018612503752416673677269121514959448583615038767285234791158444087973     
     7174334551509578624286870817624268083302891610987461883898813403448718     
     2277649865902660648754804649837945424901453075542217581155364669041410     
     6696248118402720462303038977823743475650184215507196702414837152357040     
     4636149099489284428818755871925831953802100424700582606547296863408804     
     4961448563619707327514890341440453826432028922770550330952833348028473     
     6077557022989385566124371865713495204617348069896586575976377037797591     
     8366328107007098980898238753666361423964907101878209050346756326870488     
     3034268606111894194332032572376614864912473314202851580325579380646413     
     2903992375662985021168516980576004146448796897581969526197270139581051     
     7005679673780182813285601914667735833551288571664391739043034468135133     
     4283114384289275347791687192677407829774237115347755902446443390621433     
     3794116923120868719019492646099063323491914699975070459785215473807450     
     5809415717307654457501628267310617097863020946911818318921063380992216     
     2067083600345346767538700588602435793575647871823692008693711974796700     
     3630182472298608618015442226990358017274036139232582093121556298390295     
     6373822988942564116392040986434954948759926278467978548851754537779021     
     3028436765505361101170983784303755844284073520342633112645551157122371     
     5334857856139211732823342663689236904643237137468254457580964151650547     
     8647752109447432500096415673742468492852920055598715228146478205232008     
     0745985977194401052464823805303377862463739262076530203561905375655648     
     0402463753394912264590182549911112731201491930459744943167844257703986     
     5953593205943481221776935180586603173832843236098701744206781757424483     
     9318053723584175887682645307682098183929867035873565922568563047430797     
     4020938960344430345502335090516944579129411403490747527585082713651549     
     8498062443835797740077807673936253691027935679108147360920943274512310     
     5442005141010858438534424230308606237911171733159603917284246482037224     
     3151039551012833314329297363741470295432036401086992364131865186697346     
     8548357721835724229847340676738285855435593201829984465349927749983997     
     5476297058304470773960929536387251845330177262298169242368951639162854     
     5770649753324686297936517361610603543659366849564114489375684312028399     
     0300463882312191560706774007311793610980057037418865770236477293973789     
     5799770151348667371370684814690678664226942539084120170047408812435938     
     9621744721048609946047752876869123227248276724273298990422347227564132     
     7728070286583979350025440326296932748679379489170479941823072765058303     
     9866626057196890751589276933132633096116743029080311008451474959387737     
     6742084829514806442203697140938478293802135406189721277167557054880760     
     0951510627723251710036149492458207357577784028733880868886709641246591     
     1256049235890617483683085554460048037491536440350954272134494262494795     
     0604771522990116648546747335636184530276438889481673039029495855299356     
     4978986238815962069829218838503536757910976591983841516953316838723946     
     4606665173318605257707085539623077033003240489798183934587065482529711     
     6187821834463448760965685423856571713464849172445648799942270900587431     
     5745368999179373186533930185944125415783303968618097467480134445139667     
     9339101015879631475286423432386281069299139145889591366481240783558076     
     9224382322200444950273033562455696537508074876344807844026190969373486     
     5533211111880031185671356667630264148122034748212071925655337776914098     
     7544437022743548574785248524867350025616112592550084996182756144671444     
     9541521478730498273337892008991923635622801115334461063855428597588554     
     1638420655844560874238164786575532758788674818608200134779865013371328     
     5558269200933215444962127075711674599424066325931644770707516220734423     
     8682310981788129760240543696056773330504619070716973252526175903873392     
     5010948233336648301617451021533963000081925677054000287120295082668997     
     1791560487221006951031526631069357116687578824977467552092646650239109     
     8329876131929924262291410479614112576833783158598840084723040206668001     
     8943525081934476155600582911305667984117870573040416768569423066080347     
     1404332902628731677981195251694481804850695755574416458903391878014888     
     7927538829083365079222094601964275747996672955175485968933258950388856     
     9058267174245469672112354024120641273536812415619143706872104631635206     
     7276095619709355844403850524740800702493334051292506445999650812115560     
     6870502532047178878286751980622915173126157370639992129352862347313386     
     7587643985044490942816012383261068619191415834770137804844236003662315     
     7539218900680073039674099584996321672399475357559213941408298060430522     
     3326200442441033207273216428917634906814001793438489122174806902921556     
     2248194891150087322682950501878742242643086939445299054765560780928813     
     1589971326276892915757354252193742810442733151984517100204369838010221     
     0089922868910144159135767420539507899924740462550439510554330416683699     
     1785985736184223655257969627699005681134152890971777372316489269344272     
     4166955505228428633950916113029165531683994512407155223721953122777137     
     1879506358136449194858008556961393177445822433546702028206377750312359     
     1724393019975559980384813910683829852048658475142272506319517931614346     
     2693053591856486521320425396545851821897348027721288433901674254791797     
     1098680902726291249960157275166525909360268170092438219931966420226619     
     1794379901732163592409720011328257685953591915676638377261103545582838     
     1813198538925717301487824518920643733056478468519137811140106746470863     
     5477686571022177042988089004717121697153946368125249449471572152544403     
     0358263967025665486368596763464736551016496291555078591661254833906324     
     3598807799926583338483352101182810741802961578202202112677056987024279     
     1721605104115866043109067688145430782153263446955473001695810446062929     
     2907943798037652932775302587805782602684061988702154603951348664441442     
     5106300564313097128456366536194004292030930869866232267909345102204099     
     5997492009519189339911551306145758838261349635200065558622298205783198     
     0440920750035598955788662894059092955725144611893842801888772922769808     
     8420684875224220054377436219733384737286488604022670182589189672502845     
     1418680134179275716811912354052207629437513541386002552941514744425506     
     7392033812178044351921874965669745663004694969966480649238079921101132     
     5469751936776365736509534631886848000000000000000000000000000000000000     
     0000000000000000000000000000000000000000000000000000000000000000000000     
     0000000000000000000000000000000000000000000000000000000000000000000000     
     0000000000000000000000000000000000000000000000000000000000000000000000     
     0000000000000000000000000000000000000000000000000000000000000000000000     
     0000000000000000000000000000000000000000000000000000000000000000000000     
     0000000000000000000000000000000000000000000000000000000000000000000000     
     0000000000000000000000000000000000000000000000000000000000000000000000     
     0000000000000000000000000000000000000000000000000000000000000000000000     
     0000000000000000000000000000000000000000000000000000000000000000000000     
     0000000000000000000000000000000000000000000000000000000000000000000000     
     0000000000000000000000000000000000000000000000000000000000000000000000     
     0000000000000000000000000000000000000000000000000000000000000000000000     
     0000000000000000000000000000000000000000000000000000000000000000000000     
     000000000
