     3382901404428256425456491198832474583086556905633132529879827432851666     
     2690855005036748842422821550515870148167583624153570197615665786145438     
     0796744663674799803868354929506809951986211178565728183373885952881783     
     9341245709704212691903959593674659081749340885623061555422407818637437     
     7178128793031755003334054263765988525885155272546172037037839034900617     
     8256359434715272904194402362436032284155902087332901888226533853896408     
     7136646581227063982859619184260064814614933977406012144142400884504045     
     1905572018446143318584470942498674874339673874012734583065359431826233     
     1085912114922728539070710757942682328694940604918326579201096568543572     
     3725475788702788102086311911381414235556840508580588565314994054302426     
     0858407110903809289887507706117317544953391782996038185145174690915302     
     9351543269294955741959095596096502529798165319959920418307818072282656     
     6363799122931411493750438745640197708731617641122460440763353530445124     
     0806616387177171853316807943350101290851494926504606801887203260961583     
     6073465288628880053541854794653514800593279574334503776732849951367978     
     0832472391284588866372363289014091786140852841592396100838442829140139     
     2180032989404496695056378277184920584417918813226823875314594010907762     
     1021365773738475864280070187640296406697461435594068006221627848586551     
     6467432149464146078001738910507324013684463930348630257433876787028561     
     1618972109990344244072918472000548864876047294402973934685597030045951     
     8742172787721616901070744412695879829178831372040351486459108155942804     
     7288606011367210516553473164364500000972047130405939858246459483781590     
     2773074336832908986503463103746284961395335538810724108624887763720196     
     4634573119624241373353414483468788752724270391654426838449363435101164     
     2057067247648124846520028033749651836392604010907621481147262823394886     
     7652010908367976505225925120283957958136888865075591916598960645371714     
     9481405043080285875599952652999256931275664565704218657231162080366523     
     7782727570229043365256880017953902761426748086902355745013558444947953     
     3136121767281237176777684816357946684031335025252731230720003322569809     
     5637536627843143045068033949403014084043231498138424119131519906335032     
     3585560244511821711991454132520262471735826873113141414984803588814553     
     6272213191280853222197208748050140460027755278329163901601541266500949     
     8055356507138743756975078496399828641765079462310516084902977866958274     
     2916651716510352420955299076737056907596939868068901081141116650826277     
     0978762293886185208587830797670818679768148505939801765531404181703729     
     9974091942389030007960530352853791872438953574978796881365066937939143     
     8424777632360634398291990189523657977031834726327178318825421890163573     
     1770878604688273247132436395332159987332022707289811691045544738690990     
     6828985247565369085595574213168839746672257189438655228770525006173328     
     5599877622744170443427143123946096102183087355139028713528250694285539     
     2573085006970721393796952006731418171847924635898061075792172169622896     
     1299750063334563440957468162099945269080787526929350679335647589214946     
     5784070400732474030533734355315675150461514790284340988089513901808140     
     8553793528923084230392363250264889616915499708299236431020970855598077     
     8964467352866948506265063246429871167245052399136048850607086813382426     
     1264527909737867314519402715629731004578545394405680632769159356620142     
     6130897294821843452949523006849591469109573756670034744511269575215841     
     1888063759310737729324535351789652632061156159021043477829813377327889     
     1994466374823749185494474783435580483127604407937722522172621070707604     
     1230087953438008291004671018241133734188511297398612684769315596152197     
     1324361079566359387175751031719474159610851937600333997095018314112397     
     2062030739210169121251581544507334679123784881474957157630327851811476     
     5861711463857670164118623107173157165716358912297964127426630963098048     
     4954253515151791490846762787361119613842802820679266235133595072374246     
     2812903473690865320874568300404274689618804621853929842912903409609409     
     6291164188781083683425937667787349244605429334465410633884560262299358     
     5194105572260855866018831058363162079111252142686322221802802757449678     
     8004286609744867405131153825981062844497297004191604824752305490939127     
     6475944290329043713222528322627101514775803370023417071937339812911247     
     6963363685637519971242300735146182599010890872619736290688887783025087     
     8364764226206417633828799272341091954064551700661939149244953999490225     
     2099750591126336916276848908083403849352488004941581213336393642015079     
     8811272605028288347626777632820235288615343917830037980274599347184223     
     8287592983740434258101405743257143438808923391725417909830623631112101     
     3533663219754668562563669140244737637349093010940302173727476770336509     
     1248741327210883466779925685260377712372765400852354854270817220076839     
     4619438147039244815283925760375381073985278059325081413692086193693925     
     2319382421149967925355485294831778809845647906281869679239079483239018     
     4587390924643813086332711674909152206775307709252627826345323679457036     
     7307942968702187330898043435885912959251384281940689215012909314099240     
     9064840227902297706522442158123782257790841463347563275817234758501364     
     7254931833959622501965273101410493472251201476812734966588504939781314     
     1326891175615242829228935207634264741346838088287112047679856100296239     
     2357687565001231532893180912090479197474238419792683362699810437905488     
     4981294989532949912424425125310004758466479148295191571328877696751740     
     8157080934746032994892150875514246410196736300635963502453476151374677     
     2941747882951073757850430127711769406045070847117634864941627886774867     
     9397479797655912243799553290178491147880083345115827770901954510044772     
     4314963978781698518885220933663507077386975285582740728248953399719636     
     8831026637209961313949748030754692256908642416733640670354023878751439     
     7352646257846870016284080990163751926212170428700752628936983723836175     
     2824954869991049486366562933418296817130392111440241832291518090414968     
     5940683342490633218205727317438618293450935578874025148187948752421592     
     6358452815005198060488776776241831738358818491668937902384743004708830     
     5165313383974703070801519097269617172957823722258107145913043188116316     
     8210751045236256876017616564180518803615112934828781248060239460978742     
     5678473700716446144152951279251834009940701114482965692562950392714335     
     4843552041681841154411552676189523945613602082140100234824308422487550     
     2281408214469184678460892262352745295645885386908499477679412546428043     
     3822304433214610187294402072452971032320860350169150871173610759697304     
     2052990995617172958784299901612864823006763770966406870864280321465552     
     1357145564573882939003948537124247138408267869442869994925613826844863     
     1712601144598852062255091028162362428731494010460885831847694518643491     
     2979693181995560228629113374033521294974914142669763707433293804198380     
     7833698994566889231717129792049173095145362086936610052095512853439036     
     4849704021407310147354008430749302437621344336969062881027562377059478     
     9666873123129300101281972011085311945082532963229280069947282254046456     
     8786486041454596943792026977675302314160642382818359206033888340797274     
     6892588984917866885350834148230719101720281488397091894344316158130426     
     2485291006967714484596026309947340402901371405785395876834974338940062     
     5402407070910134281990787937745928788616075429397341652471304302814945     
     3341720780441303141521611756474947850058909449713244784044679375241295     
     8744742738461704374475803266158786106419993242350548561978680828019463     
     1670314028720838200622782118167802903212869208991606533561744715169490     
     0788842514316748348580983468523022338200992327083729083660984546491112     
     8500568334156532413960586993379960475489163409320159287366998102110548     
     9408550256228676713508755852511026325527006246119251062006636014552619     
     8786262225949960507946657185333789549434437921517928142747021338722676     
     7925098426928685661407654095161697930278289648900661716260377337247200     
     8274600279692524757587338882587121390959099392380067477023070301283305     
     6143979697686731776513806681469406856454428889251433749210145281209781     
     1191876714291605191125428417371619112551572517990737136314603721427684     
     3428044785988104817181435761722574817546051206097925831356497342858415     
     1446275188167748844340869804099286219693413854923174480533864747993708     
     0553058428284018499612066498463803936946937709910232248371130768885957     
     6790360272172798569026074617604525683054007426773170420118906993026298     
     2622733593612347285426909279771088975911295730054958582687323823214476     
     9976340851549907537406325726480571610648498851859246777712051626494780     
     9605149067359058423004985197333516452694415586446683387793741247803934     
     5293967210654876551154121227555938133004423338309010054111528970655934     
     5621900478752723720271950513926285225502222840689577468037583047855830     
     5670728498364461636025520879544471010446320421067563765182535677792732     
     5431461395671327060975850301976389404395945047157727814475956165460647     
     4451295506524428627980118533274953733648062670515588518786903091872062     
     0977032389433451459412545845031587739985226200364640079795930006171559     
     1063686085391803544894033561067106965230264699881376575043452616765729     
     1429442453767247783438080640743321594626877372732006962769203713975298     
     2360916650519579450836609637072221727380897444862657888318720940193614     
     9626451996119828715036346981645670553375060780364276885686412763600798     
     9695843611307308589839722543114104552974575461535974253497193240195140     
     1476547042005726143253433411381501474858494279668753981099542794136637     
     5748314128765794582675762961610652028644030387501320939964690508896787     
     4254680694248699674868251569316093031042048400534771084980830817197427     
     6054371513751077056785346792137571923640532391350934073624916238043680     
     8482149921619492699356421899487511235911354372877108066480537290214570     
     3841061462042306318482444396744236350831499117787428644566708726006484     
     5082556487072777707193460221614575144841629055765000432983484294039679     
     8256199495389115400409662386734970113640621777966489830673127857196768     
     0803762980847269702676810546684732182432676739534064370695332194360679     
     2963368453302071144937945858843165223374538447908055404127333234379698     
     9713761912973459915710918014692831411671405174116793090020573282709067     
     9639953289333249415001172611302864615925607790398995631171497220719492     
     9693978349229806080589735930182266082839005336422015442328483952432073     
     2194214585211013132401720867586702066826876633157678186258158286642096     
     9179926967159806695038768976277866479401287488818399590455904738984178     
     8236515304793551583725694430957787423369489828683779211937141586085978     
     6748618073326871306077881374570069918036987689129028709468692424522231     
     3929013555362902161717236474615666692311148308178853495130241752516518     
     0810472140771756136816921519601048395147746390283746006551193848973296     
     3358144609710398728530181727633401262189311772824820843286933588409781     
     9555057437743270360108852652372193573066051137461922439379516993516065     
     7748128820263904972368863780565464009771847801927370894259567681851085     
     5511026967428515576976551761185693001448263040317343957317726791830127     
     4360475698466285853981854117118082656988401265648670489309942721667174     
     8595822734858350935179298207230484391084482465871223558542556913571055     
     5377961655303752309015062875537510122754514098065622089378530451805150     
     8541949323748199799888459345766559517533850540477004956285035419214131     
     3853515384795335595088496326520394804873689341298422524767255355478211     
     9764983760188098906816184484815834090240166106138906058179127058949989     
     6061105954232661921913476513399750183127564445896393853840688113630954     
     5423082740282241423598899033678029611785917295077263379632584280428583     
     9725200429668359887056939364599066577129801946655878030699785766447112     
     9441986470916932169469729014551717579540462551043362868757535786834053     
     0359580683033420198377418280076217788495515277560052667299098658707948     
     5236691810938148353009478518530729654001848506859532008250885317086497     
     0161792623939428086749999763815346296494616446830105274068585069257068     
     9316816985455903325652387351485485105204538082485627509338892311532331     
     5464589738292923226502458660874872962199568060310669875261493483794171     
     5313097409440864739642679322539656871572233617685470951981095743906429     
     1208012744400948544941464400140810963691526453102936935383106236637990     
     2810024237885877852767577355965974084938739183796943104035464538059692     
     1589690270806987372885375912121517603720434258729157260122917618477658     
     8319813703792521469953505762072302978279621306343658101774294276427022     
     7753703783559603931676647098553923412371330930103733059027570914767488     
     3559849362075690076593934597485216716133814805880611618613527390998712     
     6078503879746408206941986062409744433024868929876003819288917463702301     
     1235588445716338263555077637144525177973277515879092003252962615571657     
     4326112430480645964846132953248042487790592569306069995884589171822728     
     6990889057726503027100834841104876233153095829110373771827649936204402     
     0486548368558381432936442270381891695055777789249897555524828640103615     
     1474430181098620195220512514826305522414617567835048520298696666971865     
     9319203600598905958960873109102795626345138361636261579056326277684361     
     5273066965736250636038513695633396695233531928359526917717351061005397     
     5279081146157375694887345419480495902383668636425116418499828514873631     
     0416978872125340918155903021367704334384143309055961095526586719683680     
     5724676508865788355197383905340795408546624617074313216418510333791974     
     7770763880418832139760573154675645226316111270896692023943882725434159     
     5542096117622838902079889274191654878809872406811138538619009279429701     
     2820515808598148859259614556876040184497338620015833013228059357175726     
     4235500681924412117395038941290243170996583936259036573998762122720841     
     0709139586653291244795221369002065059866249667302107936919261487258773     
     8945281704576066907965268830601956788136097900878929684258650604375074     
     8171283079384710789359157471197684049100106576528377472212304019232741     
     2851696345706456737607137941696505403826680887542427496818227095813412     
     7915006417287995592811762027125269654525356990990436824011845469063075     
     5791874660031264907003032300266564405689034215445699754927240743713662     
     8374051517278028924018201687759554267000715021639825241404057946321500     
     0465870557834809489150793041723130829904503379039105592429678793215051     
     7840774486950909012110145718878736276758712678277789765088890469255037     
     5357684427610585811131287523632624648729150145652724196782550098337186     
     4664510074175712720922620544351315401502120439790453028505214994865853     
     5806032879058363890737139385634429272660295758606017857436398842459735     
     8860065552986036423837448113032516744436905622077695935186847159136141     
     7130181548149132817470021027712473783899530550655421661791812361074574     
     9285815842851966791117583907219447341553881496916486366460528750852581     
     2191031471814926347571658990348226161944325255224103049392111357327984     
     3850860123148009747092306699124752332480350985666674353776586537028844     
     2939787421487537435885926658418540959082030427943261108869783557584926     
     4403041468002345470144105667905084646898139694298022264593375473903879     
     6915385284606661780519782876748804929783010953490699526511834481918864     
     7038694683289381551488118304523214693373232105719366770741408973896651     
     9057046781364452071543377511169020649759799653271807431145879470420119     
     1451771161177071023720900008782201502559600673216547254035479997807805     
     4954385506710120536651493126881672841451636353885374062032549079747000     
     0001206719382037906615975399972933219757256140130356326336058794690613     
     8443757151815741085919125411941013756129157677060086964755307968415980     
     9679127210167844401162961715457544415166092401846084010075502666977958     
     0534337601804890619207417965053550728020433477789911740394418112567048     
     1882051788360167713825704190678006997512110585623818939519281430199041     
     5541328207633893235637156777049263903671685961517409609455233542725132     
     2204268670999025108534109662533258297377013815198442448936433097361198     
     8503808307490159494345945765552248290060171177904736380411253302408000     
     1714958490408368652626453148316322160126371894183043171154954022105979     
     7235528709425104165929219997018384429180363517380397413936025513811453     
     9597808231560408960751130990451292798759350271656859074218015725181871     
     4096033418668969112547750833679445398896153170070523173245323470380921     
     3550896079968755117544242499410284117638025672856925871537618808681188     
     3725387791623523983917653745831163993309175149668911377411680333232174     
     5450455279481021014237553112730871622894147069831995753417203866798241     
     5374260980559217487625851197347745177092010101411100361079470826427658     
     6529608138543343841111851508867194956431588695875743475951728125114093     
     7701713024378169317736214859627484070854810333014867563192043942012104     
     5937328056594593218424041841506814606749027528928170583099843267447197     
     1148655971581588515642900624374752336273758386663419809063526863124403     
     8232758259163376876798186393215967967121192136199420917507253933054758     
     1268173661630303572052699304241790364390157494128278705166421848028445     
     2936521545035577009117518028160634266024093404984698919108643744115905     
     6259164476468851441392757099416576588823924976560512111818106822457703     
     8444408665812857242999696075761428498364865435100704569407724711882563     
     7135820252059965394945655580526455260126570242015120577918808096452418     
     3891663936067786187616501262128204515531277117144826403861451009893398     
     8143781854308650347640666655374620249257194873742583909759004875068285     
     5719467467763961082466039789436296842177692020083428301886041900134597     
     8713556955647272690833363413652420415713039680988291770470000313632321     
     1572538347476443036397043461568153585304988682617943365105095351959878     
     6325696870184997974400519026002304002009195047317532227778037942112384     
     8603559048232455643785369308066230032130870205586738371701128497192052     
     7862347221795865823647228818252509098111250751856005663759849639303721     
     0572812433100719414429920568062614095979799362422794115457519039056721     
     7954516123105377717343730896624725843991725096928980309037996837368808     
     5593561497600000000000000000000000000000000000000000000000000000000000     
     0000000000000000000000000000000000000000000000000000000000000000000000     
     0000000000000000000000000000000000000000000000000000000000000000000000     
     0000000000000000000000000000000000000000000000000000000000000000000000     
     0000000000000000000000000000000000000000000000000000000000000000000000     
     0000000000000000000000000000000000000000000000000000000000000000000000     
     0000000000000000000000000000000000000000000000000000000000000000000000     
     0000000000000000000000000000000000000000000000000000000000000000000000     
     0000000000000000000000000000000000000000000000000000000000000000000000     
     0000000000000000000000000000000000000000000000000000000000000000000000     
     0000000000000000000000000000000000000000000000000000000000000000000000     
     0000000000000000000000000000000000000000000000000000000000000000000000     
     0000000000000000000000000000000000000000000000000000000000000000000000     
     0000000000000000000000000000000000000000000000000000000000000000000000     
     0000000000000000000000000000000000000000000000000000000000000000000000     
     0000000000000000000000000000000000000000000000000000000000000000000000     
     0000000000000000000000000000000000000000000000000000000000000000000000     
     0000000000000000000000000000000000000000000000000000000000000000000000     
     0000000000000000000000000000000000000000000000000000000000000000000000     
     0000000000000000000000000000000000000000000000000000000000000000000000     
     00000000000000000000000000000000
