     1732285319372375263983203757731376040917563074404622938055567441083134     
     8384393500066856260204565584633189039444377346558749192119933519216165     
     1596174818295173121661022608547903662458151041267161702073901186127195     
     8131588311005856474400168609429044195549967270787872531977438751511238     
     5997247653435326355221008780331208255975232305065212678274537926927621     
     9664589440318979855922912350892098616990988499320338344038104575708949     
     6728409199810531255872241561566660114268846096104767109287397995416522     
     2525951963019996877904877297603824669432994071770166051202353806001121     
     4152571039772293920169568668193777415566533017679965365307960575293137     
     9582245958080579237749250768962310716052090698160066483140630569165954     
     5389941420131995454778188728935050947165631280942864678698027308015078     
     0126601221821033195298867500937384427098035691120709671562737392131260     
     3738203333039382874679071834006821862775495187994480765809605434703461     
     3673565374069493330293151204921070972354494793994637230954209437453137     
     5246177147481601280272783535619927551828158268975982930221667311685294     
     0392458266820893904455854900935157416673389411522561184488711319886786     
     8835251524659684971256273394111034194581040141582931796899197833048414     
     2440679439691611406599897181258453807168172692291382984693048730593974     
     6168863230944195349929687168950650862012200759583312697465440493103874     
     5126135600463810656088975664523957378682489289713211656142938872003605     
     0106194006811552561102339336944972906737645241543822121679784458310588     
     6710308903474689520069522305332991355909589732414851988770257131650035     
     2387471521783536357657270232920281021151377768935609242726561809848812     
     7965143830116948346752321920502429739282338326311150708143907885122667     
     5379983885727757983521516448918900405753180145400658525543464408770483     
     1518468744181777188486977626744527435599500708729513165034763745455729     
     7807446164673344875455522375635468699889802048860592424408623142098180     
     5935880332838424680879115219806590616185922204991121254626556413705430     
     2413980295431906720944957000173542888861639830291160606955303437534532     
     6984550281022338943387773749200234167488524044299364886160878559206877     
     0903711812805564403638418600898881776891103826074714195585982636178195     
     9492239259618977551778450652931053473856265508110851294975885163166629     
     7768461320114927366584521670435505572363897739397829483528408584418084     
     0108755140829787381179846913835002821478398910397929373752760628150925     
     3047341768630603096727957585345043053453845136858704140905840807518372     
     3121078719378828048497567785826133375491018121093650244173985369167133     
     2680242050869978324831809955654609697818808827345293793927894915336477     
     7244884904534384151727127295757618276193351125079394089031771624849338     
     4785451493438009972576685224121316207883453668826752920243767903628835     
     0127296347460505917768939440809394430394751304183087608592463014139178     
     7269035858221976964548440727049671334065169511986150777287976729641995     
     4970994212941243703472602430457130583439299144366334932260418106553192     
     7977725941565710874108443589709876226190693804685761283737544855249287     
     3586020028463975914829030601481187727814789296074803846719363768035823     
     3531937747037580958166778832764688960698072656234160735524008018300346     
     1083581157400744797138139713003786569564173189861515511486262563019525     
     4761382667535594913331032531205919873029295190800820977196746073806852     
     1456448643230538303306268812524290871283687385088548616155326509266847     
     3031016053644328969312064597767504404028799979779827702164399107634264     
     2561768471077449893471793543222879327105707407760945143463607231570954     
     1760234736662617697799049901051019517722316701620405297238890314511201     
     6901079381917188789442355378517746591989324178261916960276730556816568     
     7022029574451838839892464424093511522748131248322034645697872197607001     
     4601616563495761478390205737798095958690388081086441846312502798696175     
     6303113970574939241244531768083721778022324570200964834663679156561669     
     4051791719238910354827221327790273396681000215693366884385434314911214     
     4171802383574898421094786144764339192589163324569193568822857028412974     
     8067691085720789745836635399214563532248538968443276968175772481753832     
     1571852256312204038146942050897731489031777081004587690143204174980832     
     9251968985989436100899381375901681227783889278597080219222539429883212     
     8182301857330551328100562645526364854380702767600294251769119208429626     
     8328179791970806169210324237340258918685658946597543835128538575384584     
     3552220188779149282268819356484489956849392724104559838407516554807506     
     6419654403653567663443514368044643246108212028289398077585458052169490     
     3432869063647313465968965386327602002994187018333208035845101488560756     
     8589507062211805264406440419649307466005883036969450507661898873555861     
     9184104988888501091065585989693279088977052180772183444629925507925412     
     9211383764337464103266632268600057349783675460783786080751648803546390     
     3890992799162244541458971930968349644859141675745706803186698103781715     
     8490290638914059422522830939716907926101201136201124549288239934550797     
     1038551009727469819185250139072468785290764590956686683868461146889196     
     2079852824029712179033861761780427055023758067051829303220355364469576     
     6351629773271418175751653316191220355695249191879887185494181786657089     
     3927690571979094371733737708385254112951257809843270391304613906511044     
     8586210507527600223789121213610967768528212990969830049444094255416083     
     6161714496136569264326084419411549079400012903607994761686555689856209     
     2871433977807884210343556291226659364713990205558509840250810271612573     
     4126818680711347732174458679237502570583916676751508143083997690719738     
     7012957915365463424789818576424927285893063368405891015195897459093358     
     6628724422775401302145437477433784282047595902206398919741211722685696     
     0076860444832222572336952046441071845016478217971097173939565802801193     
     5036300076207195388105289098687997648161080727505001496538773254327847     
     6742274145165498261643463395941366072812987551474141860472591614159839     
     1594868325749308961544071006917765867479284864192715908184860301131236     
     4903276568770124650774589415868298177575372499553106816598764997853268     
     6526119723458829525710142737054665133867900219152448892309413191669292     
     6828286684109204165832108259503501520212097291913642984890210943914630     
     1923799761005017160494640599291193140498553172670625013752451307998666     
     4060819366766760452155711322141496939687915574415717684100167197610615     
     0416874686550922113417007090291545397606340216398259865702676798844654     
     8869980643932853616294613492724117192643997915344425707092850923298787     
     0404083946093715207357682136394457375401895823858681384289837632750555     
     6863452785205439526694689665427183536937365723666935219391589231469536     
     3681466460490140352644276914330883895160909740531678479213657450771844     
     7859325569564128691297772122650905110289585355575304885145954413929251     
     6615966523588702536418613113450056781308642570179174465039564498800826     
     4192659927602349094020962587387364656327702131882008588702589618094145     
     6008792081082215999541205392758772096600901972746823223709418237989129     
     1454025700380129685421383985590443889576944013756900403858755835746476     
     7595214680168246130119317617994479020112065603964254326503031011689948     
     3403308580985653267620685085908258490600148499055873984541398321036225     
     8851076566117157269352219597965654239521344640156038565168891552196549     
     7116181504942877329731918847912394395452978605884541442764706938880000     
     0000000000000000000000000000000000000000000000000000000000000000000000     
     0000000000000000000000000000000000000000000000000000000000000000000000     
     0000000000000000000000000000000000000000000000000000000000000000000000     
     0000000000000000000000000000000000000000000000000000000000000000000000     
     0000000000000000000000000000000000000000000000000000000000000000000000     
     0000000000000000000000000000000000000000000000000000000000000000000000     
     0000000000000000000000000000000000000000000000000000000000000000000000     
     0000000000000000000000000000000000000000000000000000000000000000000000     
     0000000000000000000000000000000000000000000000000000000000000000000000     
     0000000000000000000000
