     5154464461567841333939953379947987431395210795556545237810636093825739     
     9252035772729336273406266637187008646244066750935760791039252104825518     
     5256923788024213789012888797825666127628597655473341028247100409972749     
     5659338633571146016589902850457224685954912834011081900189736721445739     
     0853952588348098477834648364306500360122446097905802267274480933978779     
     2826174292034609140861942880456214424408018030004367635550314530630741     
     5997195910616519095238894053363285701139752070158935543237366967427199     
     3618127703675752253645849645325529013534371176596803925968464101906297     
     4011401639868151221780956846162942700670336869515724960932770479849606     
     1748891286798615568767707772560460020480512981029778042016521620487630     
     0579713185783759856365256578717546790885016928075028870870079910417278     
     1114478261161306342596352489623787007621529393627249131985875726144241     
     9689067052792735376504280520020037105203760665664478910081246143302755     
     7902750946006438920567151687638128478484203632562544419330570299659940     
     2234337931709518938797429890862728699952931192366846190717778861536321     
     8793086587626606432206397595750713446244852773290629983307584294502014     
     7950287245326100716253710552762734831645511034855611953730725501397579     
     3487928593074584255383268182926335518529299589765284531315726619612342     
     8112908984669901341265305602559583385699175030333861462354662730239988     
     2855113226332824391692410213349079251427092054149785640384663424397424     
     9134514210896129616302959058636883501316857297485805043026618439405223     
     7211491358387362397697376404785038613844123497686257819983260163241378     
     0409717039441207850562460290963104985415252614305339711884562139487347     
     6422558932799114864677359222103181077815511150581188880806507167964411     
     1137929943631304850433668524170009978343646195799261793350500521933860     
     6552984304568922481630919124836055589430909743689588419468977585756758     
     3337530161925109507954956719190035365404316177228513470285144106628421     
     6662548428949209898188045718860991967347461832335898525766024123127212     
     4579312710303106678224535133796954762278144265039527110961414232215634     
     7970428868446562228774241515031874489938844672235688580594278223773735     
     7972024105620218902407896334713190654388290625402156849685544517687328     
     1330263049133132099170089146857532964083462642694852916149852100716581     
     2716746774743238865456500411348914683697172762291755562166012802357728     
     8082297456378157820699116621255199613021938227379001510129518177652102     
     2581371373992084490528678103466085551436062512948796953308288572308861     
     7409265921828222963852504439814859223247471595562643913110919290587273     
     9432630768401487905430512680890457389667638051329596038437760223123122     
     2565780431928438835102388766057055299140855409465672084196924490634764     
     0523935328061232149340435135818376255305764103448572844653844438686707     
     8655267850546965200192940836976675073855574742841057935543739710311902     
     3033606768416315441546915800834946166422111963701956208452326473642288     
     5908982157168035009972194349467867688654832545848439854979959089686410     
     3868588977281640790196115537880412297515420077994362787885967977047765     
     0175386738423156925913599728208676680242736156823701026265049033616100     
     7150733570163467224215841026433838618911597342227723119478718475308547     
     3647772830881824335748846395634724629509621092441332464990944440638877     
     1533671081115153322215396680848353033706121888193020272787366770708650     
     9206353814372854432806094777645763669285286815582524444039149742383653     
     5642284836492745283716795580038751384649987170674398511013869107613319     
     3123610236420280529874678985885736919346782344005052198236125290290669     
     4831921374182770705808947584834881656214336525673597166223898291095401     
     1678996902409521516351333889619140723342291473297058050566933386383188     
     5624197856286771004701596653495750652627586724125644488805071781453510     
     3269939438398321400205348378277120619020657922998799487109132363804536     
     8581747690640532735536106837092748955924353215752323603536081390289869     
     4425079285496146700035550243806875459070923326649189861125722101896833     
     6836236478479422110280945577645453923490799931163141099763444978879674     
     4260781702670059657824709655179451441518391756095715556250446094569161     
     0827258811642070443267304911769263447527501713331372249731284922543023     
     0167093278639592496374269128474099618866106883323953226942084809865247     
     4666053262112610376417476906575067982675164743530247437461857373632610     
     7758034517445426509265669448578948582266475153143518970331258144290099     
     0115022815405517264695206709963164134896789597207820701393036695618297     
     3291448160009576347688256652583053950985265650377286568309636715788128     
     2380855097699395301975930621715134255869543211469393900065881313156143     
     5832642235963902002996710549629530753691565535993037401803694794551721     
     3940409915912136741928256007222458390248079555865754576196394676032444     
     3131647434939519160587769469292158850863564027608035868041701484893760     
     0542926788799331666015243061413097790983048483709271953362419092432748     
     4911936137107865372208689669733111530633971026183167575545865011469251     
     8767208276915980740117049422516122086437564398084064357898936966669320     
     2758104413726553706047421024116322030721403482119052372896329072037013     
     2037744681704630284564739411983284571592714993915959109541370228949601     
     5356087266996913701109704891735253524477427928248245700286186754113959     
     4871610809683446152931418768482294221480465225211864329240788879098692     
     2532482465622758187614364257141716047187610129219641690735916193732225     
     7907543679014203648702816417399072281473097012389254548605252279063563     
     3534637625537212154042210054320991431597148240569629929239806123280452     
     3484018308451858810232718713803495569070197003041082803975879397051410     
     8102688156669481460300206176290485309434387635369575536316164556171917     
     1964127433862842293559573848766051293971420203658787121140513721365911     
     3313689485762943774218520590059882904849917514421003914647299680775000     
     1574041552147887860959545968744082541426129039015881112504237202182665     
     5092969636079928993522270837121509653122456878398182608427064578049686     
     1097101454225010686052805324687829204482355579717721352250777843161533     
     3773514977422973899793954036295895605760074807680251425124246263754824     
     9504082654651253530285832326830178332900894753148955521497147207556650     
     5688299548737580688744962056026801969764934060654112082483452975175748     
     5349494540241872546013739168392569497351792535113038841954199105073278     
     9381933974200323508514178219149069262967575153997981111635835584772699     
     0900629041733350186109119681101753353686441340574208465141348887253806     
     7191805437305421824000000000000000000000000000000000000000000000000000     
     0000000000000000000000000000000000000000000000000000000000000000000000     
     0000000000000000000000000000000000000000000000000000000000000000000000     
     0000000000000000000000000000000000000000000000000000000000000000000000     
     0000000000000000000000000000000000000000000000000000000000000000000000     
     0000000000000000000000000000000000000000000000000000000000000000000000     
     0000000000000000000000000000000000000000000000000000000000000000000000     
     0000000000000000000000000000000000000000000000000000000000000000000000     
     000000000000000000000000000000000000000000000000
