     3835744682477071434032409357252147907726766184180129877652075708407575     
     2020477241304191892163791224676781649559896612711348730720048762510184     
     0381831805327651793122009234086195415973112485352892467719062650866407     
     1514037181700506774275537340652437778525067766809656678177527305660650     
     0157803669974327601048233346280228961097275401101776122171336194886222     
     6319403331275734060078346434908176737364208441946154219395581130453180     
     9118962068189427776681978120538576745715792587584885246703705111080719     
     3660720355928109251025934653249306847124547166420317710620860172817053     
     1737199154934527841583802673695865231805126427129797050350542257517635     
     5682963240553633039459767824114327968508557585784420452225509637301848     
     5065327499071357645863812079175662918566125673349813574180389427230642     
     4829623061076573526538120978225881287656094294906935366876321751731507     
     1219919615919281493150917333654732588569903509931606190932055243054121     
     1776328399670011729255974480219287849745249922706191218689820640156848     
     9282235132835515437999000041127080053016012096916646220759464986888301     
     1408730378797268594507647657980813354966522496923112593753283740159572     
     6894996431457424827019806939089922196518558930326724271844962418671556     
     8841912862499986868292731774898729547809641376200544046857723796457302     
     9485893298643766704291803158799686189149411147623305646631775607934937     
     0644342582993842313248288294774398937903793831318132197281422777733643     
     5060545691890935776470224832475880676584950591328659946687648167151673     
     7149839329769614070385028954911709873257573943267479306629592525884941     
     0904969185740064964881619148215261279819001407900531913582162216930005     
     2587946248398107554250120436425848448740829083568861378116336221862844     
     7895293011810362150048268442764136189446341953864052886845440613751590     
     8334855752515464155327511555357735210191286151091856635461658794059092     
     0465026382511320827651744539371600386364437480505825242573170735417749     
     9694267013671289372076861662702793052086515972384902567330399482104297     
     6839499057542357792279719051175531942660803000372429783623986649740087     
     2128175110517571552871589100341565926969505469155870514260613266387005     
     4215151830136157125955497995788204698658740070980721991509333419354680     
     6089438729106951858265980967615446849456745518436826702416480400677715     
     8004424504150271158694332739733767913339383303861288668364796748256851     
     2557084046256709442038638328482678886441157217025266438825162955320844     
     0487983869232110154010169411582235799941195679732999370742683608804726     
     7779060189675784313615501636196510475081166433636965046629114796011680     
     4906464649078011913073467925756765544685751198523998983230593487829434     
     5503752909440332745917193217340588885119772235995006417881094477229791     
     4130957250150687497277326866682870654616015633665304388975507476641994     
     8952755086130837882150990462055295818829019702126944269398144249531850     
     0890028245501879718175438324899981537645206945860924544915953697958078     
     9885651368581161012941188357014902189189669305199674182884935307564594     
     0845542016792744654216247685558900125886073010209836222996545385199058     
     6533247072162286023333484585622363198133804440421752028386818492349407     
     5820303402775873058239793193715733405866474517477577223891547132052023     
     5561640456879392678657410701647838160375847977788481942930738718627200     
     6334080901607921137033941070816932657945677112883726246472126679896486     
     1664886510244167631184463705047311030999503747125539768446046662805217     
     8667829528406164775411292075895408717022693086295618607584327573315889     
     4299121422194895573977855033452717681742497748666943747615690078243812     
     0431014392985373328136438950143484878815728857528394931810653521679618     
     4808139369722830863427076058131341724132979802483952128446469496212458     
     7446208207883927919154203293429809185513175655970240481131938603392377     
     2182636766485996235557860485930854328557184210783840123038692650175690     
     9880192625557646627778480197655135975993794357235188681684023865491984     
     4881684772388986416599906867444257637469833974301819804940558984251357     
     6217469352792745988357165455411398434524846372680404242657785516371008     
     2993247944855066146632390045272497491985945004602072977062349925279909     
     8934316934185717557780524395347275219381644289698107419891918904148661     
     0796955559045217989221148483178574153606955089028670861337228208023578     
     8504474810427695043908285970720004422071742237718247916304235616117839     
     0446227008701160017460616213095068047984625732920147015251719653532735     
     5217710727047966309207409487785827975281003543076827455140690162918296     
     1260609268172706332606667950292846363196497799208780182162132758501599     
     0397319478165942033156410365762229492448097729081954228280076675749201     
     9470146915359902228402163878538648802396269276024530999600393382816101     
     5515579345161894163682078763421506969416431464996693138760373246696255     
     2453615453171470178023615320004827318076582865703673774170339168110904     
     7047837526987298737678628046603415640793699852319516305114605395595630     
     4814475171513622347441815890562453604618620019927002303242219652562018     
     6761448698331396451063050199388244840686848617511404526151041842088342     
     6895822846781750690723831212330764831734268573558640501805408459034088     
     7037830717706604641425619712460341701048195474608642670143766200214610     
     1898512672375736762773281874619794617839454477626004595528782860311455     
     0013803832642807602700135817742119498976421648357404391998592167315192     
     4184510506602884774222419457423938487530756461189174375639325469574221     
     1066041295363203765176286726465031069554548536005464310029380169527748     
     0750799458031645181131102470451172611847762759695079596215313157661074     
     7286667403829251276563577748865140074231497473152789854536514124154359     
     4298883896701242640460761042671904408929849613046572257564332267561865     
     1832474984658535558945454897047734653317051917852186889617991982394708     
     4890834408807921337287013204311987045834342834353316202772240692281494     
     8015797514280892910880618655292084785279743949961819697272964099536781     
     6273767710586766733303730929664000000000000000000000000000000000000000     
     0000000000000000000000000000000000000000000000000000000000000000000000     
     0000000000000000000000000000000000000000000000000000000000000000000000     
     0000000000000000000000000000000000000000000000000000000000000000000000     
     0000000000000000000000000000000000000000000000000000000000000000000000     
     0000000000000000000000000000000000000000000000000000000000000000000000     
     0000000000000000000000000000000000000000000000000000000000000000000000     
     0000000000000000000000000000000000000000000000000000000000000000000000     
     00000000000000000
