     5481021352920645012700238245535428685773530466319215807650417397352150     
     0497580903927803279091499646575227679865220898533834524147499997437038     
     6320943208080122089977938403991354917121503831472125801433333576298819     
     3114552245980652252375133030658534196987042569440312982658765221937767     
     9943454086696580465238526510750681898371415722595804302158951388179812     
     0466937685255838268657906912121285750447218710823015801939264048132286     
     6836869371816314031351428267954406390316411932949699067035104319108537     
     1361293820856390684331306308047801062609487699496071462350978242911609     
     9177115554934628587308936103361885097539710002955556758945936899012148     
     2685201999017580804229611594676578819307476504367112118056046378993350     
     4664489038764559209287594098033941673454072994204256459292943749156335     
     8385728379633809280540671072751153748035960907359164352703699016708290     
     6094220144323671476479269650105525962994867241757232308183336863662295     
     8534134019462973387375331059434155074529360275131312268763655561044496     
     5892423657187317470255405115182691506895240530760312711377074363544761     
     3014959191066539900041680524107540172901616570427659474866829191833696     
     9145268976753885793014680891787246158270842746900017871551296951829878     
     1398620358896841640582673320983271310912166050458623658560677986351434     
     2814340116130446302636560516070373627189039162652667274904309159585679     
     2080823502334102394540798805933486880227934777603450614766978914937021     
     7678167635264335169210052334760235185535541243840060638675932539972007     
     1011669929558085450730705862961183167893857062092893182072780963530808     
     8031606632480136281094201446829664872720419246650539188456364525570642     
     0515404502306652514227781395592156845487070965757439553897236695848346     
     7114137742836030990023244527846993714348283706940629226271133447142042     
     2479719216959674954516829900343773775870510312810817832754681963592723     
     9913244858398881401990331325208433983314197511781785286943630400650540     
     7702331855176463198353434560258404333120085325017331722079149197792194     
     4544139950148478278466463280224135208428810485475658939437433696563325     
     1328636155799458827057117326372990876738071098373501122074399087935525     
     9959530401497183287116260233665848802247047759116606172242724436575044     
     0793344907269884235177731142582256166718672526546292231786180840198410     
     5487219138377678958883686873123938731136841575459624876126201060557212     
     7718779281204071580234407021959758827313941017408104425215965911741535     
     2020365591442733072372058222521638049111008003158311099085935993873320     
     3628099400681155684781184410950762204993253914148216512739982676176293     
     5352399322818329357589676866133462810651366357982475414631246683729361     
     8734219114563649714399091098583434113928474105171536893372693525385297     
     7020938950690444647375774348476735877017726676425702659398042004151568     
     2172505079800700431143138236469631392132657061303620209823082996978799     
     8716924450919071035129924281530078000846483544892599625902942372927369     
     4796448412110637510145958724165665897225230402369123423689203861144313     
     9654911707978629669232073294171273851606720793900897592766755554931659     
     0843592702552831975590788266190707579604379551795985541831701762037806     
     4820871462996493653738264719780106542932960879686079493099341846299519     
     0687827901377302683695160114790445809182616353464407956258401729627877     
     0156924226072863162183034041629760647881694491580956979932218341172237     
     2704653602565001817125301862062310681123638754060574695338041250686557     
     5433503500535559004193393575282482224246064255411700468515212737186797     
     4262688353890555670089999249061491847056129434107121116027992159210449     
     6620314959680354271088832076464307305818449173717308664104250156580768     
     8499380280187237861170135540585200937946335868163497160780704127185750     
     0756156734794879795481504728476355994220724313773720139935421703706673     
     7728466434167480984784770564437831614815428171654081739089416558842645     
     9297893173836698648593061220333642770746994197741555703108610097680260     
     6406114444557018025635582811584681216508654332859219068495481151406784     
     4474128376131301458723436734561550309489476117600277944120932096125737     
     1133882121586849301613828178011119185180491173293883737346980213517002     
     2911781834441695309885956384121969085615129239052631385490768991811062     
     6036963557921789852694043222797011154991756682832963659207661530787235     
     5030495913192455725158206312262654322162362947675065922785234908818392     
     3119925040131489017096017322314216563849642385294373234878608872674737     
     5568928484627693400240668526230634721732972939861481069806833513591124     
     5751480932417804332099449033254670719800967192753422489899374409207343     
     6907659791050824856137392733279556963795185603973957951870913250777849     
     4605346189087960467357354971068512239251707267723252716873705244002201     
     3902152484151206789955090792368081748015731747161058091018302108412682     
     6786389977338711381283035590029617227551561742987536496106266399981464     
     8996918716532030323288210288252347783414829203831855207226720815250265     
     9772293191474673868230066379120841060093961369993410910119785532471179     
     7047684811971930108077207357713448613970399898994530424740519465200407     
     0384921976944962878581458223920222806610951528433501133184537007227737     
     6464206400143256726617286099120388043187019521736672850854736573468304     
     1123020869532903713433911034774283091157308317539651588060308303861905     
     4512907926419244761451205518533394419481103381816999149107210379392538     
     1703048682229378294226881696193969665659428790854493522093308290239660     
     0989645198959285572198284239251314465322629840927765082109882770664616     
     4285240640042492633412095392880871142255478519511431800906880750170254     
     8098093765215703315093301576438271181820554408467042772198231126168423     
     6073846924255019669641681652649953855759021110189858002907850739725520     
     3520550073471122855533931351180780401602964662995419841883615177052796     
     8604226991275198592631384511978070035140732924149442941834492710743408     
     6696127318114668204327277826439961822577790696274964276466375291703536     
     5301454693289128747590837373531136794767373077930591229789155149717891     
     6577386535210687373528074252248416102633335714082256065274250759526095     
     7375796445094883716262920262233505951921885189976556240746103644319721     
     5991489698198067550059880322788710148160163419497867483605551582821591     
     2967929353485147283720766060132724221986411217540308261703093047706841     
     0789735343938473245934510698671178534624559195367079385837271596536800     
     9450771170191377976441377763769759385979887668167500341918693060722618     
     8441962557841021437134078104075239850586086486552728586293805507298912     
     8397150993585909901258117132571687430723668446164930480755809923891200     
     0000000000000000000000000000000000000000000000000000000000000000000000     
     0000000000000000000000000000000000000000000000000000000000000000000000     
     0000000000000000000000000000000000000000000000000000000000000000000000     
     0000000000000000000000000000000000000000000000000000000000000000000000     
     0000000000000000000000000000000000000000000000000000000000000000000000     
     0000000000000000000000000000000000000000000000000000000000000000000000     
     0000000000000000000000000000000000000000000000000000000000000000000000     
     0000000000000000000000000000000000000000000000000000000000000000000000     
     00000000000000000000000000000000
