     6404252718774345977130646375869057868553614939348111393727709944672782     
     6838798421706712118256336317175479638616032125878281776312778586458253     
     9758565708224540733777034840478376899962313126528823443275504125054137     
     9694866313735605474427349958951763599463624764528745294686608167828000     
     7175605882695284333244206271340867799389590450927400407524520890427638     
     2445212492871320859360206340532338127739288442581967817273936826387076     
     8691538089534207455121232563665794636128028121158930776963980310669749     
     1258034034311370688040714135223273348064193926207644275932443828171198     
     4029047787308620921277227370711639091927141292006351495638033695925939     
     4683162563154662239613130895921186289217660079606537038285626808564231     
     3854402974763531287993486767374124215360132404195489875746904195595854     
     9573622603508302163043851552098400576972709427104056257974133716982363     
     3401210298897452101704635166118439768114927595991823068403288940247861     
     5232584986369378004431173677240063374786320760871454441954358754277224     
     3331208791403077351725632959902649216327509110084640306995847280449530     
     3232497599159869334948008484141937526687769954911014918305830931036627     
     0483215351323621058509838609440419496383290569244628850431860484782734     
     8432186168498156990268760213626111622117130257058258278913403111928604     
     5711581250839808608877695373073813620745185493486457495391841496904406     
     9823817353144044705824435983646475507153278624124390944172347867377862     
     0795492023835624562972072966102427451868072409364362284261966335512829     
     2227165559955079426117295820736381252566233385177357248525469756640055     
     3501293756888524218290592247213937026301839841248515697554199231832812     
     1721383980825542639211489763538087089130873747406266500216478304670381     
     4054686423582747029210502907845798073901847203773301067836692034995691     
     9562314761562865640090638706670598969320879585803332981345382249159148     
     1080893530997567217315093207860511656740082206780974899323232198725322     
     6753665597015981804144790752936306376902017233796572112128865952354851     
     0573563491160225595071506178162286126079898497478661482315001283755386     
     8616412551700001858823628738612477281123412931490988216124876366708142     
     0801486247357101961437644226544514521320546956532554313656406044706479     
     0716469374427355404936569655073217774355185978644123489107326838461882     
     7195854058290852665999258603277060134728420044171514037429855793378719     
     7217261914817210224334926343050605017302670044128235442650777169220045     
     0467036640460730567744331109771673440183788749103659498474586628302127     
     8408344728576048452829830122610855157592695046099904034712625007668656     
     2682199411551030083735059998641660181875941453984777201517278769290321     
     6976350036737261404853513726313850852557234051493713785481416333818990     
     1237601147760181854098724766246769154137079624886195377464591204914071     
     7573097423649310907256934727804868314793108959580543878578322953856911     
     9570206771353208957209739471123254904265181143718581407302520225554268     
     2470750198064047169359050689068253584892193313981622675359405187835280     
     3082260939003333991526072477209434063951748941559610391958065488446707     
     3255603516353647727071732162455498033370534708795058619295281933267178     
     9401027576391160074332478441130537789960430520561269883383253029530658     
     0896808556489161194922787521524673175092710654137313518989112499263804     
     6545251235166600380242487653887807412209759121802032163312280562382374     
     7180709794881812990808749186880663026852306430791534917168331823228935     
     3100999527188396363013786679156341966934425174363122203879050578430864     
     7423563060803765250489275394784770054532184632145446924392521028233425     
     2545556807173068856237209184306905983725224738624059982458825276191321     
     6694995428073809690367923741892557005700272384071461226265688047600816     
     2025171824585355674285588437974492123669141619092999289353206448574093     
     9281412210408471295356977832209889342495993600409828730175609171019729     
     8908430573924438511862155523717889677217557407408341738057676657163492     
     8026885417779821505065595825584214366323590670304733223911148409344106     
     4670365277303811808333619662752582444461123731613140873565651942949701     
     5107318259794564203835251490362010949415611946632098793943157215035443     
     5130321232260181077565884181995598498077955058225643460164057287616675     
     5807019356004924164741713792096157997937254172755399432063963065479985     
     0621877716076536207721207901433278130764440047742639148707172078419422     
     6586116588197049543114225268233144671789526625712667546926481046599298     
     2917244615769703761568197773342447646422374462079756302814987077722539     
     2901869364358033106098949303704734974789507236487288008543799777412805     
     8124493927544169864145438665783163890914689545130508311478078188945830     
     7521297802688569569477446412493444397319332744590969425902951687703263     
     2458050234597747662022072500590493108508475123998212142105697052192143     
     7709466553471868189756649229265418324651223698948652483348436743379780     
     5881217585934042826656639326071770688579688432736606536165048231915252     
     9689769148237302385989200954616425025747688233756782823773890095552070     
     2841314864049627273426789872216762087997886679007533373623337492158254     
     8067567854415305999606136588213923589070583358910264701230788475479985     
     5126511248818614160039604020975927706953031559703048179648880267416353     
     7252845497390684774662440492058498244328608283120082622048916627859223     
     0098951330411875622205761045612135290978004585099372870109771773957046     
     7106466229609917589602611767237171056610420333095436245726696669624936     
     5859682840073960447132204418404363579192167528287943120929204315924511     
     7878802868465198154417853909740591893913583175412651491156491011416479     
     9364395910374910800504392497543311837117779705993372306938511986273082     
     4098464648673693094676417912657875388908483852302771194451247206739923     
     7233793613397238386834129196384445514891712929772350198423943675627119     
     2588249930751031177128205555556897389264055965740935645883897331079863     
     5776133975244436908342454785858848859935364612535924420249911791111568     
     5577484308050122425033846794999891739973977071654601586097066338536259     
     2420414491829743582775149653614501148574554117368611345824177846117989     
     3138726533382078080621219330682269146742276956920678632825229234396749     
     4039155248863793364609693281420048489483590574448225964189213211961156     
     3949855643428190257079020289190801286705957219002045891837589076168802     
     0380693776848718814775461541089830358943124893315282541931667328967511     
     7415757435311774823039811429224985548575445950918016172821076435492457     
     1886372186903038003086418528708441713108238926972078313239072690078918     
     0618227489010030183793689653788132449243100910585594678780822026026028     
     2169877729517450789897132793981372520743910253829646920462481509087570     
     9069310690997098608115908563160801911763013585264848688904394566593516     
     5403092156326877074671984842611605147710787321633110737596769764067214     
     5589011774376414931023533288932076249461534247281854036114060501835531     
     4818923438771337892741068225466431320508983326322248596525239148552153     
     3410293104650573601415852175174872151319183721516275390881569816843966     
     4509141940195115476672813191472123937357318922942784669501280666733985     
     0318559627916385093110448044721748298744467929841428754823484571168442     
     3291769859552797012839646458310853030725482502232805583325026751368893     
     6993745285494251018091148859671386169907311701582000941447460840776020     
     4623404928778238259675453483046738451313129090029175178043682138977241     
     5637834566908905219619464280989823467092028193242967646828436218513065     
     2219409751962641128579885123469665686230469928214533935600242678412834     
     1257410239924679639477353636241514746216057337175793591394852439785394     
     4028485988877060040020126957909512699680441004342171793937365836246485     
     0342380701303166153341523202870556295628998345238814061906841083928454     
     1636720536556825370026791807971714673805799426084386269393340739391416     
     4897937779085742691975889023614259346589566047544544779949937997710441     
     0321824358610885214307741016082976507004406700672606034103074190558203     
     2417806579729098958162947004865219922074283488758138588794312786609343     
     2997434977983000593126226397022616999986634277453887517871314287498339     
     5577273121920707605803248565092875646192757912761049524076516522223794     
     9915460915528348155864905443860977761669350031504180548317024061577557     
     7918221097845437733130779203779771510199014371007699091239206132835235     
     6870028177349542710486735590706948476790688329776754472175382123161457     
     4364806194606348339274063960231650094679427923834732794049165550400604     
     0375814290197347215341398997628724738514562959867730444499871203011778     
     2269052109674496311996020044639080914296094169782920646156302279902647     
     2752251529057602233540136750581173580128340682831774266840889325523160     
     7721533484269755864341764774222756279811274697161537378833412893842577     
     5898516025123246976134409249105810282146090121582284330162089119050731     
     0880924185805827789539516389178545046486884060043973703502322605334419     
     7247838688867467190220632787805212350374823733235048076498207748102891     
     8175788398848774552120580778836937244560593776997025525098511510919558     
     0425313969637728945501262454770892800000000000000000000000000000000000     
     0000000000000000000000000000000000000000000000000000000000000000000000     
     0000000000000000000000000000000000000000000000000000000000000000000000     
     0000000000000000000000000000000000000000000000000000000000000000000000     
     0000000000000000000000000000000000000000000000000000000000000000000000     
     0000000000000000000000000000000000000000000000000000000000000000000000     
     0000000000000000000000000000000000000000000000000000000000000000000000     
     0000000000000000000000000000000000000000000000000000000000000000000000     
     0000000000000000000000000000000000000000000000000000000000000000000000     
     0000000000000000000000000000000000000000000000000000000000000000000000     
     0000000000000000000000000000000000000000000000000000000000000000000000     
     00000000000000000000000000000000000000000000000000
