     3718441441695636432751373921971989895964640505685029167751132801279192     
     1006747860796247922359201078595852233845426872163722274384589890373924     
     7326868933134944497306235413339617214072076645268533812895921717467799     
     0386914656149745354525982232392047891529684840157809013638906091146443     
     3138883649542271190125907043628604885023770577769274936721509102318692     
     3247060343959885178104122312931554953796981794937411152820644723426569     
     2434692318690803146753894409207184155734134765188207509867083584171585     
     5233639416056211537648408782316376311135921084596968167186771762396260     
     3932335127914969735381739631996517652476680197884536520924683296070982     
     3697205997079438096980956220728102422996826157024526268881352496366809     
     7571260534405559094320934519856415179148294344849183485799608646166515     
     2376725783789957422866264929534463237889111447321163822582597705093500     
     0936002750609058802993314883682753689279208326973291647894678339804339     
     3734769262707394689747032883040885934794854866870190179759855295266383     
     6939374336015278175450589411574775318383500012984288420655133064609002     
     0848016518609978908491146192116892860036852548208567850172163657768025     
     8701881670969264394198612745084063579879659222620481511300919664656300     
     4548801372998552178691257638571464444094097166513914473974113782103811     
     6585028220895395201437216929446242013830768653496678869844052628260857     
     1176214298322008035280242254943518710422788570741187291292879281836281     
     1171776703314237400481888028605774279239000796989397762193138115624696     
     7924576943559566411291266341761536454954687210245848106601584053318746     
     2738310288320914184417469953416268831763076827956079022747347317852113     
     7454746256006629455878262565063069432155315165365987210499205001336206     
     9996928670666997226549092032358245028725128379090633387966643288217499     
     0353288781251093008031678143923430366485889484481867313810281531627959     
     6231183844347190118828715966222679110620856845492603127892680201021089     
     0050276299662168122229448576905992294949155038258849770998874661575732     
     0163950070417948648667512516187874310208198714017212862142396495458072     
     3922970267720079377064139309694015184836009279710309417716706237959181     
     0960589852160129354997171175609752361298025305996152650233180399284800     
     6912357993893360195371360293221607938526228565162375648722693796080756     
     0580405886355978465019647352909848311917135132113643540907641803254414     
     8369508619559797286452053283211340732009419919593346083912773172096711     
     0292184343277589806517254975597861851919953820717253021377935845238980     
     1834430708453133747052235158068430045706424957728647281241015307147747     
     5685818856240349862106628041922522174084272497516016347075475040134474     
     4369836068831391484773729533106380607127172632241676142512059863299705     
     9992068249074836718502699167638210737605793896178002058614135762953134     
     0319959811770726972287160800498159352149308440033190840753510258052905     
     6574429967006192576350937487243342781531702160923927709017185894852051     
     6716158566231750735055801472637082157281564122766928508760979676178461     
     5166942562476173050805756026681295735100045023852192524155292608137598     
     8322109224765934635167932191468392420520794248482933174016145474282453     
     3072710743877926114262190683195046100876669146212672040755942563574534     
     7154855515402190183502049454843153314711815698693303154648105357796886     
     4547604052286002030877940407933518214738486570922535903253697277475863     
     4685771134105679440690019570463763218206873705567227189222031515421052     
     2610300641122245487223103142108988683415736394262436268809150850186352     
     3576687434430638452555439545252718005543059172630513763485577275777115     
     1333676639618123882442104547566171558333056104283350201375013768057460     
     5677315155620310499834858134035629705432315119824932745606977761822679     
     7105393813810232953272624932387344805732829388671472081323083667061279     
     1577305803794794536550252182566623946346901264960617314641869653873635     
     0301690919506480154611454395796336934865901233282186171517898492442472     
     4864287388675846729558516291399086450130830809510431850007096121374224     
     1101271396724710468539444768025215947404864994028705973045773445664132     
     6730140065974726412464463862285559546866797570146250673287389025019522     
     3138434939044610143096326235433724280135378948360322301941681295488251     
     1665583800658895316939639173765927067370267422850727871387388375132630     
     6652466797495264192083184623594888887594555016310902593329602914674896     
     0066440466445009110204974923363106072369993027790043655882047593030559     
     3110883894392993021937748075260872638077085152662383813062908628664020     
     6743556044446498391661753181955577334749160557573142695772011146202730     
     6644601169892150783944897639323883676507711348012231547567710082356481     
     3699362004197507346587542397172558843601683200358502551919426503204853     
     7052578665665941199626971197288649037952552653172080265064076646234046     
     5522566203175589601496273316279762118260214872586499038103546989128587     
     3576644902898656864075854675936376574227359141099542211623881112848858     
     1226530794628382380737085670093544506298173076237049418121412596905409     
     4028633778498095915682888814021342277320072801116443451231426740827589     
     9732009486517414491129102683004418026138465934749214044301980881455266     
     0744876128681035784739463623234016017773178929948594996163216489793440     
     3511491923674785716596586701126404605018525380377695866352863807696665     
     3110457585745253681251404803632300867394831255581426336427722104871710     
     6027738654761637753399766336916761408208151860268098606187210684928998     
     0949398826914658186181440894954743918633015341784640394044767952716445     
     8151946440662815511874379906413803502644447845168225907993427645909102     
     4656497790615077151239802997875956790919888022595483904646760125409577     
     1413731314477357274519669011056158982419241553073233282459766512976297     
     1350347380429781682000202158703241443823928790980996961364841069241106     
     1281524506273073904488857411743243147825455333637425062356420974443406     
     7709424140170972295402583451527213542915501082524469284800547771655903     
     8903908598863908497553941223699289301016291129672134838412593926343022     
     3998079736549206196351010959800740278572766025627873418888893482146735     
     7805291319599518194502579423574821717096586277425153944337420156426364     
     2403769518771606172487121806713111489570987985594413170277051743951169     
     5014374810545642422805719865915612848510300270750388555503631273125052     
     4204689042642840962621081875159560393323675710494967416739991722999756     
     6934596367171092459621441325617804974061235221247024454324243615037894     
     7003935984885256011223656836980748205215418225490136788204306658148075     
     7177053264436696201476670175956066914186517067293157995822405990881346     
     4260338262502848295429489527997906508521715518777806900751622417716440     
     7457181792710517408007752959880268817744825184655352612411552896736992     
     7010874233527839255563772651217886847698479035664086053056378049848136     
     1463936615567751275290549777458349874004982380548705336206167937915907     
     3989826462819148323708053081888825838569736396353521977015111533279501     
     6165476329376856476000658734373756600024148882094753946595879169405956     
     8568455020097341820207723646216453599751409530739988604008058833795948     
     5623557560921197728724432588325404003934839243244525961962070916088097     
     9996727196631429065012677338096411522026851995150235510825607027754653     
     1371398252345437708101735433032105148790880084847138995052971424270307     
     9440820927147082373211736888884800093380946140279167272272561406026968     
     3357320954434329013154245732858649183029698783784355072598367930360995     
     6567545114827210088100372159730705755269530969533373694969930871987815     
     5593985577709625022373048421497785663282870097598713087794729578104559     
     6553740841457400699729351686249596256462906020093073387251126430389247     
     7990223817236384960894465169249023416733469425844481254000740081731558     
     2279387240632894729404250088708940595100846432158002810758109259915908     
     4875969481461433263822442998624383847440622456445195454292406650567601     
     0218986260310284110206640075875626139075361924230368247014057851795763     
     8035493849566455918708815778103981916791718394185053573150198240446081     
     0584162132853161219657128329242699229010730312997852398350602573741182     
     0196750548397492485383597551431585753282233946275614838042850102175031     
     9024310601583351728838756841619982714362240145130963269098921560434352     
     5159045084724208774603258083986650320929009369012919805460315997785476     
     5806665635782509055666410187106903654107349106987900274522177655454991     
     5921514991921148663709073655248240541413001470524652973397289162305857     
     8854975665080539908509430092519652905181850563734047868469229591407663     
     0329484351733100989720494795097830890668619518086482548313816017489980     
     2003569801555916857749166025297857155765920037856458392741387477389374     
     1360475655834840694761894566969936056070057323809646525151762122528428     
     6215938597686738887781472844811287464376761257971329611544474456434489     
     3911932620543746382925070528798970174171430368560984437750298605514050     
     9580657219841979338713941114308630560229245150510611781911382243258738     
     7262102461547321845243390193631410726102762329377265488136608249317370     
     1074316540718070971616611091817179772453729843841702137059689552425958     
     6819852110904954015763039173554712186400181182317912595442251055933472     
     4988371193539004424930983283825766669399753372585081031019501954006230     
     0817724831829114125560425872359310807679284462343783561206047432052590     
     6684089003446957451153508512124821572365763044231213556958652215607657     
     6444737674132353530465494782229634472468867845345682309934348321142139     
     1379656022575418136139107978793035965286618419183386816456533949489911     
     0054172320360441858495178133282832613520744764807990339634929598566755     
     6926513273412289677869933084482085370283159752143149333259638383528689     
     0808990054220777683373615844547730386497532745198679050359472593181743     
     1715159523054905527566070580736058037487000068456003037226860601070373     
     3522727268874150910735603678175973291949444340640473971723535521603031     
     1261619524052363296924534056176071064856252551375081239728098223687837     
     7245090991093278810700482087943284021186568029199939468056687904938879     
     0788794852929147338958797014415645367716243224843309444012801662481389     
     3294552278310818756835507449710615575134208000000000000000000000000000     
     0000000000000000000000000000000000000000000000000000000000000000000000     
     0000000000000000000000000000000000000000000000000000000000000000000000     
     0000000000000000000000000000000000000000000000000000000000000000000000     
     0000000000000000000000000000000000000000000000000000000000000000000000     
     0000000000000000000000000000000000000000000000000000000000000000000000     
     0000000000000000000000000000000000000000000000000000000000000000000000     
     0000000000000000000000000000000000000000000000000000000000000000000000     
     0000000000000000000000000000000000000000000000000000000000000000000000     
     0000000000000000000000000000000000000000000000000000000000000000000000     
     0000000000000000000000000000000000000000000000000000000000000000000000     
     0000000000000000000000000000000000000000000000000000000000000000000000     
     0000000000000000000000000000000000000000000000000000000000000000000
