     1151257110299647698115606187593030844295677094711608923139088074442729     
     6299217507057147534216778713380771412439882436830337308810712874802564     
     0450271503228606418032315473248835899658660305468684475388930368275348     
     3173096856983860062588034057450912840736508343799520787898181621020305     
     4809066334045090862871803992048291947701451137879216720383776047342699     
     4676143669585340484305767793687496035867749895863400712869089574174601     
     7011139037347617718013934009931331357201339817282498787915230866790129     
     1971755037563324692118249773539398426569510871568625541487242797112348     
     5577628493198204222136960787315678224695457586112075917542822832931725     
     4293831846951310176008822852953172790894391218195445906783632758221166     
     9369194529188906049874626648900526848776527957744828113091987883571326     
     1368507791703968705996471451235623470800651066481794094971489269805036     
     8198287195284873899697279087943679100559186855629706559477446030492813     
     0646122915528148611739993810170652677273716880239228057389904526184318     
     4828930481433742983676313518555180957584179372380991924640443933472429     
     3381405101630577718330220466532807915508515917067617375432483991465766     
     5656326618431262299826983944948334162436866025394371347872642297357159     
     1749305166744726493236947728729963104893792166156479477543288439015035     
     3944413281457769321621439201356415661294505228679501567634132123795634     
     0525306252586333884456995815197850189653888824557260411966031223545435     
     6943803383955915499749998346002404988750249813777900321225687055683964     
     8600500882245629608802036388929923002882683868274540226445334444642757     
     9458000762383078227997728152233522319813557042238939521928768307534935     
     0802919696671501755435420646885934184154283527903822650679396151649134     
     7588882471812835761530306686266784959220016301408862903921221315477959     
     5096768752717325185320707309215505785902576882412912188802015283394125     
     4028728719359639475756946387631798875367219048017983196779451511153370     
     1919412269629117766308107097597301902756718702719531870098480453468239     
     0884545619146154815716645111095227911498052827618620552660427731538638     
     2597411962066838900213301184133550266734499500628597920769886263590515     
     7967658381433377551227656652394707450881742600324782994813560281554762     
     0780971967293608736300113908293776861940629956727814879695579099463631     
     2013797176368456842734680993375225863842218621354838352452865121541286     
     6794623057924728154929707846189558492002597981225485277961674100461117     
     9720437391775483725985356629241058097421643788773583449981176975985162     
     6535488787015138886618152885819176498755346785732412932286871145008449     
     2967472816961808790267206789109020734398860732211844803598784823135109     
     7739298479321443879023681854463743321775322667362301251960473868010490     
     6569216914322874266606877443335517710400373407517135690286150434889776     
     9485194920094008105344831305511184774536389162658286004491863287688929     
     2477751861421598012627545069912888301293796944335389895816466274964678     
     4574721160525532414293260834757828365191702633682240186430482019400452     
     9180494612131080649998198826686857471114992397913161478807759326137705     
     7632865825448449752543646008753259839184644520972252788724219808779116     
     1862004283205505916954649344909295609803871154859896195263356791947085     
     9064017331325467395905144805247651642398923027224350583556128677102339     
     0970790554817400169717080793303452720269771045016290927629349250089484     
     4996717787443625077319772143841240429871803203893874286861286302732266     
     4059917214660577383582043830343135216167917459630291838081363745620177     
     0495742317977060695721472094193748515838376294042143599981404179366402     
     1707491557083406674358860574834006289492017836158391395479666379549137     
     3355265421424838045405850701975688293827306833934002374219634982067875     
     1551693901416062046388557252659789469371109364862550188613302467295200     
     1416793545174330628764812699311133721458949338084639381200411238900589     
     2752520280340859250833156734675771735416936628182815672289219346758055     
     2701620346144558354112172956474284702101031264638047825663413416109514     
     8447158061315263052400634594312032908176807864144394145978141859409475     
     5982331431591413288273172734715197825483624037634195320981538967866494     
     5380127128611970860413895202942625623401852006681825614061186901319482     
     3273061157581797003041397697128061085015466197381910714997586285247477     
     8044452506468100594412950872870581677041307597754840648555370167835280     
     0864374852963967224119736641312076985549891430371028568004255012197740     
     3563577150116917551574945613470003321627503789649177776357426887814647     
     5450930211480634621764857770089189931231805817918503582264711906053193     
     0664037845891622486770374589388958633001710742021808983928829418219358     
     9591749546459206573736007261423226747579998080967407417448660230072727     
     2487319776102860893412496463983163167024653783246176907995159499433189     
     6883588266614289733538934274616200614281262907954013501096845174681435     
     0921473821400932272727527230816429980223233225242195583711972766496678     
     1133130178383454914069475405406034754201527557719488873079476063597273     
     0549129170883225732630619657156620923394334698315901282187007848814456     
     6864825084113963148691065726975180350493124682091398326934118820272650     
     4231664471801481465897456846649403079924588526531887862155935415848667     
     7315951516107360687978398241700526779040557049175832041407344095981144     
     5371338345171356200634692236696057167615492376348819749523789792635227     
     7495590085610213284924798000804899449632943902122997600821678248534655     
     7949836243681961234397724878860860062760462770437944371037117943060998     
     2065396957428722249775311045089395694116235534705667807475678531941600     
     8771966240149868149597499524680624357369362351090391703461294733376215     
     9007894615830716969072876338996140399053384201027488205826154733829139     
     5920328347084326722341083928440194989445055296446132336836599261211469     
     1639496280410480885131623143841953274216059277403016744144564421787817     
     3752942569694203150286978765668085501650361594330466283709605632069808     
     3484033350364812544278645091041429510199690368264756920429649648782258     
     7849073005798348628728233519959871524688232201711665329046241252325705     
     6028849026681997594256867996191750927379590743852871340424677864014211     
     9142642600535881621266484874897264339236163792409989122576875484162237     
     6545792861308357635953535761316047232193933225222382206626304246408160     
     1999590843886717757279885322392657336783342946173541347369813951132857     
     9410378134646737685581529916955580522281537212991952955089830216630626     
     6308861678387277806012911643790721644028395014506910776478060211269654     
     4045092630042832498169694444264029206338702882601761927089779846748291     
     0337404023575396271642129296544616043510807304707092412358257592216267     
     7435357301877662513949254959012924833572976860699069695549892561399874     
     8759658172072748747275887806152819904352178640131579957200838725125746     
     7469387363910532301557263942539352743829738004099515672111619097462214     
     1028433029788877379745331888841521402536311026530074532551525766114655     
     8070878463941440552937926017316232104285850468221447956552078277279583     
     3645530854041156362941854915288215704567377285210525065601809907589289     
     8991433193214234211748431999677747003708753927541050657311038654991209     
     3478359969963238090185937775769564329687467991525902577286903149283551     
     4792191862919508908382998542088142647468089070072031514215122295060036     
     2126263549557134082598420778964309571829972024889549934839308519605219     
     9324200018776638211697644343678690137558552449077771145600700563435420     
     0446750933904091224120241938719845416904561621247181663018994172057959     
     4412986985136315913457030779070058649591718249643784207998409893222172     
     6804963058909061536072333330057072876886910059095221480175206298347307     
     4834904227632770371790858217758394868922533957220207613432115932139610     
     3421490666737973415026353812536094770021258977642537134245284647231702     
     2053530701995527913269297107597480836581174620695066746112303347752800     
     2765394123055991324309273909740879442663821411671247216999310944481824     
     0017034618730544195475790977126580565491425155719860896823580361524127     
     0587948499960729410446050193768800644799955924214259733631927727987434     
     9606142630173921807948599292896596338984140809119087265712909919686091     
     2887006527297794066152175507840996595750114409290604703129481426951198     
     8896984159492764940545770732823511346949813305950171186832468331539759     
     8405292205936457066675842137557905868714426494702913932786181219789733     
     3422536601755850143227467305255654074341535133991716565819945665978882     
     0318870833833259472709561310541076789786791763768069423972008828151050     
     2555128256646626590623782101515477946826545518847942649236210608182007     
     5330295283424466179333986432299176272166894511149604875772848500756823     
     2046647405998795344396799504666775843851165303328174629459643060615223     
     9810796515777519148182919130040873035116157672000275089888000150469766     
     1150876555040250633787445183858924351633986581454533541852744225230477     
     4454020094682366431838741234965336765941003890971014552653903007593266     
     8636563653842072958516804341315348841672953418596120971287827648315822     
     5710461020361868864246019812128079733434933631546517325226254720030455     
     0130280193150329560048986027453043471654511458848373112890466416077380     
     1160716584411327729057351671316747182894277419009343167857940231523113     
     8485327642018939244593079368504675498478737757852495499780032034322708     
     8505013848755069323178235372831470683802185878110844907513555326407351     
     3231900794941498579133687576064062846163641275980168065765017194031607     
     9068593974126906034360086054755620178022176524308470741620686302352932     
     1300881667311689516771006039578147423616772064980214244308180451712509     
     3232391194438706275323194810730595228063934031695669375638652602779557     
     0596821799488376729959346181032251736565003706279364399600971766867832     
     6076526344422911052618837052099983340154863947432055756628997657241514     
     0616642807819164634689135548163179320559052880329827005024124162980840     
     3020482450296755466613521803665766073110559492793943961332989035338227     
     7731619290994395366036299799379228505268612463693452688487051802209849     
     6337737986204882230141685049986695861823912498594303568425846980437376     
     5078854603557372603579447052956708643429238396234271476101586271239446     
     2780029952195827584735153090259355520442217600657758477201688817324298     
     6999457619724653583590607161946577727703976470546800789526167146769638     
     0508357708225845073338623235587801223371051407402921232989760500075713     
     3336382447408664591853415147094720226050455841288546190297249146146765     
     9518243369511907662569570690201188528494756949073972407011823083495666     
     0177763589230328160072737625931300400625965652656652291285919999025716     
     2122504724023879807960407000090045837417653380899025983574077451896488     
     2471274307685303865037449868539826918458151408995963886064773245669837     
     2908188127125742021257027861683194965382040489881556277588470154137677     
     3467132634322628370455352019852719056264888313591605077184577083328893     
     4004091493739432324191143716375872064443159724927597991765609794467368     
     6239578867826352433210342310762330506513680382683050070169672326460387     
     8297440440019277382143521680749848487918086276211178298906658730480991     
     3425572295198525707222266320933145639761185393064188970567228020860259     
     1395412341181248062626188093270500903554582144405602056048980294065516     
     0788649244442105015583920357787136745553494728003294415345075035670976     
     1069964328973586608869579415533962837365434426512291160755570012000324     
     4475555467042497581867128051460848443602521968029474243767902548395390     
     2865819992195773691274146708956790565436443181921336006632209954455933     
     7310923181760836436603665423056578176819130817700112364252010690757943     
     3643190555667375035692366408548765641856317094151713218995272855833030     
     4042684204738369945668872926129850995281569987078576951853516934593055     
     8947600584028548014484247342065359418874351467225938444928205833802189     
     6538843807694508261526826722351367258806428924961461845322879211687708     
     3013492240462976365261619558371437305768771453438242020476875309532096     
     7201865058795321672388893896395826465898022699463627330524336681305270     
     9209032847851824890270306285029948101039553115930769046244913174684486     
     5402088482309265089421982486912545693849653389522023322096564088794965     
     4389569328875879197071111396975126259637032548186052440014819000772086     
     0282847236680156794148865310823795209208577060427788657020666995969791     
     4850307537540561518821326186563862382525135834333428938478531231480366     
     6894294331628770835327341590858941171949166588125920932986555053940672     
     6524521890565302534402856727810651218603646776542719626670130169566935     
     4552274860528941138172091772348898855537119767105498878616020415994588     
     0614391377172689494393139953348071667884440122992133393215553235883662     
     3254649787112722537340228652374933695301007962658395834000389802407693     
     9383701830215542819928983366610241087826580472219193519900504078346355     
     2481917483871191999746647022913462978877798727284664056757109127122922     
     6527771496743213746409191616861349404350279165332437316222717488568744     
     9760222775387551623738763432507394933311002057604768633361520229972355     
     7077437237636313342675973282150058675248393752125572135520014472991776     
     1747120115232223170668827168839193284360724769590413868066222590641230     
     0323895515999825081749106970283920624527300958423443686087366119176075     
     0505460002746732146847276200666683793403593429988100739602045039248815     
     9053471824130596149319646130749796574741556128853659001290703693602070     
     0208167134312541865669404164070063532232114477841606193329175734916928     
     4712794986262282183437745224000721000534811807115398735616450671297239     
     5971765222857810936298123998141517392715425265275792297093025483913927     
     9052757808207895928139378382404187509435272205780907131120387959131157     
     5258344998724188208141879859050686286884204374949476186708851936393137     
     5978666593264938442215506801465266521380582222574508650082040605294522     
     2619132277822734713924446730499536619632602954386329915466179275402568     
     0451383181001928742111833990531953183751598634643509323064068833154767     
     6131599604228104385222841022571310398172645283011419901278032433360545     
     6746558889798391722161703052894310388102217819939205159756580324174939     
     9948478138802286973215296538853645026955678778246934978068266264452234     
     8881846991879001921252899408059332571565789399719213633849865211008059     
     8373633988822287370062677961174401642166005627997414870577081375156085     
     8400474202428290100412305498034328628617361153073648314866196493855424     
     5314826392807754266288533649224964540050265884146313809548185619355455     
     1756683867266344509405548318798391385116991782362186620341768071200783     
     7858573186937642881075732445279754071854410591933238492238523814563244     
     2150954532367245856512908003382259333229697641838885371425787098734864     
     4786227781272306426930812095284483321007685280123600419573571090704229     
     9442120824536490217864683040847442684722120816168449040402252661996048     
     4337481084892486967460161200231164416835793990502332286302475702422940     
     7380711999804397206011268859173785403255856116714197352900686441606624     
     7479399440147746124735403071479936338711506133198879216348624720621064     
     5628375555395979671285171535345546146823626015208215114489420258478710     
     9157144906126110802549300905192740080168188768203810192445723767866586     
     9531086637786565752586041303025229858436585041660083338639310939735580     
     2230210522702874859413331064469800938321335378531476647228325342743861     
     7865958637388775855334106279302899909845936374971256495719131497119544     
     7275196272726393766700772078334184694245292674664054939634892755549932     
     7862000914318971352516576930557582859951632214675873568970143547348511     
     1325161090737972033521819616284172441007634048131607356225589428771352     
     8897805416268075167433779756724975294832811153037766230156844831001527     
     2291627319232478317732844990748147270332903814000403716536036598822802     
     8247772344358853326802604132763307801483259956454723547495288471030385     
     5233793142521755087574637478924260414623813156147578430258245843674668     
     6914486589730778334896018814759326678775524665583980921351657850904938     
     0309203370863073424220379527536398495986339633261584369621882874791977     
     4779468101001604436761522826477833400873125238513277397792638261126425     
     3627788633707184929235086708230606031200206594883963433364135654879655     
     8666548458098903731767455886973626228430085066831638200186265504464818     
     9921975389711971172650266718270054558608300363591154903214809827208872     
     1873712351753445914149917665888055122505513285313632129128805549479042     
     3512089105095829871232048977388667450632773574239307333297123498549575     
     2853517193479914921678874653034933308427260951165209953220149830305982     
     5039863237955426887870536691488484495128101269245638011362015358875718     
     5477662739729276448856133417780487174077449314225308862108023396921916     
     9643284128846038820784578400153261197842610976095399030097742072641100     
     1822959183165789705835639835457450439935601578957354091304352369952441     
     5961368787269923147394137031901228299328962781804980858099088608007398     
     0805108211582197706296974970914139020505209072882139049784814167985248     
     6378220414364462212712674349775878553844511431452380463570895241806179     
     2715803680634185800380960752560293466006899588526330672005382349863015     
     2522577056873800058778094720314416720268705173952431120874656633928854     
     0109594646952209185957666707521025745793741435454351483784227566763391     
     1434435227055432983243900038246467356686520583757399320125261934630192     
     1320171155401325760419190777359614594088915663775903818584489841155835     
     2354852777089677268633509836980162237830377430877287503303696534501126     
     3616605078791143513358122191066200631280527668044005228262300217062246     
     5424347680130392072203799087905858206004743090320819226935324033191498     
     2173339704287166439318813330084193863428947394590159321135634044140974     
     7399924937229003728554787897695376347381109691068293322095659424686075     
     2301466332829437432038715999018104256653488193630697317495224767564582     
     7883328809125587656525908071505501231565900144473391541090896846936579     
     5049173084123280223316967791876011452330344276892714037460729631398135     
     7075761852418412984517018919224366381930840137575059027029760910102377     
     6015714656878716829833389479140320899143707207571003005767493511963521     
     5672487996382289484702997712536950140488726953836482262556778668479194     
     0667295581193173990900212203716930469407913415237092795968292799478246     
     6956057090657665203253691104487014198817751617522940843130113660956946     
     3523115018901518162624762826761378984728560532393992588767978824994609     
     9473237313997301237763315543513736552049143126339962478913983726698017     
     3050742392518489272061305140072310079538329740856098677874068515526175     
     7061060717367810667326690981579845096753129328588437674186111369956661     
     8085043815446517336026391354183264990695615782740589989424500763721989     
     6963488847446456179442703111798700624366388884798018222813435131668553     
     2489746849129747347900652089564956767326253875200000000000000000000000     
     0000000000000000000000000000000000000000000000000000000000000000000000     
     0000000000000000000000000000000000000000000000000000000000000000000000     
     0000000000000000000000000000000000000000000000000000000000000000000000     
     0000000000000000000000000000000000000000000000000000000000000000000000     
     0000000000000000000000000000000000000000000000000000000000000000000000     
     0000000000000000000000000000000000000000000000000000000000000000000000     
     0000000000000000000000000000000000000000000000000000000000000000000000     
     0000000000000000000000000000000000000000000000000000000000000000000000     
     0000000000000000000000000000000000000000000000000000000000000000000000     
     0000000000000000000000000000000000000000000000000000000000000000000000     
     0000000000000000000000000000000000000000000000000000000000000000000000     
     0000000000000000000000000000000000000000000000000000000000000000000000     
     0000000000000000000000000000000000000000000000000000000000000000000000     
     0000000000000000000000000000000000000000000000000000000000000000000000     
     0000000000000000000000000000000000000000000000000000000000000000000000     
     0000000000000000000000000000000000000000000000000000000000000000000000     
     0000000000000000000000000000000000000000000000000000000000000000000000     
     0000000000000000000000000000000000000000000000000000000000000000000000     
     0000000000000000000000000000000000000000000000000000000000000000000000     
     0000000000000000000000000000000000000000000000000000000000000000000000     
     000000000000000000000000000000000000000000000000000000000000
