     2837597248195996303444936367121961666627755218217003941886010326723032     
     8659967805845380522272142229879172357847120799289408028104341864063785     
     6095713132518658516991721177214030512370973411542215545098357929584005     
     7342222891180911696152002293429834640977936966892540915748857962767734     
     7825966651651353596287835705411483253723353809050962049459015880469965     
     9072976226376108926445613892162138761499737624369703059630040652347135     
     3437903056580323869559888959830338695904794154211613478226091879794577     
     3171660789731182499115650754390247835272972534231681848367529865099062     
     6098211416588677867870969737971118110595290117104598282239459784230369     
     5361785601731158909356634894468491813715230617659024527037107721314139     
     0655011344978995041656625226491637062046133104347709292901163690287407     
     9133666251805563915690346718607401082677653279104276969141762554996603     
     9293707578465218410851650339077207204264455946255251701917336874897723     
     7718661449046406963263886082911172173666291402697226787093197309076905     
     6884655075488897257691037816474070916264310993049504985609655215303544     
     2966555073855356981812552765857591347504440166499999640316852775454345     
     1710663050540655698925262991357525878321816366126230489265253794196170     
     3044216118047570619913830935794648212776685958969445611931794082843378     
     6407406388014321798159915480386881224223333143163158080572248747387690     
     8184602402036026776578423414789829671662489419378184816776255907673041     
     3854072365674207243584236301813018729856400367063508065254341939183623     
     9846730822102538455564221665757727821117498616425913848702733902463087     
     5738047759951294204755520320729111025376356185129564963299924177915239     
     5581104119360491552912570991840211067950273168329985189307978497082921     
     7594748424312975252484183325449097212287640357207746835369019922965204     
     8073918432977979457778042146171880367443011542975896593977102963383890     
     0217552950436287436848926872174405323169719893979855921133789861768649     
     6352901208797286886779555709760063604267936315772145382413905990527754     
     2969992137273767826010404338788567007252059339823716475394858074662678     
     3658830686842659659247605479464348417541884500698337345388771827279928     
     7927777739518286489825929886321687347317240854963758313742624246975582     
     6849954548105003057345588139503275612303386076056639620835018590023159     
     2176483337405556355760957572090916765641146140021076485331771214231763     
     2116259357198272965645987583225254305182408204714556555556754105848879     
     9269461219804413748184636113520366131743692792039412193007811898874732     
     4021942364447247369529544274735940072453013015252013525693474006406652     
     1079039704213717564352775015198986681240773084188360580408879450738127     
     2268791971448845846600397750778328008679971013917546774124585806877547     
     5264911245777028914359733139508779719392067481963463761732794060198749     
     4219835357473384636508594145127752801604062397169984359674029230693422     
     9366602928049805918879128581226987465652406381114184332621243654844027     
     3056403562506631300174580084619391124706089237586214735670498324872128     
     7269171784491314900735689715678736223377758893704280305656990940163998     
     0735576123488885649054644614188404845513193313709795784858913083945507     
     7056554609765712126443047039619517641159814707707424007186283716608400     
     7093585619198721708338355591752622167396948920272712469153958442110961     
     6607555117478466180919197461936032447054858017915142776144902860126136     
     5727974985017436862250187890585272727474208036645615198527572829929949     
     6754284750022146287758967548199081756297929609375327484866111920167182     
     9498384166113216886344136929595614945358771594686920301463347497384365     
     8301076415344092900581950055266909709945611873090677362844613634667967     
     8946425948470093844908110398913852591657874681207705991255423875841271     
     5826787883277145328461935357066621865502903776919900031129282376384273     
     7820329305728544098740148895215058666534766156905848500238894795719676     
     6632896914115351948407014020373685224502021578842334646767525723830756     
     5654451381731490781962765641543793520751887183225835827931561010055462     
     3513815072252923994749452040034020645059619638077266319085054528304025     
     0575137149551067930917888930100361331970124866228886608004693655383347     
     4418635916716775637405644920378041623312708232827627409331304839199042     
     7962028610532278770394518404034165048672512481930385124182008465408624     
     8407469702772197065845053813982844403831216344446573117746282976448409     
     8183064676967363698525273373181562229570283582974710802519571654538209     
     8308272685435843975335691322574063438394081564422452092566104195131060     
     6396397004032180534975660830995861049997728465489013166574099237142490     
     9435533229960216801203634144722117123147362677103160602026189601244429     
     8301689543717596169023349848206643339468893268465491734697357084657171     
     3264159949584852472799248151134948182070279714247203761420672584445269     
     1332472584025604901990475083779054847924607708939194247983802607514654     
     5691733286223036117331937007092561483907120941219526599111408701912153     
     9142723002753094883401194124732123431506966443844162281467383171286007     
     6542647130397760902570922886689855680602728000475403282160498599078980     
     2322290983333065414056967305259527206818853428532642716686998861727666     
     6981983812106179611979980488672738625587227904761658660948161688354834     
     7447905085542301033789804527348558392957883765368139259391224764377485     
     3692430898675084441153651829202391403536506486163224237590294558053625     
     3841649408434953525986058996828513395934421094311407120613020725520802     
     8937254349570210406115448561045872891286744242661886866271527324014697     
     8907654739129563077805029732074057160517265460218300670986724024143581     
     3380269683742727240283721629037334402098074166367750786944774456516138     
     3725992231084641664227184719006487877683440862426517255522332490299467     
     4624722361781749057725240494838929840083886788799427894691859146774425     
     5419499109878468750418490091574836501473768066473200305829584848570153     
     6537122462370108165783317291723948348430102524020323170488711606229945     
     7638594189926491836654483409398697189697971747606772217793494858149670     
     8648926994185213868274026309751153277776411138592862784393949255672401     
     9747400689442227316922877287111194512489480536624656192563234640781385     
     3732760513150994232541600788194296894943387311068215216523482375364723     
     2937734008590282020109391375088644739078327758235911072520879967001652     
     0353596386821466449357791514032848869649674509769910076985051573100991     
     6040042859425412374971791758334686435757188990033150639408486852913816     
     1660487541334906409726045834551273418229400676209425871757240074129410     
     6306967836548667606821459491825502227345267595817476955525703953831497     
     7324116088314992756185890984865769997265945243686263949834709973414389     
     3552496862098540332178612424355534724413153614020116290850515236573229     
     1542013280005497486772672517070315222027110122107510405132729615879516     
     8512018899576197608081364882619699639410940043933045795933420777031630     
     8098849345505415422769398587866544258136878047909396510307646626868690     
     4277596012082290343614077085283163304205888519302061066421039067466165     
     3977095393221361530363388819267455257363339033715139442815049968798622     
     8685330017056251317300434387573121765795269921850775784933251253380948     
     1553665158319571764789706242305258199677651076957994850639727378764487     
     2820254277505973717773353414698720889077776588688275451572947536967422     
     1323031883034610189348633889450086707459298540597041032971148104570363     
     5514594244663172559566094353339344377126688027810097542775647836920033     
     5190569135094553176174510636397962459246364398980426580316714071286221     
     1247110923304084097455422363504618408743395498308307879390949185507589     
     5984538551401652013188486057923372162113437376388866344902030337162896     
     3026991101772831168564437059138867027933532811717509571197033404677686     
     0606682468980918518431832379523969522380409997065899705744430072670465     
     2757278871213900824021579971186450005648068279478060213032355467039252     
     1940405493173785348492707760562730435825246871013959649434959037980066     
     0704679301328865509884861178310241100519548428623232358191573870246602     
     2653368914558857866336618677980331814311995044186726381437342400004592     
     7004562907751779961580453423137347762489025402281162549511542465104161     
     2974707651641826635682464277506180442654559993724045445549532595189988     
     2091413824767634722348188815558344042235280412947890247308551432011577     
     8762401115750427431130057272666269030803101086850874509546707313658333     
     2272054081637880839306609090369367891604922891519445136396993807835158     
     9784192049093810196562721455191752008351654542800941310069121959856405     
     3940487355693312085738826253860248086302798877370458373011547528182371     
     4621566355654903670028196807547690932652311464985301487984206092854662     
     5589939647652397055585636858543721731221055959889212028207653579620529     
     4320159236731471585587656658762177104158621032815270054695327211391368     
     4608946051096053658979679457040469857101320654125640287889031970646532     
     6231740538551961437205615679951968680015066059555921678760432111546725     
     5525107118159392672454750004376938344736155167428484735109016649887546     
     5749692686446299506948719897189581633880172417895709686024449213216229     
     5210241342385659647414397543139330782995279107825294734475917140575459     
     3808464496994682643464125994038454584741767560830080800107770314748313     
     1643701598823657018346028209293085111126177619293218609983724900428890     
     8990940879718936923288224036552489870321219004049969864448273958347044     
     5509628296423621660135120751281945562085744762920657847698555422715272     
     6320075126374133186134932579085374242310108333700550972914019512051278     
     8609478329381731753496070162019054253199033500248314378405203021235464     
     5653303013082555190144831981555642285006228063431912647024833025736719     
     6443071804428743710912761311243135181450107969753745383698101780200808     
     6349804711080886112917795930709911822155189841828425259227210448640419     
     5661574079541354092264445325387116685933302270659343497551278193468385     
     2253375693084412420225448001815914320910490962480112735922989186077957     
     5397012163137874257217117204206954236625747093871212863796689383005362     
     7301823330467408208630098958399219750657359835991691832528596121106638     
     2775548930714580519090341959495245856098589324867963935109454511238462     
     0696245875521067193433411811763826277114563291540368370086607486881919     
     8192260185322140317404396839273358575291675670841285086490179054232015     
     7099115188517624898932883643125671841579405691542846460455948393365776     
     4731770003729371886252169944710350137220980796726491231245439442595834     
     6470116842868445934712406412310785281289386928046362414638891215311590     
     2586480277538199147459034274573010325314723665455725055081257686063752     
     8495547076345748483141642848822060049267939312571302600645248526830666     
     1088651743526774463134593327112590274890367692630312202081438464285627     
     8924315395133491135280243115214964606846145086711763498497270303487321     
     3702250779115992425739123821797012131482781673954368191904404451268250     
     9312796546238837793539553480494774082498115461129052868568174067978902     
     1928725093914499943013686686666370179035961092824884343927116655793740     
     4699860477551017309341633396257149944871612761933610511161059977610221     
     1198485718323534358816828871650489563881539610635928553320369034701464     
     2981731562995861924867139747625359260256082669786621187525405747278978     
     8660880187448009394888382694704916666914690724942807845480630657777051     
     4631324614126510652205802674949977605485010137667423142789367172990919     
     0380074012071808203943209553148945928059208706082383589837641247470439     
     1251588323084561699268314758489503207615499765263264826547361270251447     
     3615038532931706351154109655779842853780681993688235758728636991567199     
     6774725562805135426516175548756943130753887628828266284035374284935848     
     9836254031412797684006270111001718103881646837623174618155513521062725     
     2618584219174648816206524178567932911728125415914814423951430629407099     
     3411449406643001237329774721164443811612420602373534840439605517844152     
     1021384412816426769417852305250575727342836234705945667654732883742908     
     7813058758550597626946652328666815166508236470099647435967315523454441     
     5430260683692001314506101904565051850468953648933539269839862004061037     
     5041634319560602524412100948651214955491249176349891074903626936071448     
     3282769559907467183159422296561183705159634102857068087308694413745782     
     8269976839665689623466101100479376388158985544457302383544926403121088     
     1755706290541015543070195462445124823849214435242821251009914155602526     
     9728213953657424569040580357599428722842323577402008287317410354492182     
     7283206938134964316028216886154684863946648318149840421914230686679152     
     0723896870934383470952890116764531917650481243302664747877442759717113     
     1998980584758973504256771699679380931143476755672790751247087055883005     
     8526954033691223518806245306322841821944884110188662961965671665381566     
     8397224772474667614710824751053544385820707177386732760587604807538632     
     6243951140081086368263266550212685687820124118187758887971718773684710     
     5624004887048090117910727793486853510468771313933290899329371296984160     
     1478562828850903939313327275553955201548841068387275972663744402331456     
     0544529762474153890722316501422895010945454873234030559657645516515999     
     5204601687108845037509608642422689726246897687015623834792951058141929     
     3634203179886784143087810093344346971036575321530029186385468997294164     
     0138549142105429182925981420760970864584364513149678014140103245975930     
     2151641515883573682378940639325361709246354285035889072304331060206806     
     4363926123735219561981825938919648262446604486178482187644351613895737     
     3535039679617890131991185673326885301761552543563466345664428046204771     
     6984397167623745155034675750784466944000000000000000000000000000000000     
     0000000000000000000000000000000000000000000000000000000000000000000000     
     0000000000000000000000000000000000000000000000000000000000000000000000     
     0000000000000000000000000000000000000000000000000000000000000000000000     
     0000000000000000000000000000000000000000000000000000000000000000000000     
     0000000000000000000000000000000000000000000000000000000000000000000000     
     0000000000000000000000000000000000000000000000000000000000000000000000     
     0000000000000000000000000000000000000000000000000000000000000000000000     
     0000000000000000000000000000000000000000000000000000000000000000000000     
     0000000000000000000000000000000000000000000000000000000000000000000000     
     0000000000000000000000000000000000000000000000000000000000000000000000     
     0000000000000000000000000000000000000000000000000000000000000000000000     
     0000000000000000000000000000000000000000000000000000000000000000000000     
     0000000000000000000000000000000000000000000000000000000000000000000000     
     0000000000000000000000000000000000000000000000000000000000000000000000     
     0000000000000000000000000000000000000000000000000000000000000000000000     
     00000000000000000000000000000000
