     2099289272626785023686915130820785563618826243014662554371828062712149     
     2620885351720710710844616705952634143893528942340715663167489192300147     
     6705501718223998866407221484986227940959398221835796911976008188674114     
     5515502276071470183310837939756984415346742097079176953599479788157928     
     5439109207381602655686453713868741477905732426717017195043327186199426     
     5797707188792070303689878313493238333496482614266887036256982399364756     
     6776784181975902816999270189393641778788577621771252317144487794110521     
     1720578428029505511973775234208916796400072176420098950892534367966289     
     6703668125438424813309121856087501611638870669294456550167135581452590     
     5094599595727601508285930529288339854541797916668611682152463700381536     
     1527156466256011675111562665231851815392337404951146144914973995141312     
     6583247827139143915186935590690458168588195446981348146273049433028833     
     0061089803092559839215275006839427270541354478437018195419394566356304     
     2159525712601881547404402328478510802734898028059963914444368744154941     
     0694066059275439113866111497164177142078161126402475259262957842968407     
     8138378928520606773579741422853781496640149729155427627722715614676381     
     1379385061284215423201432172438544902098777275727355656197621098653071     
     8545775953739549143743922633631436766554611545212120359871263204354393     
     8254110405974001339295084051446961930046457720340393904883717655560786     
     2250147040000535959706884643466768996434280336556687063515348581099049     
     3337996993862897111819201902719737986874981545859638234462284564016454     
     7382752044859467337635695619363115723845770203400576401882989558409442     
     7156453635330612634563613894338217638621244638885090529521058804878857     
     4336579127701704486271507836163070371864564604504011174505870731378728     
     8754179824901125637518463943892133854825939217914948940201614343168111     
     9805842753303234390998684520563165468933447286842632496155443502666877     
     4123792348194968056569754563171463750917300931164054824765125394781278     
     1637905675381545364996578554021654443164914915735229446593100472228767     
     6412542805862748651631369469786364717720643638049378850653061320207263     
     0854476612217918734032645848881825321741228557301058289821131947505488     
     5089437454371247932801205836738648802445292505146883517488383946215099     
     3001565778125369632340680639306815902656648656061423012823510736388019     
     3064348289370081669844358057001886766963569436559568873257850282185030     
     1849492944236102172973785303901855364119310575899663389887362404258195     
     0627376529670617819476583430486534356231326430013486503901745130632463     
     1037324138177016113262356130958052319925108436760418948615034433537441     
     1405145742396579016288367441628702173246394097283054023982060048476055     
     3895514627119059753689052830892672529560743155979338213828749773547845     
     6332397193518436726001827423056168221419241332739930412773146630318279     
     3344739010000905839517119977777598432759491490290890147999789346233568     
     9447469680785304779828785692713475704535612903634394491652358434260525     
     5550835100141952581956147513918282965003594702610058198327546740419292     
     4215192522189604701089586543524751826853139863219545131759429584958601     
     3128826503760202706990985060503781509887045330657126330867169458864415     
     0391599474355768195944050894034664844742742722831900352291076275173077     
     8239162329620907808306495425251791966740250643048447079286647129157936     
     9791639610003015889460484622217734786786882535187857446327266172877950     
     1049084947832786796944056947911823356417775612493650515677249954126188     
     1907861012248771755136272549471833097422656433980755448594298002096602     
     9549684404585431245742142427226126893491087208955150614887906719073244     
     3806718155922416785733712555789032653898880561574027508294071791655716     
     8189991481548851329266829191661943941649452381303347093589194318236698     
     4034479704451399231606411937525434376477039103369939437890494795428007     
     8779290379342800898768785147021790317609140941333667196506013018693420     
     5703829343708580636355091166107110793303828334709408869649197526844019     
     3871336332277298111269085993922572870757442822440650788729242784099778     
     5890533296375788557004027138741192293857036330680835393174853474432229     
     7729957160111204536397475141112183268225587606989393944948651981593023     
     3590427686435214770194147388237989765918611958221094503987440986112758     
     0520219846857262666578985477230363405942984769882031435757514489409897     
     2616461880273238505486223616013203652529518761220046170358855847317631     
     7170034982229364632653359148402541521399317009570960728643650213052787     
     1980662162088402889639026488309527876050227889448613892047397974874644     
     9368282451198281915066628569362411253644695139466226358559938059761994     
     2439897763441939716734783305682727684056406336052394198221614615298845     
     4079603919913982886323871091237278527261899881783512304512261492307701     
     3260469933067791694985948562818812511411342146971305820159439703323607     
     4623119218183900481304083948267631453172793106387012943078679842857439     
     6694206985790089299498250185832592588210215582165621470960190404805071     
     2272742264969955398523722402551445334371437400186766160471468929783692     
     3470836130513404290563202845873536007507165346091142815234695405200472     
     3887390204808459515432131721729075647507797508420532780177213809602837     
     7967981451372376519806375629566197082997134509465256712876981151076101     
     9376368374529852489057601256879251747475152688228226040446401715074695     
     1297819357464982400660120260871770134873462553433700826682717405036780     
     0167378642329246256988738380112357606365545829764957885492082161626086     
     4535797720090987680825476845531584923870355897723600923889172149659795     
     3992624232376618862769943684228066718993694114591486742410127137971949     
     3773693723566164478166332529501644356920345955905521323560019533582921     
     4582593190790426062601910839829957364589021396105132784652277063263474     
     3657121240924654899986343196906837368373428416981657179366127197714956     
     9274013855631849572332047663714992127326254976698419561243643491878537     
     3320970409439133048750583734500799836828647402359144353196472254490693     
     2976669426356247768410014623348455909723653264290889762374604669238598     
     1824999571107908938940526633053806695390379070973482944188348644317463     
     6672996474755757180911166728499716267783446279234112227171938664142289     
     9407280305951686784356913138710321176279272956275665268984357228227226     
     1919366921723661176233108539803492765688629468358145331026872505421484     
     0749280219399938971928300594221790069368436082330306222469615037950975     
     2152134715479092848233890429608763214012961452413682291790681837869380     
     4800659494511985933870272657137768915376597878274525030300274084936373     
     0102584706521762082254154258242289183272600791481599494759754729306080     
     3031056851885233492963928061964347965679954131919793172442969674488265     
     9599978290838498380860837738373942917210369391903699340915884455363535     
     2614291416981468756912166938791879664091372596595285638305075384992513     
     5197312833193236165093286225229703775026777296365729450354760046768017     
     6019336791216653301006638854230210907781961207290833717172276822466403     
     9875189559298959923027340402839569759867097584279558477918210235693635     
     4656134421447372901480652739007308693181310220371610860046842746627263     
     1023717936409245038161892037902059647806318323790459223782431044800362     
     9456249917894822011732252577996350687093823679456492026463010231688178     
     9191306255946785915445256788866721683213427245005210147280773954100101     
     3900240032754139120942757718274268257469654308048264734767658287976008     
     8233428727030927994822889471467988795082438851625941854079782490601429     
     1900124802744464944972215627877385996159130632599192587608669499933543     
     3114811311756919417989603088607558322540890683139974581913782511002943     
     5288203284202725117439924275798380019883446887877970650632261616543943     
     5542933849663738587658630404721740811846260507982836557683208362716384     
     4840330487088505304450949989396843282164064629649820186469744665959089     
     7137730959274926091269388544601680832694860331419011598061923071950066     
     0210535533179750291142001956043864836511373734603515262679598338604782     
     2476929433653179560079311770704278771126106901597246989859940259179639     
     5717374338264830063156792436156111076131630238473465749896841053356142     
     9007220967624659075084742233235444072517458866734572354482519663365668     
     5808215626039665352316450471488059989818529544556295321116854325480070     
     8596640940265493400975967407085005406956550069444593003331864095217193     
     7257577080610242828661097378361909470821928488600964746033625325225738     
     5750477555402454300120161005516193628755235584280948236787990855095576     
     1774838610160587159364159919982553802024322067127259838578821204021422     
     8778369377269104500558595331403477376473761484729863779785741130852697     
     5113686091501426198451122795139083323360264084007062644940102700956736     
     8943913523172779834049677946236241962896285813298925718058730105527702     
     7827053212407181815047099493419279533903973355092223930769933827649948     
     6579485871025992829364216296421857434259589238806182870799224610760146     
     8373432159594389694436024200950778993918601292268796350713826877952888     
     6029965840571593199483545006103328269473969280990537041182096356529015     
     3787133891087345612701819751726640385000489641974508789351713241521214     
     9142222997225682770805012688344453132623132440283520015171734254745724     
     3544323592364077479088275571322837222033662453433415629190020406860746     
     6995272399442701293181612241433531417217708137097083123522240087748732     
     6277706589925269665899699864875368044344530192371268807800238065412943     
     7173815169684359706064583055684975973360841207789545097177099351222681     
     8185784682010821952022748735611131202457500099932421908036606133110878     
     8687481845879925073734149313968532096847170865788321519782701167487341     
     2474499500853470566992914591047395196743893987293574036830986147357901     
     7640572098504363498988062116890811937012045852478371550623486165751586     
     1129682280341461856910408352547092734440006555562859096161708422893765     
     1702529687143609651793858103293585907002217643735349425175325019690725     
     3725319019722261551862768294649239266699587668170133768458707783096563     
     7902944078753971700555834672565511801484644236619435735264356590543186     
     0497689491171696380683229973062951253597335028745575718016576303911430     
     6990027205908787375085672545979530653413719864660561150434714395246814     
     5598050058204631439665239929182366153723184756717432838649517250115837     
     9638557930686386080157159057312115317868455067962370662888977985408844     
     0464037721075198583849948733295456998215281916575584932474944721493967     
     1918534306194808269420134768551121702227771928046217487380422933110556     
     9730566332058793869272920617509177077152685999624556416741468637517852     
     0134755213993611303438314391649042653310150280104807815892063778979247     
     3559888029476368537868599479412319546118119781276062426287470479497643     
     4549911585684028177024002244576800682410809934836727364125421197147002     
     1136623033940213989217189098020624340687425546186362776395670996299541     
     5585562825780127178651666594214515613150103901624014485521056242695631     
     1671961249345718850478013185461056793707672204318897673520933337247832     
     8899512715743552388528772383576153603299178383794089537019140820047199     
     0487051891615919698861318138446433077063660100354939043374827654501802     
     1328940006843041807154587840392793527739665214003552682255621197955380     
     8554647521633113003406550932276291386626582497176557584433004800681077     
     7999551276309160954075597972703371985857173502148535924655632162057827     
     5262689622653776740323552897746217048574167332923826621269301303586054     
     0302743914686816449454619248159589847939419625872001638282190038489114     
     4418858770829772746637309699462978645837597859524881577009984666208791     
     8374624228078153561443668869473258400478620438855553498041444129322701     
     5365243517429252488533631909103357825865253016018439882151303975355047     
     9461998370951428740187625848192286964785060574035384312366558615852624     
     0764263650213812122696301004435529569825713521709598337868978565381375     
     6632933408888348720392769163002616445795363477395024319949119353607403     
     7224950038094186292326900503860503226635468777505982173796811239727735     
     4483811662534664111237044414181820218618710623509111971960515528868671     
     6303093024668412931989767779695019302984753894380757754576457664652752     
     2205095429156216024398869108681494102905846062021788385361350692917148     
     9819560231005130220499018638847861721471614373492516249193282570179605     
     0650470150753386248673512416705677701576677161371623426244916894473532     
     0984673382466104389995656343163579392747041295628435125468701737831520     
     3136446311831741303510418312065706259412764517034546006790498818923005     
     9426851471453448041164006392262851468323736211857030925633172211855144     
     2449290127580993085934171261728016140224003055662960538315408548264698     
     4999403975986225403926293830083215527283863816654659007330829038267588     
     1161583544334667240554027656811806767721148103491799258982788208442366     
     7738569504113631446065133402300637970211373109305739080049570440800077     
     7539944787135087132097465871163019524692057736286259390987988757981257     
     0261880231418951458138311034902357049342053928911490168903210845639415     
     1761820317299370122488449507094174228502198870461190845801826476295782     
     3943703472265695490484895655924624984589910516774973975709731994141197     
     4810269567109845162514745476589811202500962121942727564168697596505777     
     7406094855804598549316792391760671003737136257557665481362811991363575     
     4792243612276994273505607338822995393991963580142021088079509313691704     
     0535225627111284583544317543743878998647767010131549494592125022751434     
     7832131864060822326416056753480743955425393693170979281772992123972312     
     6510141968790845700042869502852483865724873529813496017087225100124444     
     9107256035523237559315445723654119866671585101225244615557902056646144     
     4423597277743532010420719428282195962359399480653005791249816132431100     
     4796780568266666980613374708175127995405675769129300538773524218680928     
     4962164045445527826324596572826828122496474393256354240015838148357955     
     7959645856007344524444380934167789310848612490284433885235881935288812     
     2168091834954196293832007518069323357836391074887518261548093323332506     
     3820279902383783089842168023330913676248927368956365764790533504994172     
     7329893240674055829359896062291716998391003170753743355266970216280809     
     8712925418084052075908198370467358245913175586479307684410707343165083     
     3668780295336218959317470327367892336664830092692832130064609236293251     
     8371810193219250788804385977298368718855833004431245925301538164064597     
     7378034939411837753533319728722133677228191158701139331000917883782861     
     5343707518218430850050475423708128882594976048937214595315509732240675     
     8941788504303530242379449403368686308549465586648414004619529726781182     
     6357825614771812562142787561422203949601198825395472481171277130694927     
     5951665456073726607792585560736910988993674511881950609245255465598311     
     8087187992953609507075397327520516872085345322333106314728679091409735     
     0810561756483849793983221639214738832522001226670783878215819479072946     
     5956035740207580932522559086054484888011257260588434417534167173596448     
     5415680966304339514694676318880120322147812801088671665320918295413182     
     8964098095815585651209021552590907817391226881679263988575396281650584     
     7184126876476108585826575056949762260143627970990422926311398265971916     
     8313164552919235554140885438521742921259325202584427233897369476968684     
     9701235775046072919921862094541320717758304021032418341749668576601174     
     7723857509844616700804991462064866534332380333522971509796819513430537     
     9987006775375806689387795309856281021752280729445683459358499310884949     
     3423597822971462542303827976121706847747189935237788440746643330871782     
     6867709145806969569802392100879891471316091905488652935551768225896469     
     4875187299174275395232590258468699046220801148923294322598326823046992     
     4659803198508276728322180373830542256075197544890665331332076651920409     
     3969717455941260406416586659019070230012752552951854560357990367061918     
     7356579645379745511375977550374410033110720079775773079521754105793913     
     1431226975577412567077824751448202976716851321026755010632933382896552     
     4109118185947225707590795394794795245699038717832513105368181808557444     
     7817691614487360963562339287477624760907997793543746750717229895546668     
     9995333623572103862961430454131257768584593728486223703681575732205898     
     0331593306532186864309282866796304868667929300043699199073327093624091     
     0612987910889438252230347374872549672336075990139250447191897773721584     
     9095697796914674661205651844777589147499905485100752396672541973366200     
     4657853369333321658553494923123978334410999597285516984163534421175925     
     9766921153563012295188540238704209298088883706129029597517905023442729     
     7417276616768807856150983215723206942955028895752242118732176108566029     
     2351409963958443287039907167197566397011077123315059497222366392433761     
     0227087747309386234980643187404116072081140266975570901809892491334162     
     3912904327123446248387217401531407145221208268886387728949062709631834     
     5195604707302054891071262075418017777482921618476891037159139879423249     
     4664442607526558887826556715788664716005463973576386044510365384059075     
     8104036269807901749123493035411837767543735905443725417588143746026438     
     5826337987776680242108262562812762672976962638278093300791674774867052     
     4578661253436371403635402148261281966057667252301474945240047437883580     
     3405705392051424852572330628684434183071838381424487801369296251511286     
     2281614538191034559490411971463076448053381621321295893831960798789315     
     6805215321248607043693645632066286014673694010666647618805017413503669     
     0896097651026687615327039642742976670341227169122877458656077001159620     
     5746165698642229846086967893819124533530126970524979069099537697095302     
     1205737477956256023643661682353747037241077505478188503870949872872603     
     3440664935619152547151872000000000000000000000000000000000000000000000     
     0000000000000000000000000000000000000000000000000000000000000000000000     
     0000000000000000000000000000000000000000000000000000000000000000000000     
     0000000000000000000000000000000000000000000000000000000000000000000000     
     0000000000000000000000000000000000000000000000000000000000000000000000     
     0000000000000000000000000000000000000000000000000000000000000000000000     
     0000000000000000000000000000000000000000000000000000000000000000000000     
     0000000000000000000000000000000000000000000000000000000000000000000000     
     0000000000000000000000000000000000000000000000000000000000000000000000     
     0000000000000000000000000000000000000000000000000000000000000000000000     
     0000000000000000000000000000000000000000000000000000000000000000000000     
     0000000000000000000000000000000000000000000000000000000000000000000000     
     0000000000000000000000000000000000000000000000000000000000000000000000     
     0000000000000000000000000000000000000000000000000000000000000000000000     
     0000000000000000000000000000000000000000000000000000000000000000000000     
     0000000000000000000000000000000000000000000000000000000000000000000000     
     0000000000000000000000000000000000000000000000000000000000000000000000     
     0000000000000000000000000000000000000000000000000000000000000000000000     
     0000000000000000000000000000000000000000000000000000000000000000000000     
     0000000000000000000000000000000000000000000000000000000000000000000000     
     0000000000000000000000
