     3692640692427188137951552994656363648398714737001359851491284120536807     
     7595153986796878121416346373160808677572219508461066756889745714697192     
     5122642767601017807229130927137354554576792550920419557532040353420199     
     8463872482441652860804914421292633953764641835990772725165522588733348     
     1009680623012705975250001237052847205628372173143535747807514081543610     
     1132857479321252033931505486684916741465803942813022042907455909604026     
     2114763902879171240441409410794621051625923961049200825810419919978730     
     7763539525335423023692379676612247462510357604474169563491813746931370     
     2610563081685157418014777996036665780063526609185610033352334328160832     
     7213465669045657398145240505710901693624371835509928992395239801616601     
     2001068146135364825744131720196629251129591239407982588091878507894290     
     8371320524003246387445669546147029013481061989573993727921920440359267     
     0252646969797868769514618848090687422536307223787502051566923823744032     
     1574990040156212531496247813483857401139064648507121057156431781356683     
     4888293619975608761924182793422834643878431530916771640229447169586325     
     4330308557402162804720300093995119772264961081570584819208608636893748     
     2453159192452612750783596445932941501907541093925231474106009012081251     
     9682352473048682851389970736659931551799862318086571897272780259913215     
     2513660412594671714952474742475361735094070245406633684280939909231532     
     9548489837031385274172089304246236680970686768737860103963523395735375     
     7090821970739905554709498570530473306662594727154168996278866302427252     
     4114310194233940813574211625868505768891563398340335618676253031925519     
     7599379709618762610813228641260766272299197050368632453540742623110186     
     4470453050456143275751947301237159969986543955883310412882403138849754     
     7935199895466024356350111692536814191050718591742066375159402056481855     
     3647858548101881163164963451604214753825856213076333439663043435340804     
     3059154368775826787608928076554908142187189269295837931376415739838407     
     5466444991826546420203425254920867962586720961569119368473055035525790     
     7216061162331749780102670880686346887155454080670632283517894571898088     
     9302132166233175919338325443177017858490124475249843618411549012010985     
     5992067745491049011447143209675753838952988704860150048203244354124182     
     3566185677227198741989413258185350365695575177938351597199046183571537     
     6345728805614378192378148509655926850175332552553544757510411650683267     
     2932850101704994979515584373222548813683023132047182334278256567964817     
     8635695391716333898088519657231812808588559119390574039138109807757883     
     0221161250289212710278452213772099331033996789797053574191269600344506     
     2998014085209711664762141818367773646430417618713760808483082324554414     
     0354100728763853932957011235519186728845779162307521843687019746011341     
     9670576843185764190098840544960010128241579478696679400628900957800890     
     6761363993111515454988528347547114255100836740365846433574917319297406     
     9415146496832768606126474434668961810794382292232128243506945208369172     
     3610912873909328476930855616738569690481481202860030502079812539098651     
     0329181054225565300472223809035045864461728596192908829975683372103275     
     6940940475407842500290475263010060116269128104787689042522481742642680     
     0249799656956235384739986890884551028661612025926673797371837138620308     
     4509563835327302241070933590591624709071589537168772963602655992910031     
     4728846134048779696219415537221663706611462319808943314917445736302747     
     5452272476296665904267387750249402901685368946308981137547579934646409     
     7391035225348992560819180869910202738117102050418388235978313797812266     
     1456609068653218599849533539921314202160999110870777240542794917617787     
     7707396767260894131475355485554551191799824526794601272851873273411263     
     9633542887198940278195984348933914381232184428319462993314249972187689     
     7771985526069376322402859922606386341207580727714913876098123653903474     
     1268277991690550857455376116925069879268210756441554914042679381102271     
     5145726434357774045793303609001117141469023485131924118286756462387203     
     9362975251986030881077218138237915654088532469990978691371426610975784     
     1339534560581504590330677386412961358967858939854279861119814142334768     
     3063775499218687839427570597937777405606295069768505112642308091260587     
     6465405065728329059992004363556225493335212540909955299489592055321180     
     8991595917060907699004393133798628479408781418928008053007484850241103     
     7909793863632934790509639309779062555366173699983968030459601199637262     
     3257077979150410777754510113016026736749419375251498861201559124577261     
     9226507522653613621429475308949005895950089500307537532880517585141534     
     1722784080624054581517745071969563695624918712715359082354949260461292     
     2257741249813468724289255277253465869893787442185362350468171311038577     
     7558695554566998264506163648230080370230321930403278487396194946357007     
     2163771757813711388823885372829163780158618821033187969161588365850975     
     0430335936920558420257919906675141378520821079888161700680958139617310     
     4589746693263302593019456989144865791777676073090064995415935013739748     
     4149043994677505665902707518694028083278449417173921097035026586485460     
     9093012269119670445870344902513206660243364506681916996512633065469554     
     9254642395158413312000000000000000000000000000000000000000000000000000     
     0000000000000000000000000000000000000000000000000000000000000000000000     
     0000000000000000000000000000000000000000000000000000000000000000000000     
     0000000000000000000000000000000000000000000000000000000000000000000000     
     0000000000000000000000000000000000000000000000000000000000000000000000     
     0000000000000000000000000000000000000000000000000000000000000000000000     
     0000000000000000000000000000000000000000000000000000000000000000000000     
     000000
