     4267034242321120140823992509750552642973414013941524983108438253120011     
     9966355441391189062031434301254975857693112642665836391337755057634821     
     8248214845541823015387121205638155048852267219148619926934158813172229     
     3054397025033266408455927308002904492497243217994849134621928890297011     
     1800549279128096831429568548161953377218203562534339008689605380972857     
     4209147228348939310174005244805936058888940224040226912056194432414967     
     3920308851606657436982771913912800558294987127167967808271002754653350     
     5973494167539584882823641592665802468677096496846235672457339518537457     
     5236505797395673954588619877892094453600491491647103365621907382235882     
     4765199572394392973049973231633658459388607880865922932630069996369860     
     4885254919060903786027797207421630485190075853389547428012659994006202     
     5474820675191908151195377713803239854049734946779337342418387267683967     
     5082489042797452168537827215062041404366794178609926450401345564577989     
     6464350395780791924625793856721159309116419635699035366130475695055490     
     8167045867165658254800314967596049280198986921912793500419750600128172     
     8764744984480155070560102620546532403521090721804348072122299311456533     
     0535224510503916834940060847348555964758137686250126188630498448113511     
     3079095784715646246606789165817360562359797317590837863673220668202569     
     0008520732586871747219977289081449277651651782257029639688340343589243     
     6070831725669424608877297622231719489307482613766699871176712869806183     
     1615015771186785689779038010551831421054050662890889183483682172864448     
     0315555526707465633842318500407289696887434063634027469075009820061835     
     8142224954698073863469863941342911520482158813306822425218111714593427     
     3836145825879884195131233784608395912765264549437605025599393013102857     
     8970260469453645429341704774942529129318153878247751085428729581523663     
     5904011071389912034867132235452030905267629451219655713586141020723119     
     3785498320369732618705144357817997125056522646318128911128048453678803     
     4129276678488712248756197479928694677254452587850268931956140692549602     
     2484864489946256612806625159519283081240282142479340535426161435405881     
     9839053537110508890914822350078455395257287236853760057762546455464967     
     3752883176726980289037122990271583346444713530028115256377651565198849     
     7546155878084118802733870240843106022816761810795345246953790017866889     
     5125673558442751454944560704221585764832126692731381135424841295250282     
     5226409565160338782060761517379180653419066324791740829321099226218801     
     2371306233776866101789693278392462873841801957922192028140166458886492     
     3481296718190716669669389288755284339788766859920362690983916819569801     
     0542154428453932939300826704432915093780672740667123273224836825558433     
     6707946411374800038692120854928532602481011731772714293988664930686528     
     3999415545575389556247305419926533654591469912356298579021097922711599     
     3594859113629374918902898309599310381156947481408412360551876909132989     
     7825883804365891820848624094514329393473777455334570569297183469619932     
     2795629299535605720639989049513128856233373603076721224703264121346212     
     8427272311994374052538039746483788100189094895861587284399750984628708     
     8112982344895939699190308645559529998128209987962719072556706023182173     
     2902086641706076782542430214210965155574298299077170668379662589658386     
     0487896032553430768784439788021805040146291761838796619640481271238888     
     4421314690493646854380912501114224264408707341735100870164909425291010     
     0733845371795905972300975310239690394514113537601458244280975221625201     
     1956596572860165062014969303896687471220179532626859568908169256339808     
     9387212593695351320501042445539954099811364968505854531017266622092920     
     4011510457366059674499433988157359724225804859239947746635142166736605     
     8764330350647447905497186508060292547608547114656099675215490503340286     
     5661436021229993489945260919662697744657964696164353276796326157228595     
     4634691198844928000000000000000000000000000000000000000000000000000000     
     0000000000000000000000000000000000000000000000000000000000000000000000     
     0000000000000000000000000000000000000000000000000000000000000000000000     
     0000000000000000000000000000000000000000000000000000000000000000000000     
     0000000000000000000000000000000000000000000000000000000000000000000000     
     000000000000000000000000000000000000
