     1350102995738891340652237456437583926009955647350306685916905190350523     
     4693645078108773823189803758516770351151475307570827037999321155415378     
     0856291475244929921063307844430261776899600394008003634842062477371699     
     9404607639579806571226823488738022758767478607653532165487852824518979     
     3794752177371767381855539656515268747283621348522780229169452416747627     
     8763907328579106178543601879908037312533989591969438658455963085639467     
     9991185202140075246289983614656042837829267349892843514220375691071956     
     3642597878268869021225605518752687205261827213901667774524704960115458     
     3899248914484801606621525725694846296282585880725553849079289714951820     
     9229471299057744651828215855956046662453920572057233917042164487166112     
     5326917781225462628811981173512903349189833142290764117230735107915072     
     6006270054808575721335692214665299039480774141101023336315117884533763     
     8013143876515520131423198153836256610524642847481002326958423391181865     
     4478486953683080430550097840286198925159837860694420883775055466637998     
     6723995634803442609952725351306974968400692781011655509910921389304369     
     5414708039310882835409872132839664656698527995188030329638079204522612     
     2107683221738640562159182427141660930642005206385231186974369058793207     
     5451888894246615268065825339710915468282353752750449784725427430043397     
     5748294146230256828502801831720660231109579341784026074195790587398618     
     5552375952129267190088216450110368262499805319113190760004760466168339     
     8433763745771769847921911314815365234245023335799642208052285866314286     
     2495883107485989638593223512048798607526096230761583468680399431330529     
     3355285972849320048488183595362512430294089643596521176081554471372921     
     2613249895845133659210931193836898023204531605383165545796351636715920     
     1736778978062463309277520787708585015697041144976700354369140037872920     
     2446937642401081934269553952376304775931138599340168624608407848059034     
     3815545851814476821826775845231409083586650728823017131804704355935934     
     4242179361637865647111508968049983917120476442556809749613648274588808     
     8149326995950522765026168527231651328819845613490500161656820144508882     
     6957075738767585711570270896764160684357840148351458065335405645502430     
     1051171990839274935616084076294581623017531047764994612860224044402949     
     6278390269901143323780518077219806164902698749538533382997579687748547     
     7800517975098058584991271801035431760528215365081468017481600868824545     
     5077421964025259406472650928565096103758628290431427388085591218736358     
     5333769348046046725435977469768964873185464288500785415811609511426784     
     6234704977442444654951967607233571349720091132219263902066747671354174     
     0987322506067710132271844211636669812325050425679137193381239312499186     
     8041033856509214744068593001382392309608780762556913212275610813713073     
     3102460755656890142172755272725037337958928512907824732105020388113794     
     9850553694188112272074749926626999649425079962931197502231913432456081     
     6133207200396771759888036750560400484805122531011465068033530714737125     
     2819978267721528632663708813694570827458976353250360142711577695999304     
     1884131085902014459415713609243282196179582077769175767927284783755626     
     8759000972789864251655272744593123297818977009635368641686145620375846     
     5702005411487249520133548927949261596225029745228404761887175294872365     
     5119822068603624489209981100011486434626074982185233540934881118915747     
     9471688574984044955103372228196048300670353956862562607030182325946902     
     1427120203450187156144436730163848537758707529296029932434904593255914     
     5197582438720942748903235255173943989535896663602660558420575650313838     
     3666545598425934809514592121310312809470454023564396008778144105189296     
     7606889153552101396736285817739182620231364130453483717578858025232321     
     8256727444444580675955593625846210251981197298255644292105154152970092     
     1747518586013906959504655613695598586357025245187649386614436738239044     
     2305442116534245454077736229567285570880284565233380965084114194756335     
     9051585448739859470341517030712605621429184922432228918151864945055887     
     7283304302974417051481631752685128809167958681693514644446803139590993     
     7105763098877498614546523104196767662592820530605954953103686682109950     
     0730460940936154768898402370430979428629939794467516737483304962598495     
     5640015677331206884532429629441563764834557763842713869861937851151718     
     4017785643005779914228689336944711878978130272044999725067726133316200     
     7405277539352645693459558223228802300805348573668772712370257816617776     
     0566674729905034769967271933108871819815508714364392785232057477958119     
     7514423753575408267405741111082558326847014807097041906859603553484672     
     9744542114015643508329495137008041749611995559470787016955488855574404     
     2100638306358475980298026939222022563341646704438932715473812203717692     
     1805826588767953356174224103241963584244040895890067358070477397435380     
     4774231063444463327796952600971285022205741826206272761391664788581486     
     5456577570057225585658584100992994945347174088631022801616056413751439     
     8644221550130880507921280449323492681204962375260367160395177781435254     
     1892835995695572095316742878107519293600535947303486905248521370907892     
     1142202513344607217798992418309828003688738898121512007290211214303889     
     6532163760233153342647080854848828527820256697021376838975956627798963     
     2778138780297496757381047919462953147203996920374599955931619558632899     
     1525711195492791636298187544554828402434333591858965151243131803456852     
     4143395092621638717753048694238125572100679712551822587569604013748244     
     6741261457139701233794789680598982243637370465785161754661210978965962     
     8179882928066231433787688367049996797218350994890383716847663711501621     
     5924410615319862677913867080404897137909675137258632241997487818897202     
     8080027955272677930275274644269234934371542533360236911132672000000000     
     0000000000000000000000000000000000000000000000000000000000000000000000     
     0000000000000000000000000000000000000000000000000000000000000000000000     
     0000000000000000000000000000000000000000000000000000000000000000000000     
     0000000000000000000000000000000000000000000000000000000000000000000000     
     0000000000000000000000000000000000000000000000000000000000000000000000     
     0000000000000000000000000000000000000000000000000000000000000000000000     
     0000000000000000000000000000000000000000000000000000000000000000000000     
     000000000000000000000
