     2565138589765267083396560027795006304314272653907885310130491841885805     
     7148049854525632551747655869636200421520901745306541052718922018884118     
     0780963840771216785092882351337231415677092147259885260516995047506705     
     3105455044050216560478696308271854213136549638930779516604038028192019     
     3996103554732317568632661205626383823026043849702470841742496005651571     
     3566954878899601735476640497639453731614143932336148809042341225922132     
     7249295949347352260433811331549239381895082149910555007433422599189778     
     3126019725010907997666890204180843371930417023683400549359517129221382     
     5559344177285267112188776567114102376788895163496181707265921553448503     
     6021295103834436264832028796884320889672322641970972057409603460349009     
     2683842281488934900107731652817258655976640691473591581581548503924500     
     8224347865898559035834734279807320322531810319443643465223803365433506     
     3027006056499721758689294215934172861799762396502326475643786247229408     
     2357485522407807699493023179740843960685291448787741136903838995972741     
     7770777894448324294835268668920707843078944620562000960025433318076347     
     2185189016475645004527854639054784598926942388363744943069136298358885     
     3599742835292996382299783437541422650312245712964167715663277733805106     
     3993327018200825287398594589982612421586671312993782840510737263326249     
     3937778854811451887285140990601089668500890442190903441669094601976480     
     3020343224351372954939446953003856307198133690309272963845689541602034     
     3468495023848109005729190779791557056493717989781005578680455367950089     
     8446017031849225949673986078680776311733171630797487629928496530279417     
     4054728326430625952589300962085168562023869420331680129609431846851207     
     2595158837690844908349552921833140515672139891291183690502341745330220     
     6108768685024470378952575135254225336500919877769119588637102776147905     
     6733098059564642246270905051416492585184291382072046211318171030966875     
     7120347578170738237665316032364359281954496297494482479163106400260422     
     9725613359948959880897732552026691077168277713362616780871590017396331     
     8939705185465691691091643498895893501275973804546036871089966874014835     
     0254727047349865379776746901792275431154818996330841019689210759542203     
     6361001467573876791912259407485328196360983328474420581016501284811398     
     9613493907411406167026218107014094119805678255809802241174929086873830     
     4368469938623492147747603731920643015306322602470305077496899051198100     
     4431955025978021232540301122388477874535375878907492366037537050411639     
     9635452606900771352935223940446035409726307347770563537925231796281970     
     0912167511238710125418811539575928486668537906908799769398386381598848     
     8883960637027258765143005414535094880991164068507862850606050601668507     
     3968543668918533936119925581649859732292322445003677207672002811156112     
     3087417070623821469075136342557808007785732546987599729699343565707227     
     5789062161037957671052941367031786320324077270883157600382290562223838     
     8840510318904356358272575157651262599141781657822467491438363773950685     
     3326419058660121725111413142367916959932298484722349083274290813246248     
     5538142362158259440977124330797971540982089412586279473018113688947727     
     0925401791229848390966453611195597712483360772040531731074166068883077     
     9764974916999013691267926163959519257367642779581584238656594036694865     
     3102276406040284500383693678718800772301777187614951597832833211947600     
     5585976482890227023792310560076649897520649969983555396567633555587806     
     9537991919108526415543156724536296811581308280302353231267722345906793     
     3575576449441849504663047098309671190796347940992489828921634086872836     
     3116442747197986939155282228897424433329548509559119152068374407187712     
     8561300424839656302985043041158480524016215987359890175062892870733770     
     5052832928218555222141779030245005927594398990970324058246527632608506     
     2503198498380190177776521055762445479168146234563667499717107029143336     
     0762022757164113169530895003333055760338977170731003470968264903260833     
     1224237590988275943961508145024895771804037870879523830906144719978016     
     3284026513936882786806162554221308711323924259244394785295203156631654     
     6660593191197633934320558996637171708967569492674448488148327356612473     
     5065600087972038078445608743258888469173413497496016248271535421319607     
     9241526095232178635753556996563507306565693148064815734600137782696972     
     1496755952431800734976441660793469122547802446238319228806596667965142     
     9196255039332743395512678756016936181569414551638100836795414413392619     
     4620500816754694873085870345303959999952199488743055403852328221165491     
     9132093465601591181548664564817378432995221471951863912576531210206436     
     6712210551201961168710765710625178640217320294983551624811557107750515     
     7877230702691286017153790235115888074882448818109697566743687548751785     
     9331732081812065162306757282275155233802490132337702445150608782756335     
     1262089531546693654838836613165901188637669373700975145884609187517641     
     3952194455721725538148028416656037414962178612077358894125065445091590     
     6652512932941617555050514135893309979772224120414096927260884455361064     
     3358257744757294868445513658053315705744975107503060994852909257124233     
     3834318971408633394538861991555883241148278058663778737952095611286219     
     3399511634554991825181789782304095076072788088544099022137212381603094     
     8727294882401230704636029818425964706468474830825075581845274177732036     
     2898833489005304487117118633518502811474070065420735726912626910014886     
     2229495534849539977287350500149995605546832529839169289763482259007005     
     7789170581660563795556595687573480142746017746894020701323430686371093     
     3997402061510276897306624496770664481058282650605047191054696690108904     
     7609445714639495095399058591166420124526335708305048879207967701495799     
     8632669437993959286005842447452216884045826087256354698528241478756336     
     0857114673348525282476831607566847511946246677768669361982080191592253     
     4666320858790575591551579415387387718306506309493142699303187884145126     
     6341655713181634191940231753398988388857409464233192232529425314822470     
     9450192752404354991057414844951581976900456912255215667256210317362984     
     4836524083052169933784317482863058074418797008681797830994187513204186     
     1566071274753621480839077647492841050464375893617922033857738411989272     
     5640750787867107647449685826995010639101418043743220553872358088331749     
     0295709745634527837796008954007614427896491769987833997629441045312396     
     6478521819147723885115322047824984064286030407738403594922098407921558     
     3440451149832769906735900401813406727771129308290136481601128689874448     
     3537614943632207747991955805986474467418469817746078109163441139292567     
     6426630508886492986041250849610668740359882338100172426567599842866352     
     2098748842501789808194256455709326621812820254854528120553043561353612     
     8082311205067919378813087025334139018384391438893880091329634578768286     
     7341022881299986428005055929252944248664100299190634251887082090462782     
     5675763304062056012540660032110340129474878245894531447279260421019882     
     0836730038763540476749552762960666238363316122795513117321733138249629     
     8086310239215738548768583218402206647154636227578465473239894972473763     
     0805404871599017491400832741150520999877613504005638998615804838559496     
     5017357787346524318621718821002855898791297583909862428078600832928480     
     6327122524715939708715757727443025253588865559340945316626883395301541     
     3922249986037583221548511888777514960238047854027835719905739868366621     
     3774316178234848058188783433754486054857643462760102656340377170324961     
     1099479642099367088708923396680804077536748214660857284486382630254419     
     0144524598122141982513440662180272178309150464761861304022201536156562     
     1583787839214684757667136186483037962739691470033961298418388211630187     
     3407848222257509929178713838476927956469144373944271823461331137868011     
     7675894031357651876118748906152361619591041492520087764346264520202091     
     1996541345933633772152636207075175317289889134468398132557964836702171     
     2543677704959774575574956912233480991259304388250376541608536687192871     
     0446144850545920151831515319629951228097433916623326204350072928139307     
     6057601706756474056769355098364772911989987537948507291880127387916229     
     1525429410739317070334157173217739250728392885921978606079519581269104     
     4304157079556819996973912170016972439078567382326026651437371208640927     
     2102932860280956058960288129583976043072026222893548323034644904579018     
     5373923450596812975960983800861557471504999140332468332659788969136986     
     4506190767830712955956770161787476278960337412995087303371241236768511     
     4599800753180288517111080853967768384888717748217700678159539460429443     
     6648075372492121571140645688244446907188028738010817523462446479251035     
     0686168932349839982417644233174426813077030450716305965678199978812592     
     8805876285108068326903929249285410727569129111705094665970896772510635     
     0209407812086481097331808697108320435295750617814433928156417230655688     
     7236915628239898478233913006258511812704210891302976886256720851242530     
     2478952565362147462705565611894607382476758160419241895269714482793485     
     0999686582388838454498547931429712454341374752200472595491468378232842     
     7659816661158956849136480201121290055559309429852507880574581875662446     
     0395478657881015243067291842499726427143278500488062159554746178776837     
     5784612219129989514599457515218387286416527049561074870231308478095064     
     3955125586853855143660552073568531512077132415540412796152006581992041     
     8675084507698396441131717009802551448981091119444304977076037126136702     
     7224401190108324196821946693013583225108496798472608178509670188234424     
     9322163973930988064829331212579504418036985105793139299944769822153466     
     2995812922271018723490510394165364245587268277425660657052076511922476     
     0147633329906385866846075441764820317917659573229364893246534004319203     
     8022032473748570402440535609564399701674364341628869150838165981083037     
     0820343044861102891021340364149862041914920465582386307218811799377594     
     1258803590511233442074638417491338614049552618866340087837470582883398     
     7275133718578300364800678926798049806293358135957437726232784463220180     
     9303171538645098363210910981810329372021041371781546593543654795663498     
     0084317986672372556732636473609501680386966367475570419532935569304751     
     3494097674799686318922762763543045441260282043744828329643960931333879     
     3510042122549031401159545946702940549264470011457440173285281918909270     
     1846527914515037542090536422076610008580476886430971212286683185904493     
     2054058828814711630967620173191457230995222906251382878936503111923982     
     8122916924636317442648057558734551993637596043767806653869119081407522     
     1572130923027451162530689945899611177941718939434807942861335267692198     
     3542197473198533843062017639004677973122143371388438474048948102669495     
     5586839939949057517447165457635578470420632288456017507329422714164268     
     0095203360197123313862280306760294961004802226187001282682356762375343     
     9452997164060168454771374929504321974001867834860201583930068751407879     
     5168869938848826031606429183475064329021527129076861862861755538412562     
     7386823365810337986325130802710821873902838742637966601105501395296247     
     8764906399206229966886611733276561747060565014517135630674983742527063     
     6902557396450191122054670602060801923507624012241869238608511934766507     
     9772309214252465663488235972014131029331156231095162139412243958103369     
     6415341253180931193928307848468768899648756852545651371257149430024613     
     4155253124349125088133288435265413962391217841345713227603678531465701     
     6549365477563532714660605268076918649964751666244956174736968073031841     
     7055509853540231742077017311161642493645849375396798111367863115840363     
     9884349024765816336356428475140082679554011330527440422468722409749275     
     7299844956275026080387004656512111412918480053464713402129446134698928     
     8372431847042442475168098725012923124507603425909000354818681410040456     
     6597858904715012937183007175758964173894949250586652860281830046997833     
     9004908637720339406810116476053499721804406087717098084026991087706891     
     9197956796587872706407970849069209411215101022682799253256897399712480     
     8553539772504692050933077881807986696171744391008263394777363568301270     
     0394402841096485898552396394176339895790974708969463464424495058879137     
     3785312149352931326282502950660601872256789282518653285514990558746658     
     6415134424755546982731778147401701525171725189394933003588498499170424     
     3039244351173560567004554086791367978060635041105540147761118429961490     
     9739436624548536144710561270510381200926687237162145430173513498142491     
     0822767501512780273172058693905547870779389490873881194280534781117950     
     0760000898913590818094464970758372831825302548294275321760860834809496     
     6324434269141564860653409618898372439887055899532126689278330211795740     
     0522187263717996825718493621271413065648000891257126804971767477266864     
     7997335188230025081966259890174713774951934198147695174180935367728069     
     3452800000000000000000000000000000000000000000000000000000000000000000     
     0000000000000000000000000000000000000000000000000000000000000000000000     
     0000000000000000000000000000000000000000000000000000000000000000000000     
     0000000000000000000000000000000000000000000000000000000000000000000000     
     0000000000000000000000000000000000000000000000000000000000000000000000     
     0000000000000000000000000000000000000000000000000000000000000000000000     
     0000000000000000000000000000000000000000000000000000000000000000000000     
     0000000000000000000000000000000000000000000000000000000000000000000000     
     0000000000000000000000000000000000000000000000000000000000000000000000     
     0000000000000000000000000000000000000000000000000000000000000000000000     
     0000000000000000000000000000000000000000000000000000000000000000000000     
     0000000000000000000000000000000000000000000000000000000000000000000000     
     0000000000000000000000000000000000000000000000000000000000000000000000     
     0000000000000000000000000000000000000000000000000000000000000000000000     
     00000000000000000000000000000000000000000000000000000000000000000
