     3224323627206764702758513937159388237738759794220043227457910291434267     
     6294595271999772479239976428439561364793233962062958932125373706409165     
     0247993283992493383451570504270387586997831486925122084886338745820516     
     4291671314579677947942242644886321024559272719791731215663387035418730     
     6445460004001964179167315417927115028735272676357181751050497289498266     
     1402237771081718464602547091137683841748107567192840697468053231548469     
     0358884269215548241203505468692532284203748674315098851095010092416225     
     7848662930277819919202450381219012375050306141394834988033553518963678     
     7911142915211268200318613777428025868014245487828167191967202485036238     
     9238098443700865601367798102983939585052628442445559210896774934819475     
     0001734176329004097663584544932466967539776208775712135586791358888386     
     4301110967009411304518409755338159330710112153500119353038905273973954     
     4203450995002675982052440533362249992951569209266486152329004975597011     
     4150479835931417992419492610360112704691771237058546277560166724915279     
     5026878387995163859636108043130341106906990154350302317123415576816337     
     1908620567081061438810462486457255774099980089803761099379513914991958     
     0943481200795956082980327671201400861004727200430272827414337487349548     
     3792571833382011153275476278092902260551711828629806790179378479312485     
     9489497335168943222474178946883560834004332833409123926932640095630802     
     9589642075745311658071495533680749259349922223220483020852025154752539     
     7931928912976382685453172837849585572166831305755388317974359856967219     
     2387397761601130510457694007620267009475036420373329898092468985697152     
     2463715745947907197648135652777960490083216817098494568178492981121427     
     3513950073822556657956072521795151281269656325095061487514752558620216     
     1124664295523556041501510939586941067166192489016760766233608106807042     
     3028221032601944555069253104373654870273471356202940885077683149929871     
     8242300979456924755604126761444651219605743052382680552508716723933801     
     3814269792127841169280149608470096629750970035156366138579570643506449     
     3390853783463630246512478829990499990601043981654126915450561609604651     
     5613320322905707333215571059696612993539223890254692032379889128695543     
     5912063622678707287951187708141730364765521413511399458338518249931604     
     6970926290333737209465291888709627706161681705387750350164905851212829     
     9902435318987889747201397988900532993214458687085271112812421479006649     
     4460912773031648267280390355110853628087787745061226517270107767312026     
     7622219192775181555446396915835123332666333090970959494842555955509587     
     6108491904424573340742946221359128580804369861500308348613091139939648     
     6386280560917853686145220625115516932615077013912218393386820361292369     
     1070068083910207547781437104908728645818997962470619309408056213806847     
     1211179213851765321837502724428588527141700092189520530719703766186525     
     8148525092830295701950744897385494788291981020462792014090661823758589     
     6814166130008124887751923561212351973754900460354659395909190644394506     
     2282932205050120145652828209576593696086635216941447253980696149417874     
     6736552569898994074032112213182881200112010315887061641974609506563225     
     5847151876954400954975742922160054040617963039841503207881555657144437     
     1271625744359320044207624535425820735086205169270280493093106775043822     
     1705696058990451564151360403982865746366867850923444259551218263835314     
     3409027110764528100894032558828694815346529113193442595611319287648282     
     4686946530715798909048085039080013973792927739850112929213164508143133     
     1501433641920915905172349654739105741756745617724210474261656001875450     
     8984537479863822487777933240349266137992906840837381131599277497486699     
     0531303888961800366448822803023139613955181667533423785782805838765165     
     0610697049791472177819732264750615157086065284638592160277456989828005     
     3973774037486501865920868683630249806682253636621663692943236790819623     
     8946556885632569232882521837884810183808410346464077673031946782859933     
     6370012566087971012696803633878037207693485670154045006879434911177199     
     7198162210196661380710408385110140334193649992592022902347424926151860     
     2540624425060735090252836677833758645469402250701147443533232186174231     
     5550443167490619872324529634167792106067367507493349187699053772745951     
     0441289402602673297902598764722239489324182096983706121479792926595478     
     9491910370722371453348332478149655269650034890776391685464155808624236     
     3193000645918888403708023106470781983425808835827151687233578138247169     
     5966528420998790903386197070759634998110856405882086750226770709840980     
     1037007075294167682789627232042098841866317269732563824377738383013975     
     8252310659072000000000000000000000000000000000000000000000000000000000     
     0000000000000000000000000000000000000000000000000000000000000000000000     
     0000000000000000000000000000000000000000000000000000000000000000000000     
     0000000000000000000000000000000000000000000000000000000000000000000000     
     0000000000000000000000000000000000000000000000000000000000000000000000     
     0000000000000000000000000000000000000000000000000000000000000000000000     
     00000000000000000000000
