     1398256796707470238669729676396481266574672703406009909030339653081884     
     4575995787561478916627367502485444626662331839125597870343094939982451     
     5841124835923242789268259967665693278412583898394494638913642163607255     
     5656709407923772863135114180374535966708997899107583874545780443991280     
     3741447295367089684212502016965427995903567757020593476021774986973731     
     1028264633758358752009485628547297974508687648032383418511622665102451     
     1608084327464405193052462933454532974180748447522938730084351189293046     
     8190406441876923007482461676825394452776836549048148701719148251819975     
     0838967160532563419465626107434481734244201372280024888349682579034139     
     2721744057146998221469942166374964002987331322867680860534429021009035     
     6956395288455905971378960481932911610135992853397885070144528035753808     
     2004020982383684878501397672641495883467926622510531905585085496160777     
     8960974474353752805597538978168667858180586455676087800369091291239891     
     0877140370657107298772968021994116417951016422864296955384986539293827     
     8476604738311349092524550471236795417696435393972279228877462585394504     
     8182551580894940111612871865166524493088101014120118600910435985717039     
     2747430402387014238826447089990001281946449427192074908683481262578127     
     1561824051869202709329473872758076353982828262100185958642951506612676     
     5342492500780999733067007474420847581148772718148370387433069342778272     
     3085345836348431672652188769965769411740902276943216707266226940439023     
     4451761681576401786930147963407719361406140345321241763198969281955297     
     0889799464413934301224095489508373786960435630026916502118851217337976     
     4751433725315927807422914409549912690643738580418983241973308983284028     
     8871244235599980270189546762441083031062588251594248555417449194402328     
     4610137988778447429251883321344465038843000409912121149539395349607177     
     7820712471337207740942611053731222364096644139925379824242829994067613     
     4827548439160777468283484561527758864542916100700746905726620486181807     
     0226494860728472449827992571722890472261527415530858793721236593184207     
     1349114324708543014141523955334027042365058105636617543152637992617269     
     4169087684674594485040612158707304332440755670399752648339278522873745     
     0790674713231905543828626118004867742466194661911611736787860327533768     
     9483235522765864033612320935654056429413431551974704674703777379765937     
     7353042630657251502890178680704517949911633883051964885609252416501171     
     9688311387270343230849797747236139898115901348518533235623114547182196     
     0095221485151092394852220072961647960597482991061348017641511075102883     
     8231733005384101757390264272943376411955585148295645092560043627307437     
     2462997985072898782531286447609809580512072823413695085968587582756332     
     9218631367830682163743518878681498873213139435968835209241795935296961     
     1556199978755869937928412715645141031372241883804841956427276920917927     
     4846601723004199575655822587897560665495196944346312441723041041518180     
     3190161509348726718107342323819834497954897662029682832916908738801682     
     4294844065098635849229259122583182448564019714731192466372661211501985     
     4916914702959185213772443691073607487209154321735006058425780794600453     
     5102418147691181568693963584560280708972216319063318133002087534888975     
     6411289142814549394185749506080314545708254953699846417589542411544100     
     0460785986426823293582065007564817010861807892288908182854876720521788     
     6047935685630858254676919641209735109646174346246249304914835524756593     
     7792934268915312622340780641253421186042922579095812503533874927122321     
     8579358201747953358404112462044827534063946480892871755092201978277894     
     5859046532983340158398681029019426828915700176934082086916455085808962     
     5766361346718729835927933090225251961582309784700790784921154818596602     
     4435142109336940740792216731130208157648390474168531330215739451037557     
     6884572616434042704209089325061265871846027891466852411701386354250943     
     6859201044054001773498847424273595048930357008295365490151664551303109     
     6534436628332457110442578565473933697321294547832628395130826939813162     
     6013127900033721075983221421069845115768546030142777345125497346241851     
     0714100755209494949450474847621047413690148520347395256000421380792693     
     6674001837134097550080271388811890557385574663745105373562176855069677     
     6977430972729496403897955255928809823671062208441903796226885044404758     
     1513425444226772334542436546309366502024571540360856723811168658697792     
     7252937360089388973646266167559137148175547993443494118073426545709741     
     3242499338761857934931947672577633295732995245887403850212074414079516     
     0350374482368692753223576062019078498871807767053911470232170281907784     
     0282508736323083616932397472252748301277961725969714032420596242977486     
     7725575956883884385530461223214941872649259501518739296031913771544483     
     0406611253927128018769856649627237471982319983741144329080564201595873     
     8858031938015936477496739294320324286897607901962077557437041160355045     
     5773153486857899648359638445276133647404424156578108958126731014899332     
     4266795819471302041223606419332663724073270643873032519755765746615621     
     3378975948711809339220184590645492854840018834145239171299298506187887     
     8720971585999084470313722573834663544715418021491314133599207808559912     
     8364488975752803261321293933732067452456152815043416354447324774231661     
     6616529072121920083069013423769896571511111607261758928059688776780816     
     2076662733211271386162780013043584587470716572661053460173187536932650     
     6321985033277705786900815869336729099987101692163651161515023649835553     
     9715954510168328416438567097681588615927279383417102539171882373201318     
     9446636516355613644742316959954986553128375320542398295849616744488859     
     7808723313621423169936354046778199468192370354207282798852786461582147     
     8556312849039027828976032311569497139047975515600288336914420984597354     
     2015941320660427916494503184004911431946389920043015455238475410131361     
     1233518898285360846454364074104582891255834119402343580454503164957619     
     1940142572308011883044116350400064498258960160945757047681447272029707     
     2799219365219144414684482615439390094935175441876015749313791655264657     
     7543404387036426411895586803110574632658058052065925469521910676565534     
     8582482496809583107989820170539370761949154486619323086634172345348266     
     5695300742109099534084884772258158111392916470710965117581374940902369     
     1044201957458644936133279733690203012068251067444232214456217776137233     
     3291521411774196887420189116779489966971519637333295832798400955833296     
     7097057424340423638848499367074191179332534180589435260162821508134626     
     3196568535619689309253483907258691785734152856785052262852345019991930     
     2385787026527236833527947455744970563937129111108954717576940501724314     
     7232629495376961893476027044211825104735563261289837022680176987472532     
     3183000321852693567156375557557212352758788249545449689766742023798853     
     9332247137137890324081273159621461415102105935501643805789680867844812     
     6348880885747354935235142692943302703032814761572102417681504386181140     
     3698974910398454764691503270734027613931433157738270378934898631035035     
     1741014776452592207119710686323151066457638771219489029579230083392162     
     8978214874049879493448902651193313831059689902698306357961210110859907     
     9366740624207260140868741012815801817804264871418537187270265233524219     
     9606319326760496430692997960683944300769779929505113312955761722307909     
     0334103558241242150051502965879932875632302897788451659863013156759103     
     8570738972371098939514863984857741054426547118268452667748613253036689     
     5719484460448088823308025909836739487501154113632292899317402689793152     
     6503478167708419725346222573734349408541840052418919718559501876308501     
     3471439500319098689581796550035995445402682079933410268268474912214538     
     7378994409847919842679660628863093058634315953845587582536475655843207     
     9982196116342779264436813188646913966787019464678779692632408191572378     
     5375301496750829359786189929186769997651024653262203082730828780522287     
     8801064559333121971521625233757507123052011191871597504964220969117031     
     0715992825198579074243787927375136609675177199106106661074539747328182     
     9731107515801580567255237433039369203386193339544410658119649866143270     
     9484345222350903599398668723450073254236953775083253577166095237179670     
     1157770330015649764563296248591753427017309844180762091936480020242298     
     2436983985733648545058389750864204494030131622673697431685254001654077     
     7281152935780715594271357700790161483526636982603716780986508455698034     
     2341263170950066167285725501043564075711007330745663492229789688142048     
     6292949893414646712651698945470860817309152096856900172988273993888155     
     9600704359268403816535448175634129738637929895024780495734928808799943     
     4867128660855088547021147028228673660221067797120121976213409150199111     
     5900086868105533295500042638929419999064311334970570816434694799110902     
     0374371436772304518380720688251145273658221537892242331129973319019489     
     5933707047148677448282899108298294546857030208737744411738772666824427     
     5937743279532980016956480635787223482962379249254723080664230702968113     
     6107390525095354112382779002078548623401077651388223251785072085563204     
     3336299336725004749975170289785076309573769514045503181495469475575899     
     8922043597094402094757650774341523957683360850480600635076323903159182     
     5321230594088796703564709808068912884775515115454146101590649170409756     
     7331386499264431424222768143951686842312666089665979425514855533985725     
     3477185060046270803205364036832111787206789167844479878766415198286902     
     1751881946504242275001937546257805020183650435731586003712880984233715     
     7297682363568036316959312327045070056815471295616983466112278605071231     
     3825410972452075150094053094964127418348612445026164669298700507886074     
     7166537919973736366003153648450643388561420095092171203310158417558734     
     9993902995051077384533773506617526282626006059694508876634191101098883     
     4929759674105479743913243978095720927347466586715720815722626995220601     
     5161473762997859462626143860619957056880874595674852415721576604358498     
     0660904665656216767768236201311329905826389685651015655319798079967493     
     6537115418766647338503702679886769530076782165158859616318554923148645     
     7604695522077730085901915628830128403272228793834172247974371223638626     
     1661162073172488734492511650908767632626085108457590879392111146648330     
     1703081863883747719746166827030605536350051168581634569880597240197127     
     0909999215953638859624047920552152594602022940280095840048191913118808     
     5089513168077591795209836830500941255915887793142661076358989003188604     
     0927760792783582382575699080620634900413006074192458974725641440728797     
     1450528271207543441925536982819433925478694652980595671570237213467659     
     3567858080949708026180116555629401629080473614188784343230760006986870     
     1529746065253810218826270847152234424485389251973357451813827581230708     
     8786909061638654065829102708992092193077064936527941009523861921315874     
     6014163162695826158636209955370803563733422358615702804162284415687509     
     3361458303632479563872363321479027732896311211579782683715589752211232     
     3150336448389540077713021656782305562337021252452536517701200270377089     
     0315723972670563003625796571592618962398734536160591972470609203368937     
     9936629998756570493615320146827089818972978420096321481707534998839414     
     5457410961049783608228365179152749819763056219484757239304662361386210     
     1278198247497310305662244886221739018024080250364272626248058558074787     
     8258403018455227531027631901212836242824917047610336484649253153269705     
     5271359624282204897186286506355639579435676845355504960527304239576496     
     9939512523824695504969160261201627593991926606502280576150124228725567     
     6335070762878981303001469491467902558517175970325220360671621672775332     
     2022077766446697915944820334570082858179094788011356289767303062903584     
     4302703834742616003809263461439236080029161278013002868494147191130637     
     6643511241116532086240511475368108963707975710282893853422039997181320     
     4482449167408359158599740690654837391796075120745627982399852381635998     
     8406987000038264695904657629588388124032730591368736918455831187637952     
     0948787195012817193033019358924511208140224747271599807953927754593655     
     5722719602374402341707058409193868025510765734141535318450358391968575     
     3492960163731971683483877364205441936300034897811931273329069984757967     
     1645800952173613190399105533583941290509053072464773804320283212369793     
     7724961865573471543492421452344847730056028273020205699093076893257664     
     3089125495552254426633591992153807893711209355722720319540242456057410     
     1947972737264235104399654130037164110922150104172588163207875216665364     
     3061195885423406443208045399950869798562348143354141530634248367308518     
     9816320000000000000000000000000000000000000000000000000000000000000000     
     0000000000000000000000000000000000000000000000000000000000000000000000     
     0000000000000000000000000000000000000000000000000000000000000000000000     
     0000000000000000000000000000000000000000000000000000000000000000000000     
     0000000000000000000000000000000000000000000000000000000000000000000000     
     0000000000000000000000000000000000000000000000000000000000000000000000     
     0000000000000000000000000000000000000000000000000000000000000000000000     
     0000000000000000000000000000000000000000000000000000000000000000000000     
     0000000000000000000000000000000000000000000000000000000000000000000000     
     0000000000000000000000000000000000000000000000000000000000000000000000     
     0000000000000000000000000000000000000000000000000000000000000000000000     
     0000000000000000000000000000000000000000000000000000000000000000000000     
     0000000000000000000000000000000000000000000000000000000000000000000000     
     0000000000000000000000000000000000000000000000000000000000000000000000     
     000000000000000000000000000000000000000000000000000
