     6087642566292480914979792222363929835393094674960910485309991345720054     
     2648151404748489837198135790305531064345382491935452868550402564734652     
     4721249961606473290710707939542709406368821685545371299469985078290368     
     5544795661829864330007224780518138578444462514266235553631873127753719     
     2591932812195341700375097695238701105837332742718656865381219186448514     
     1320949826336308434405469691281110721368193746360820134784965643896992     
     4792833057454431186692125451695972851762415815245074747881346982649090     
     8737306215595551887621919142173484821636301322057996831422548848288305     
     2200644080390504255161615197712280111543553209826181101204531280044575     
     6813847338569285977195460984633722334090142323054169625752545183672229     
     1633656101481942428209380277938346528560593767910543405571983529959723     
     9833575321656810656811812115778401498816744505450513562022435775276128     
     7880043291730294250184324250402615311449017896782877776563913341778069     
     8614371674541929793499606217371353890223856035843958975113064256155686     
     8059701597663916631853403777616454193609780019406850812053319035810292     
     4530411923097925658616645799503516524243659535812382874171538049542593     
     3461791814244657826397354805496159042132386992600957894911617575330069     
     7130578132065906326969726728499225036749821570711328413083903709954743     
     7398797569465827924864260446061923294095778130273521958004033449416712     
     7483780597833009884679527651479085123709503836333084589300101925153538     
     6246780895053309848107536298443081832697145821440829569409700505850109     
     9149189429367286390008877013832806638903922226958395199716312193328440     
     9294485775066873289247040391243139677171344074129946023512920378074099     
     7588473683598966495362228355897090537552447698124973666470515154022297     
     3665800988391294838208912142176688239647599024031711422100936361939489     
     1673993438917844276710892371998603685284392894761671085466998485031218     
     0304200231022863937345311644145363866917881286360277766243357436878288     
     8243851331501084894328409552207001805350790808714445028950233706462988     
     5481263145947894053977676640865450479607397227379142978191721941781376     
     2909313004761607600690596745623645691135425319208236111336245375372948     
     6524551290397823926059273760686396961776068937675053242666118090116447     
     4053728518862485450249147935303238630312459362972890075761938019464735     
     1334359235364621449352701668206873920722994114899614911772032740059780     
     2189961818300403575965053429931263904643413039197441806447644150345591     
     9679303696828895885821539546576350946443870158476014536818739931322807     
     3019341521904486516620729523746153777020439894995739744246059989046767     
     7241536586531727652987547028874528008480348826998818188047275756515731     
     4612370057945972232673958498283719491301369724642591110166420624392377     
     5927204340229198448139556563865505828795445724905673541038465488156288     
     4114471836063241793852024195507954406673353881547269756597606902905922     
     0306305989799289591703354241743734143131577015767628232281178661905068     
     6811233044429624607533627797467599878178862438725597817266112624522827     
     6073772400764437225912635247043997820906196003279168672899566548454595     
     7662608121754379923524972974377501021516192515945193700809267524384790     
     8672932865683077733067562450918527646740518281595746760750429059844473     
     5821103742893016013361742566201441643558597682850100185981346739061256     
     9135310008910916649418254739405909088301173812340059409777343407561959     
     6153216813326676652196023080364995591702177063596013919952641986712923     
     1830289466622550704734945893069587347536487171077769169432824982858720     
     9845178747289680674387546151485957174914287337659593726518058541173779     
     6046556168079985530279460881703583884851130058168666731628027413136644     
     9137802912282255324251789413304488876817787489740526053943468103085063     
     0173671058232788912250486227054089865927233496520397756890534627360852     
     9033303363602770658432563703446404717222341535449163665167488467195097     
     8907511343374767035878855030742992291027059731466345247711840518280087     
     4500836272971039276695973044610514494963432629954665920695061345903661     
     6440746853940019241405496896281042896732739792756859947104174918971114     
     7270949136890986545376868199995524897516412765381476804597286032132857     
     9775930452508370139540371151508492635019450778835048468321579542359943     
     3482478364578402171256581409639632329796749254767944577564864645128875     
     5980460963007586086201878957035354209305823746766312159015132227681594     
     2086944684628123438432703141812931564976045165017135860622637414243686     
     4950583845877859665533086857882134303669956715125080531432379045668590     
     9523256438695191969474975493863455356041666030154661375152313766268524     
     0964944216377622509511574613828273494800015975845761683338304446022666     
     5292527075085153216121175324770211170386984851405394505262089915535698     
     7054383752340825643872818609402012574725145282923605470882817721681787     
     8582957809169646934412149753931219774780883968904606378199732463482821     
     5839073975852368359678962189427044880813401229278023376074602760401452     
     0612427991853546508633310463119640241302555091777459820705137089086892     
     3337969005056434042910008907813705567941278615121718768710443862565130     
     4650485424694090650687536666217733231262926958490573145691803624842868     
     2715539248856358968340774448403319516585749094811890307237450754593592     
     0924618138592853922264097796964422014922394265731811693330394525211377     
     2449411979593145286177874480872228038901269869434835090249430225614554     
     8194756338938808015423029723314266614809281402673290293614048652798554     
     8826616809752093315753874885705554059530237135293717212179421090508352     
     6288669589833156891333442032865165875059567458296398270304872078058059     
     2384154243299894549084089737749879259600823847463552874473116174542470     
     7723815803162787533754417744487162588625384108334295684571855434559951     
     0633130722327350084251056393471815698024772824047610343120495924237293     
     0632704568666220282817056535268704748683950750498265961803975936782915     
     2361381431841772306698134083925444489292949679255641124758045293808277     
     8254661624792807017024859448672036144843259866169777898001169127606496     
     5512757585612268032890063043924650480300097170041165551433851230749986     
     6629788975742749678262674151392358507352365987482508087883073277923717     
     6489645109159086319649200131538313855911573612271391538308072509827752     
     7398247903169393588394031668444315960420200746903844728649774833474356     
     5896585472794325472498907276105941557164658840226951828615569661731782     
     1225786838361062372137875754639678788436210765661443570482057087948962     
     1181012645168097137444037887652649479151966451854728571652129539614724     
     6232325369039143586560662275972927776149702949791256496547191875725775     
     7960281554889121586863673866176804556243481867810487704347202771738374     
     4949057129230124605130165627808379291425152725602399553591318877137296     
     6133361063462777917594124040156691520580281863385087635467329639518200     
     5392500778710848345759002179320782080044037845455225452195845659820654     
     3431393734166359639760033749229366395059042153175724156798514511969493     
     3367110286540999068219255862352866309689286039995939869438261106195956     
     4694134200573493509184330175854912513194992949134806850924243469607165     
     2241940830533703521204297679863872801402513858586010811432117994495679     
     8934493659916943242200691020809358170499363371822998384569048613510327     
     5350502351902807619544040948703104902596251305466742909161854263027834     
     5706812554060391119766029969836419772904888652872478781881972786523741     
     0842295167168856865511949979396121435069989655421042126253766767570551     
     9762475884835391197920875829055554071615370485985540947758580720995017     
     1433894748151358864517831248391330336228970932629180806010895902129207     
     6504960920968697076082152165905376231148533034245501150071676036225576     
     6344121727288836821576063020403652777735839549338771073422812478926426     
     2331590655821830364254158990251766954699440119771572892419737318126950     
     5161063218156358918407371384962494684912236533097536147068614742207895     
     0712231186332846112149924105144653553867379374194966010755265267343701     
     9222852867021766202123364371551335228378133002764790084968553036756163     
     3003927475700895087616262709846207446136364465861601189303495990029042     
     8447651755802788284946742072387028394893649029565864388340092393795337     
     1746469785441613708182737074209201643475578894631434629476762800811794     
     3379953109748161083613843153618975750522717642970014671875499181516848     
     4112725952875533598211406290331615642320252869900934608730327681640305     
     6378754437716580394470186270195678439409729854614511832835794789423943     
     9646479984976732876875327284422609299678242333755889811560912802430135     
     9276290756070712296673189701165311079497668526724827711164681258425195     
     3539414875068843657195786085980526056532365464722061240198597742439650     
     0126880566808914197243286804243226650091164277129278414756362242580628     
     2333073488599283072775723158960018388695199874491201673067381576871522     
     2925027177316729131097873540852494984000971659799599438162049588368709     
     5454019231678811638305479360351361411241845751675771772377854266018746     
     8340780871004715873872583769036386056876823911412313137092646675655989     
     5116076182243497895783944248064632102864472659102617418595138438668637     
     1942982204606356710123504288529852807684943150497021475219693524599442     
     1094878645611478054342544029525339087664758435551137316683958619821653     
     0080395853757333806285513223022050236741016058599606628570754797162202     
     6202069191210233806245133920672236652463949044828959996096903370435534     
     0837806284473027068815482131573431480961764152129560024047911598399592     
     6950722721160208522589385363071338471877596886458676932431141729156200     
     4912625609702604579762596383523026223323018096993381056578964849520468     
     9994179839013546389589413389555214311755328959694246193829956731117283     
     3544112245209311808473771520324648519221793415027012589390918786555464     
     9736390439345746730962379458117704310071123793447717223297835626567579     
     8617761205777823113050593089531125830806254604202215961959666486282077     
     3348285952401052499705000361942982091710747949269197055298155507922100     
     7413116873684613815565885284688524207052224034041275615297130522162741     
     1119340417621982906856033051459710425327909591270226488994665562133159     
     1231847716290787329281217073250411826057537020197946210927684442677506     
     5526137970395865274189565602550094822277949113294730219183115321918376     
     7020754975721160721352469000261047178883774461863444642012170630228772     
     4146778012228488939461242784969158203732733910629496947275398987560564     
     6533802213178956583753069716028586516036337099176934148486361443740278     
     0319201260744879284123883977259363848187450759539846096916219564672005     
     1626343442697148870457528518870984733222088344066097863170661112755550     
     1612277413782795603670496083839010648980060236542225799848624338012484     
     9376145118858376837813166472742583692753868582111378274241872535288438     
     6522020579939129753256921529087061350850745177477056303045106662388743     
     1794384888993639836978012731851636026456016327707666856064025203223020     
     1786582371875797423859813547948048038742717695918305083380387339724569     
     7130489312927230717647927990224544864332403975266592214580528969210505     
     2899837984753240216859760530755650304243007401610085246155788751512721     
     0951444346520461735871558307328401674112688689708986100756996200794168     
     7326820622766962106611661300487050149116466234341968284659279036575258     
     7673804268947157882650257725798449480173890008747859564568133005132505     
     2213946376789172510989960969732416775361155020574549746331905328677419     
     6919822052856673540791723962957387979850697352737157766125198370469219     
     2397862455532765752126632878848272890767090867603130466433861428547861     
     1513889591929290052099695061725607388803896235910110098362662517214524     
     7507139496122886833691045508623495797178193978141487235408205781520281     
     4739794249993639499526649250723501980483911662003761773325232095123679     
     5673488733010232572415121223029010062347309145801934581994046718261475     
     9801404655352349197417825751095783241514556032900895566609040042215778     
     0221801320610704370750985934342094562124298847204116684287639773103598     
     2363690717143648688822569124840311196389346348485043848281981770957608     
     9006719366124078259484947031466495915548890909884485869834899433802039     
     2907744806397926905297225647640807627197566126406555043714032284364324     
     9665740401607010855504943608869113688609358137717968867845266343880877     
     6158909681565157504434042667467482804252402001379944062419625740721180     
     2166402680113410789881262696731583953042434544431336400991538987634137     
     6118955168355885133999501315066076455564791320859117632980846992546926     
     1687626091943473051812327214915651972859086401909310845680657465488387     
     3466880745755072497794282048026667450784267728603092967312664482839532     
     8237562568771039960055928103774669927853734952721062067176331771512376     
     9329938656621787538545412723707590306138335242800152850877371699665701     
     9544348722956306858012033816495286562041026355561366672116661009181506     
     6002962674812055779210426246636300681958909230815087257926863253610328     
     9483175068636212838499583930568171994027952095720508074088949788107950     
     5563712812977814898223286009004980912209126139839246915479842748678590     
     5383657456148981470625942411620009664281736675980469982068512356638288     
     0898236694173925289853803674821447414323742503739934972087610675117148     
     7532240303361061915201102819704401953587891940496960317353314770946025     
     3901479156628136168728773121615152054774850461773399656267428350580732     
     5292786928367081087856777983072108723219177787328705319861147761548475     
     9461557861051179048765538079765090549232918258173369789941979567610145     
     1230279770550948120427684748694953329122696759409872616679370040738389     
     4683613567545687398713704671416931560883688503996185805663255170237097     
     4448642979247579442330555857734858151795065228762972541892090687629729     
     1309029475186672595657842731283581198841452683053180432425558067681729     
     6055575996740409923215680578579647068679270491301589759682766117927260     
     5431189843504952433376563556130364601374858525661146677517964912329149     
     3015119343458170746865793066976571597729711818960988203346156822498665     
     9863959542592577520092261815599556899931461316712111219908365686596585     
     3778206471275325426678176378244892175627935347994472859144762892679930     
     6797430177131940525820116025182389156078312057874085418110224476361895     
     3150880128803027534963016153440599925371430119820128862763817138444923     
     5268492051799227588916721130376221045485402620170288817218068753101685     
     6727377585206355098994775394463074680040183655774536847937925282067401     
     0365927955406716704287222273341585184783421418396034196613941904879822     
     4060052729768974723364591160784322834838852357995439033102325775790997     
     1064049227965645388338510887840325050717647701696565226265023048381625     
     3355210021605180803248359568875042067098746437573752730790291196695559     
     4887456688192476428180327840052900702442461625355539946710213862866792     
     5667935407140129400286380768552681292789923020255979470508292339737726     
     0715867384193969453774085281927680994353839043488833714488993472777761     
     2095898887816864482178162187838282624662475327964549329346145499863425     
     8867252086331523560807883478940482532352916490111813198646504168220156     
     2734717128978408200993847512352881871257700176266535559361505970075867     
     6679153760394624686514573956521134706555175162865916483912278180381975     
     4983165433558162699054442666578474669762527870751345938515036733440000     
     0000000000000000000000000000000000000000000000000000000000000000000000     
     0000000000000000000000000000000000000000000000000000000000000000000000     
     0000000000000000000000000000000000000000000000000000000000000000000000     
     0000000000000000000000000000000000000000000000000000000000000000000000     
     0000000000000000000000000000000000000000000000000000000000000000000000     
     0000000000000000000000000000000000000000000000000000000000000000000000     
     0000000000000000000000000000000000000000000000000000000000000000000000     
     0000000000000000000000000000000000000000000000000000000000000000000000     
     0000000000000000000000000000000000000000000000000000000000000000000000     
     0000000000000000000000000000000000000000000000000000000000000000000000     
     0000000000000000000000000000000000000000000000000000000000000000000000     
     0000000000000000000000000000000000000000000000000000000000000000000000     
     0000000000000000000000000000000000000000000000000000000000000000000000     
     0000000000000000000000000000000000000000000000000000000000000000000000     
     0000000000000000000000000000000000000000000000000000000000000000000000     
     0000000000000000000000000000000000000000000000000000000000000000000000     
     0000000000000000000000000000000000000000000000000000000000000000000000     
     00000000000000000000000000000000000000000
