     6925547211732227359893657714074072206594576928706632356304379728794286     
     7689732312724245838915558227515839934966621521365974148834317677817708     
     4426389114467724048452323620030376819323339663558631400289830708699329     
     4145289670433992689696090917496819486293970315323781058610949274764950     
     7972148949655889878380744733855854037574284491924946237086100454966933     
     1854535335527279822951926639994338544107466306454559279327877512692756     
     0758209631620096711839440830840453139708256046533616081688478953256518     
     3931276576159966547672486730682253388462173219535413782178447984756681     
     5432317051934555665236232445545061506491652721264674852864326728572926     
     8338507464463495835178249653456594042694893397949384416816630375459216     
     8762922157646777741400894819517510503545976965184013280735184032661486     
     5476385153488606452645384558231515275813598806677398749275795510924023     
     2384554686824353915872697073110490276119084939960862655768104508932881     
     1167461679338996533954792995743477631808709847984868036725083529353589     
     7422997535478855514888023373948301714349090409141253888449041478800604     
     5889759145381026589517544919596868653779168022639873637287132778458133     
     8430544007768255389665187513089432767862665623838578450093735272558365     
     4569598879133278430396319044449168622908186097774776927535833291940922     
     1061096351756286117404519884825308150888232365176232039732863535461819     
     5176146809711878480623359613347511348758854762989170064579941614885045     
     9149621746927798604045113155478595790072844569973263542005044055733413     
     8591316180865395462390459623249998563858588991083363987454979216209298     
     9693079901413348179898309992242455469839394918664696124838929254784747     
     6933994117031527828439744689659004101349523845612725867918394293300092     
     3154539215456516631071828936685002877904636676912361482105779642801453     
     5168148626428465933498215520285572934661104738180383303284691655234903     
     1188998004879663250531898729926312778986553800822192784754559523911325     
     1020343504330276942650219191089679650480534594381563362796156699449313     
     8783700910782219634652716901284567082317591650003822523211463128897387     
     5386802611629962594113979243931277352542060601371638820056515552631366     
     4549415059586797391283359086494037266617891602781143895621181003868401     
     1832103458483230473775878145769240338549607299332135105855039703462643     
     0360857721189065169254778640306337887485673591053172318333018233100406     
     5519785199341586704290002998491241785781244995131025343840227131974701     
     9085020573249073713347968199346957375198220064188407112745570704318748     
     9744934877781026322962289236902074253815916684751452774265539200984434     
     5144798483725280959907309372531184532707475564246794416465632511082090     
     8244989161713829054949206422390319445622655489960829209498344934987111     
     8466480135482336255473471511715050532550876560274640639351243252321319     
     6498455476245644126141461940350915514661144580521279217402001745174792     
     7149041426689401710144874635932898828275981971753315834811410104792832     
     9726308800385290486356126050867415589716310658720554372958860591523869     
     0199338161807613053400293933669034435470582012351211349723518903150453     
     6249394966559338090528325797652393681235203594646597305795821573567396     
     7354057220701118432530449223225176760453494114007852994574681547549250     
     1565242375936747003304058930239045361683469249210082654655454052327739     
     2851135626864312520588894186838595597369568922469362872545240449963570     
     4893680864803274422463548897347300233080160991547228399921583493396336     
     0839898989740804531439992095563861850873054716730501399223863045484412     
     2703930706049865632736969860888283695516558424941448744411247250558173     
     7578181026490702149340045190949876281962664307111787325447371212659754     
     4138519259467078737444966942217069641711887827298296769290226373607848     
     1142180389845498690137021762156480039760100488247126867217007421121341     
     3224867056104625684550584053095170137869565346401542201908265684072693     
     1868467444321861569457022516378569304757159935238981969872592793175744     
     7735412375420970021942209788462747139307678772863385805986436129984918     
     7889950707022785535570460106240630728505750534919095097119045514044116     
     2124472457586180665476788444287399007376117018999584774129126552938737     
     6060181531434370622269835450444554720336716680998012171481659791863589     
     0679041762140135273838496153356623377812164768979101883762315199483827     
     7785407594198857773336611236912658432148616871836971368859366014483692     
     7198503769400694759603233535775062206427584217293314620518731086866719     
     9902347253057142190707554520233490275690502000818756124137750295672536     
     2173978543799100140385714960382334493504755079018558656043189832705090     
     2295241202458053785906140704001725526250029433450195693724743763325472     
     7412015398345017905154864900994472267242049725623475707209091735751606     
     0556222672809739909507767951159324742782853770231184616122215258116179     
     6766632844617172446093881580353903437556891312269987127756120760842650     
     5448834112438766968450918589623872683319304593534089523080046975941795     
     0700129793514273519352543467180655088983071630035552703116932037117427     
     2805709630693711490545543161881802523167374392591739652355801641573737     
     9449849827524052696619946711511018071068944418550851865717843567835540     
     4908040213236988918633481771731118696741422634106082781539385732764387     
     7971200403811418704977877025467733199781682934663527939789096966958875     
     0734434548521784394617498469839705942719613148442471656329646415424832     
     1970943822297374770397116399180609930342441658651600045957602378893402     
     1370404068800946657036341136647863065094184450642984983557394624531343     
     1815168673592054455982253842403472217859501979709467784966055750509377     
     1102042113049102722612663495257988235281223229398123986612970565492614     
     2515525797747710820515947825629612236925609075488118590945328917293870     
     6852252257732130920936872698183457620498369632151016211923453734301359     
     5610059029885626692055366344822448141688442616497237620223502720855436     
     6051294005833711623444339274939472730705731578741953787404505968728852     
     0172506562174238119097103066028050068442192549296663322247418033695983     
     5831630567831859373067116946461838447987015910680992166994246285633814     
     5041448523340519688536181191189934971745314021682519928077983329754570     
     0231473654744378960993204037549331961836194050530180259540754087339403     
     3517543717745788906340199689928046776601672162016379547760485991920667     
     7755904246825990621383461157053277283608726473610970656506223312599363     
     5857405062943690321106765497300695509119496419330225200870255610869357     
     5546305157702611230385371020332634160161118836688749372050397488859150     
     0349717629205007620062637611934517767959672157280673275037753580702616     
     8029427291145656710133685255363059666468536945861901050949671067206052     
     1288439300518474944375299858242392303281230248931586353384916260729603     
     6055854416793366686722667779215059745698853104753128707580361785311491     
     4651062370812575548977556103410457245615537681440055152505911593563000     
     1182337577130460652805887735212643606412839792901517514470084892533707     
     3009673800559370233064565293605784118251977367478782943949801220409100     
     4595372497501212523828222615055031035181990346449850831811074791809569     
     8465026030136213547467582191442966466885735060890093786289981188525762     
     6279363654493441466247938077653624765868026728643710762551324230189854     
     9397159997493361439187893042117093951844280673589090520353607646662150     
     6692673681353607682857425441467533847531798405653033044829748579930642     
     8386202743792896495126533510103677020417382683672132392890052067206267     
     2409968608080876692771293699566510848159013156028147269626757056537057     
     0354296616963992220103078720043263879642338498837100818408812926570513     
     3526422599133339269631895318419519100495741507737803465993021532452815     
     8456887475092425833921526908137379406765302408385159211814788915442416     
     5340880436985747049084957824141738870851786244296014801279153137804948     
     5912482410415849623259164462189567484895032203453078817212015533990349     
     8264608532898323821132824275428786367065335769210650636653196493245047     
     6852722347283016807527719562516990583292573994893537957181190622137996     
     8891587760243200126422938058023840622616428166962278124537369057412455     
     9976352344181842475237652722701038073894668878979099467137543695969362     
     6335896672832322127159512378419337997365790134272052084481763585781101     
     3721768061584015773345034675711496123321313056447994357463316178417747     
     6388930220400309376733796389918163566018436096483726048836447127530231     
     1946575137803319164318445685338228198606172766499632874847536136961124     
     2441614717733301576613884760719662140777528076819039246212628450150260     
     1540715919609854085786236667296335325770828464374214908351405779932776     
     4451565687524154084186352461732552171535470102780152843723371701126328     
     3845801680436021553138987858802947455111335130173451911053673042263114     
     2423334023689408336680717566402342589119069603712223356309289579830615     
     7860743335837372995552565742331424050660408710691315299702544959880936     
     8597037352263824466091396255755489930090771397096422504000998605008913     
     8809051439806472529660117028954425202745781112184158577928210011762075     
     0809551299102428947376611588846601152615037047985036019454361400737744     
     7560196571533348197632098311993310203024981692939876384246282731239043     
     3480738709019563048182989846986077211537874722109150681479146363205227     
     9838665025493498514041697744721447775586237373379869949169789451815229     
     1890726884872776613815333311505160340175191192795834476917251404872469     
     9663645232731247625172641708558468151638378996226047163118338994851051     
     6306791666814516324728045884503539057912873375555650780103912945765130     
     8223111909546678942180407820315027276289846999225562966656038471082027     
     8477036777251134458676239521943416442010104152088644270756959538781312     
     4175166798101476329986974513822178692082758872779191133993992521702796     
     7593737899899481524798250558334076909850034195273516310058878373156534     
     8062548658842133115362054006985242230541013425442682482973607061551733     
     3769816342522957267172911294038979418101688418505475477866933744373292     
     0655626294737413874665981366284020639939616645716600957864975507414936     
     7580971896552561144638704030026906772940798433475616628018332832858503     
     2417329950854590138101548431892048089540826637996459782685719870061531     
     6592613879742511673583736768847037632773106249173691642097211348172947     
     7906287904369458691436664754926409223518364136169417002859790181312992     
     6260700808554637507091374184473420401378621909364547504858270670554332     
     4591086170482900705541869925450757523693971105527865678432433098385561     
     7837870343489114783400882560866063495097268828608728319600863311967441     
     7180215853544941074295715713500686227839989587125010784510508459599337     
     8272504270518753282484079591186116401807412072852759011783808626978025     
     2266027867590553867438728625649046597993396679561179388050618840901691     
     1275994169422006797072041707363372773488620295623682237177294452725576     
     3755231573697643694135418375749683257402336400039483810308350147372950     
     1068571155806586619033425930201022400181308733225040739413604799244210     
     5931343251627411038363042942377169248447874810913726806529745571696463     
     5406444051098399439135861391735386854197746187553581344234278141329029     
     3551082198103837367987902393400018703083167761079829952543725338624283     
     8338615293827056858403232950189054741018594260641484812897146909873310     
     7875929576334441974112652326237093843292293149911145481121974936777775     
     8805283631033509069078029147229173598067344091262955878706316233073233     
     2354836840765654371274278733805143238230918389449151266466856998304499     
     9165613188096990828591941090676902725749277999176925951346855237966667     
     6974556004031780856269653155439063803229212323119344816894197403661875     
     4387729393373894996839896976065118779879920677550235888366616238113743     
     1793773791698808071798129593741609141356382047013865569500452612390320     
     3488432150919958650681051776079194097518750893818938702114471711453565     
     7750914152956103567276492254587144934477491427545988191337283426986010     
     4953884073171708984748715959586654303668553725075019773873895066079430     
     0176871243029408275482228741077953162434367238646985395882635072937746     
     4153546099635502752747644966239125069359531589921278678352872132329926     
     1717420325145157881760977925111696664393411347113066172767303826808732     
     1162315152680135359248692491919814958453741291781037408676513289418321     
     1949743033856666298886185260634435151317685809165743662259101291351898     
     3086467655528301918631328785364076371454311012679564962995549206871475     
     7672808782614020317730278328987766893013761713111898981767237641563984     
     1145659746786346599682906685197065277838806627244612676713172376420218     
     9273285522301804687477143377170312673537284155194530043313496706115720     
     2178384286183262407063738431999144960886776198714216485610186460413809     
     0672310281125931276191997298436617351045505563065100850613786943059738     
     0567013187315216138875996136706901848930663293878011109557776239972943     
     8282756551896765128405313867212503669821751119382107044276644475239900     
     0833189099763567982477929742399780535282524388756298076048791393086892     
     8875113291722401755844702540884594333958120086241250190791084615787734     
     8501297644139457189977302696838986656356203452250432308319314450903195     
     5075707660670523975153544958393364672542904806683011178699258443580041     
     9075784962020179790556716535555369367465544494364620296820504541089965     
     7784412543047301186401265050073896170406468710391416262266658134816957     
     2546948630102449233680969063631760803478362483630208108588312744318955     
     1166486029442900536285789172066591942773379609221919184726814110453626     
     0745760563049366112328287094922034514572713925455124229531822372787945     
     3296009770739210437941925227631526085397210706346370396198757300682796     
     8174769940985025818664253137044864193283729127332867408502251025433509     
     7827410405203905894277911446015197336990601128227819381393331970170487     
     4968591980641721657887180708679365079801375062926088815796613530235856     
     0220233705319011149437493929867499851745894541136278217684071763432360     
     6986388786762921224439929472179436940881928780416926488489333473474074     
     1413226550778305785643077958959164109973495196935547381670688705773118     
     7248986532627884506357449038771244925634516777519533560288204193329081     
     6874495460819500955537522415542680859621307863788046625398377514173745     
     7925126741908219218328257310309058768397481647620892056029150853679858     
     2483905722898817268077053110888523779545160154968058529081450270778581     
     5621341953597474342259451994042812122227911956295879039074490173576280     
     4627262039869991169326417212569879421889655685733243673152694402022517     
     2754308279113105167310767815166125723971554491354206766081483732888391     
     5888314653935592751215141337005663542014939622647754998894018306570965     
     0767329202378332058626021556826527709351819025200916355108593751846254     
     2404973422815764216868394560523393744064893824422016188444329355270444     
     6514017665204472310967189902126433208826585223245424892616111509497905     
     4078716354446536742732167275658337283142426071915877749384517698164972     
     3936106796865592813289416849076795690642808948929054454943014591763140     
     1193482750500989282492931197360521447157598523267553154287944926716822     
     2001607487329561961416339706092957146858446393920499241495501599147435     
     2853805463376552902888004976228609330900642302580934786968347404715548     
     2500034717620418499290460169869092353414171115285789066348560663575865     
     9738167240950188900786593748315839367896835756256217755423717698704016     
     6134594552606275734712350340828584504155521063305818000758252868276988     
     3535361500502377837123238362057404654978226914082745918670047109833857     
     0413902723304179910233173196875345921515076509637683994936775049773332     
     3666445961234576260389213820494325712920319899730456640316935731850967     
     4879697211914571572912816833975789146481785743355995296395333928534646     
     6164267265415052151580658084098314325766383790851340184705152491610624     
     1320960025485031629857683555404016119623542669634210208766260186772451     
     9256089270139036476666455302454589971596217662426815860182569314350847     
     9751772828041446394982770587651124056262829218850147301180007338392854     
     9556836348045380022940754815043111640448118271359979411239868563456000     
     0000000000000000000000000000000000000000000000000000000000000000000000     
     0000000000000000000000000000000000000000000000000000000000000000000000     
     0000000000000000000000000000000000000000000000000000000000000000000000     
     0000000000000000000000000000000000000000000000000000000000000000000000     
     0000000000000000000000000000000000000000000000000000000000000000000000     
     0000000000000000000000000000000000000000000000000000000000000000000000     
     0000000000000000000000000000000000000000000000000000000000000000000000     
     0000000000000000000000000000000000000000000000000000000000000000000000     
     0000000000000000000000000000000000000000000000000000000000000000000000     
     0000000000000000000000000000000000000000000000000000000000000000000000     
     0000000000000000000000000000000000000000000000000000000000000000000000     
     0000000000000000000000000000000000000000000000000000000000000000000000     
     0000000000000000000000000000000000000000000000000000000000000000000000     
     0000000000000000000000000000000000000000000000000000000000000000000000     
     0000000000000000000000000000000000000000000000000000000000000000000000     
     0000000000000000000000000000000000000000000000000000000000000000000000     
     0000000000000000000000000000000000000000000000000000000000000000000000     
     0000000000000000000000000000000000000000000000000000000000000000000000     
     000000000000000000000000000
