     6916088439062871437816025988235429177068342194738080423570868785244912     
     8562645857962652243551760591401098175298058865049626814860571327465619     
     0854756466741236666844652403775282080610329285933222995038449578241235     
     7369732308749291136576906827827749923852323637316680342566911206692199     
     3583153906022842185488856368116217647815550493097706527912566669246057     
     3370045132217351451024859236068341499866726607960306394310919313903158     
     0949312749913207038070823200575701071187464164391846352702353490974301     
     5244459610971584755164384286620258045108764832343330443073640256882155     
     2976716716125527423490093520152665980366163218596360324913196893037869     
     7933712682238406695120645675193685133134863488658039934079648289003621     
     0376740774976816264958620454714430289749461119692930128847332889963590     
     4417441061106465843257964158091642478956031137311344609031005897065289     
     4116628054703740306074663348244934397943441117728571516944775229941363     
     6307032810913922787220209889822274091244626933216090363001783650448702     
     6371607335159438019796356105200238686510065305230671621555930440869970     
     4372935664429518598340229556908499039694184438413686832828039174746863     
     1493097231360706509080612414094974397246857944953005248208507743876803     
     9426861700509107934443638523445162935123026273356507615673023018426836     
     3564662923917632771911725098843426258020580903691437859580259998487006     
     5363583213578741378881599064727985123637644642253860718096989998734020     
     4498882377128252801480726876581623516716033810505896948651753945436521     
     7062145680618852490972038929101583932819808954319733573673092386853929     
     5518450241450694557493577868123465461604655207876649351266450616046103     
     2211282410322524885948694335213118523874318044030856558386840095414347     
     1327336857309910493388475524034074911813333882024310581431152517097756     
     8343831364004448668171900069975303538047540125607045831441584643144584     
     3267488868438782642951021329361709623292426659475646411918637529778992     
     0168835528645466380032603619294436160496413064340794010197793978372736     
     4417123052277850709390019650355984578271594053221332371181173755651313     
     0815504287053210248751651300981164650773371653818234547930167885690220     
     9161033412916926002423135195392503085791046576226086086938526401679647     
     7617119539861724112519816158487789500108699629593977749345299819138880     
     4743196748660550877128781888342002002740811956752207475684121472446319     
     0945604598078585935853946329207259883925264779770381863298108762610414     
     2294073965186669772064060380064612791212482240131774548983459435168254     
     2880357339689623516864882275457502648279531644901305187924934801764342     
     0892854689578016213386266256058229559247772309696029978464545218860588     
     4579259704687408105895984697150219434487884398934474948775863468389789     
     7261477690574953743568890352546287612051988163122156170279722521300039     
     7595085847917842269781519495622535325518963871222395695271004146005890     
     6574011909163871498466199305726152630225214597857907245239150305821010     
     5651561382068536155355816167449996992790168581288047224072629746974044     
     7679465858753159273794076997030963992363664610578564660387428017335837     
     3339431320718073710163839779784177836581067271379104036297433449090420     
     1408917695757128326349459456080846117526377301473246715560470961001261     
     6195303910198875781643324617150225944573531178446726403839422448900873     
     1243291654966074283226595748296062977513410302625344410724765361522657     
     6788922151057595861367698780755418700576224628982759953881313039305034     
     8180171370686311363057810572189886893092842377333836442131573808415457     
     8016942218128625776314482433376588195713119874222402220225710148375789     
     9953661140088303944478294188770301430311412805358346913981754503883473     
     3083523868698721819130482225960608632510769145054261453403095014873557     
     3652454197713819567569227677867699884671935494952842870738563012432098     
     1781874499690265621197569137675804494579872800708531139899625216110323     
     2330181931700517653452695658395632925621099752692172976872115103902911     
     2334030638683385202259677080760126275518698206246649818087974977811699     
     2154438304333126681660336171669183294199601002863023689357432668923195     
     5742732270075131509296539064827621618094512832585239801877455675761303     
     3795719504974057316805154707020139090868757080877807919921251007920738     
     3923443194477723144951942979531277278955429344193836419617735823804058     
     6228388504083272304901610848052238548509689754648357256578497091828262     
     3437033042121047288346111307533905868525930653372277162610614818589383     
     2012847475027611442283417162336960898748639114721106594409713251175845     
     6426952333063040654134768434397305721010542419902241766255180077879552     
     8771327656906631308781897855021946846889223969378263221370992612838661     
     9610135780734443132638465301603654384074878586937887132408185871836885     
     2634828720840582142056422253989203817125632666365936319935927933143221     
     9408692442618416798447804720008123608788472385643303035822016904071324     
     1133486097445731383756460669340440217410802060109965318853905057760881     
     9808105501841666961193520815437502310971712365211649722648176621710808     
     4342364898978461468363736950292507284604093419395442932305670493726223     
     5510230368133963431346293181436107056788348224971594674936759136589905     
     3149736759931852332626659529048431890241642433816596492097859364269066     
     2416566762944465909787637802774226163055213519260749089149385464176979     
     9718636318968416492576576032075413309939524586650764530260277622532451     
     2744106995381382476070883790381298866994780507948202833996015874587215     
     5730510214945008797361975079545391920618974770422724120528193228467380     
     2356253427244604447181645217320643273003076657798373404825100691965380     
     1473030834084176521456081349403623258732126664682417208609736533776400     
     6501377743892922027221135468617619989386808911254405352617582197261332     
     2175869206711009976985384441794009192771939789926042182297294206785148     
     6144104504663822784232693376308701576304802516781397438260343683430715     
     3897613833084458539459855947230355014439813022571278622495836078691847     
     4081883238104816006690510207912085472889924926835994006175733446031701     
     4161506425620821280518637942832937992133538545570593701954754381874804     
     2682574621722757925947168513661833340936154008519346073299077767723866     
     3492755810252583374714498763403753082856515920394490809761044266604482     
     8973140259774009071815417145611379626599810715809952196761262657943046     
     9745156722691265791532530009373811755303084762900434158381753070374820     
     3583410988053448461862261415222606905546377343435362297936196533642535     
     8789432605662561904883163871071701341518246627355106191941569196361466     
     6806712488754882356752052845065104192715435001621062034141656584628051     
     7506999944936349186998474633481237650652390085914567469380126844258380     
     5940648644218214606939803499793730204854302718370241325740694051459040     
     6374587528209324193138568850951579998437754497494617917456302227629608     
     2667107321743727995567337673330181659067190340085474171368822553516130     
     0220090471031273745345966542029123494992337279634370864789268731795100     
     8394524574292826973996617149248405582002229796426353284442099420111304     
     9173540970127766395784240650460053721194247601930312628993311522870973     
     1602775950203497468083442128665231142013935844918138937395085423177639     
     1833985145049813706492642767118882962102406160056320000000000000000000     
     0000000000000000000000000000000000000000000000000000000000000000000000     
     0000000000000000000000000000000000000000000000000000000000000000000000     
     0000000000000000000000000000000000000000000000000000000000000000000000     
     0000000000000000000000000000000000000000000000000000000000000000000000     
     0000000000000000000000000000000000000000000000000000000000000000000000     
     0000000000000000000000000000000000000000000000000000000000000000000000     
     0000000000000000000000000000000000000000000000000000000000000000000000     
     0000000000000000000000000000000000000000000000000000000000000000000000     
     0000000000000000000000000000000000000000000000000000000000000000
