     1042957861086299628253435121899391574813231232238097216073043974328946     
     6581129723209686840810521606338730790366111029888800374855100361949907     
     4416991412310693754253619055617035572877911662256452002684569990092240     
     0169234457344172931665833997545692281318920824407299950369340402384100     
     0490839832433050357380541881463745516742562739448747763115640650100346     
     2765394343318070702347424838560012174178849076609222242304334908821048     
     3853804724342636291791882712925122453175900117566757174186016932069201     
     0529459021337254187083247734328871996096188761164826680909973867874280     
     0612977756184633655104906069922086998554626078059354684006508456387759     
     3403031766118759689967397878115456438328713019449146166705701653519304     
     8109164741908613332660612375807447095561832758367542948294953126781825     
     6854708836070500841947256350357635080496415373147112609263369749948002     
     8626144643800976042244313654418056042559438450920713850010071624930572     
     7965504414926788650418673541114840556613397743662755236606602243956754     
     6935041755213237967350812485248437205898914465071275832112634198639766     
     9738891529731253131564343186984043102904530111946486294316337591220670     
     7659693832957278456857562329207750578253534903278769421910308856422159     
     5914477755025159598116828157408976018796249811105965286933284718020026     
     1505120254961268988349868184576466072263544787408879591713689912065526     
     6741636217614280573699056299293852877275832399594628585499430710818405     
     1025253538219985675761797917279180600411582280279230294843919680501943     
     0225547528930898595251584406819783259123816892506328865239878586982717     
     3279930498130639243724085676658464198715614587363274924931754036336790     
     3094926262959538531415784805665244970445383563871078056232175104195356     
     2971125627858833314650016728085918004895143632406842681277547510103414     
     6664454370557239744178616496106304256810805199206589013011169777121524     
     3759158573777795431965310673418503790687878121937889067777655749090455     
     9395737403737488181698409250572559518503790625102483303409327362534582     
     2208538769236010004275408232509077225054487236014747992207017846764833     
     8684451519969600212369173192734693732465397399013119789913689349706620     
     1131542198384639068028923998194628675268270077461267597940564910722893     
     6739832830658401947109933932600013843136897617558981893058209149017613     
     9910224053686770703689765937604433722253949082427454894609075501067941     
     3102352932148253857116694241758197899209429234550332953992560364922628     
     1504379952289857206345525387736549570677510766558208019618938562191682     
     2746562039204120185125208191802716513268255297992980874617656284022125     
     6405660902970617513222422433771140310063179668943696956265241308054314     
     8574525009125072631178799242391543742577046586741835660539885478849857     
     1135545226113028324832131854032755685998460486004255712305553710149053     
     9237654699658668881505343475750637459380090806159583344169287397822346     
     9832638207099076067060652545613829503622917602355594113425493092537981     
     0948206008155227437141197169108830159143660209159960403503852296361938     
     9844502112364712292980966536191943846195165822536152838297982212464120     
     2421696276047378727062233135557318947295852916259856181851507322137170     
     9917578683596664725108845852549773573252992201642533778763199738550846     
     4027290913843509235916240727767229755850248672124196872746349734572174     
     2582280866369970607366068278679745532293801582266906153381216261605817     
     8752406946316914240923727521975536404721585717530430173420943406638717     
     4713309502935860139167018947797172694134605293232456790092823851148794     
     2797234013956651772937724890060243075246778754055401786047714697830750     
     2138000316491322371646625956625993185498520196270471167296801641892810     
     0725321509399432959538289397630903672527884901421539295671256088575531     
     7021816364764420340622384887612686883810615116210126010233304802072861     
     1155778751573950193673189289474236500695727197570502325196595313647105     
     8569179505161681543737083140633524841436493650994870237938917818902918     
     4930978073221615692873449169059362416916376871991130171503888131470471     
     5300832940607874902820789702130944135679480458265713968575154799863511     
     2094182157520834771156655500919252776426061852957519443175271767554562     
     5330949161247910675354739756119404638420512300136391532458517098498212     
     3167928274885767577488189949470687546850586544362098104127738286545194     
     6587241772039130959072607308326150678180937545621555112955922144055410     
     5657751850916401931356851440070548896795492984197989781259982972293236     
     5122257265169307081883210353221679221503990049519653786777143346891752     
     7944440916495152063134891919757691774622927893869383530501097744545054     
     6867856491088053947657114927422405685191221763565792110798346857712156     
     5722364838963295281211492728773676141416794114282924947512059379841075     
     5686700925577508694957919679642977727631502835858940465810355085430455     
     6440892332401836563874541888172768288466242829162504675463425376071887     
     3469368539568858974067989945468896320764956759320763898856464333382512     
     4962402997823576916879318576998392236431577380730052739517812525296983     
     4061895710080960851881040834179869764501951110652260031032001164632403     
     0961658103041325041992638267180555944663066746711304386079441418677384     
     6382845471946759859629752182012653789685359208716995963763034536532502     
     3030134328784814389193723428370089396002496713755450584753512960553033     
     2897195076377911951533437270054757821777585262641638738577804803170832     
     7134911731974405373926988891591293356418977190548986644930802188096854     
     6737437098260283113206096434298053421574166139588473513151680930326376     
     2209689918256924754960542086564622028630094847515844580457539322528668     
     7690471094210420351832470863198521178524663323840265658475114565075082     
     3696475556140280825141304820527535590393435056033754739478506015951950     
     3271072393412179910546446673850210340537338115574797089421222970642650     
     0737835919741656345496257788663441369801121322189490456029397271428748     
     4265554562249476008897087771469187665192983168935910950163651058163456     
     0637360159157928329004789628295729840098840493671222564071244703192098     
     3223900064170170748600359431440579575704394474553917656819630468877132     
     0446656095797473173856114766258232469665353240733505375803808986503070     
     5618184215397367444605225081566735057656705172477328059744982388329798     
     3292509629881327615333492989317607531484680643498670503996524007843017     
     3342771084449846680147313743866334038286412446412682495029461482213468     
     7130554504650905579824820652575307902265263059364200678266881205809705     
     0174288676954714381873854634258954637273308666025676180619353584839440     
     1339876781745481625716844892485707576401521327564944281609786693466116     
     7594088874253283833127467833308384365354918221995809059527754389362410     
     7084957662778694138279541080221576699280494418002107119165109404667748     
     6095565844764221714010729919885090175839473921838357610137857961034856     
     2345148086962848815199012990989404251389618049981379757793842111945768     
     3335632955960025462051679810942117784983963982065202043483906880687217     
     7941675251750998817361884521148492200300055318666340768820738084076576     
     9865030956790104489338114033375887645157138099006522677228664424701770     
     5595865158612625735316825550664317650579594728337250276023474201119783     
     1025441307174950707220610723831395783007273560447026712285560454626817     
     7239605179967550007093396604270922911526205528830496164337521217832144     
     7995056130771527475754226065154078947404193869922124634188331782595564     
     7998006184496444511617866435414435346356526834628447453548525058097164     
     2720844861286322063127790199737050594292260917145582356593502414955089     
     0619390342783785692233360568617075409792986125058520469736804542845892     
     1667306527249268483304656509854659082362440900458539077897677699888970     
     7859563978061143409577756382038750170472078329186317337589640936333362     
     0492498212401746441469127383053363576150003429283452844981081284488414     
     1116717067701822249829382762959073973795019834959084481332583500349540     
     7698116782843070005082898501915624486005619833647343914366636826154141     
     0592804473238792089167982296429031034270667965008793697326293224960389     
     0611988375347818701405358809397740153791831526099301028969118478172489     
     6674862163178936473133940483014465391616144421995198953324206846257824     
     3857744385238324040655473466961319812834791201671454599109167141954537     
     0619923019097987427400553370502664932746153976483689919138796405897338     
     4953348588198049352102127716113340462738446669843435968214106085540390     
     4496436498409279614701934413018473154792662234216338343360884192585305     
     7919468701999082313843695420509112660512414759269531936693185663914896     
     8179167943984919445175611384243885191325466509134827647280442850912540     
     4710899407765151072423610267879808858703348858401305002449264209547263     
     9254726042670856187726569089709292299140064598895700462270093903602972     
     9085715737303982897404249968734541793998678715826723091570648756338014     
     4959581952621926614072628782487447079401954264964250581804522921292999     
     9124800989928477974826136910042343051485691322428682868021915446538350     
     7656027618992898113076616452459756809889877936091329093053639674054749     
     2231868775134701315558728269585335683751533387112392287845884035384439     
     0806687864430719015434861482535327118013739462498922198284586403801149     
     9205847031331077517540628551890774767373891116226205097425951291974609     
     8770802255806748125660638640606387430016899088461302590713957682319745     
     3771896789967738352691010202561596777195750992927235522031157335759912     
     5641825267016686597563477546487361956888975688384148640821662562553636     
     0883290578718332250731914411239716634012059961504256928666724469044782     
     9451662869098873796801877105007102782672297483467331824007224682991593     
     1346491107817950075530402325816580464834378976683118887344950259143825     
     7919071072259788782563510101850268188641772305049852315762711608205749     
     5552433449472097833135504853041334138003642632209005545737439773773057     
     0007169921399261147855378197826337273413053814374489573792894565664986     
     9810960894689610772249360962644748394971129166747121501853747554135979     
     5859481535777997684747096456298742163388449950174210998760746934628268     
     8005998080968901039101368314696659498278432274622790876765856138157646     
     2390158907861919892928732558991632290793840670652332625515821255143641     
     7284871420446766879773231038356744649295322498521318785190757616029024     
     9861177959640980142089766262409604057169700502192509699517053079532638     
     8186756148517672754395607772809000331645471863809978553572791334422007     
     5146818216496881655118699574688274976540444219138726153671249990294223     
     9816788509365919670281021506482818460293798972793051075136258543531514     
     1336462215608654926768929484067814503302783840453027342448409030355040     
     1988390924577015725381671941893613834795323155660570066025496822008051     
     5827772013018313618866722049719461384467894342479094683830761697529313     
     6537453557593140715816770420183308603429042839204055110898893466572464     
     0155779809823452776093843620851645916047249648288025238449924138898683     
     1432378928343515410104982565708095115006903024032667629952608537084094     
     6603914383044390802776862932241501569195829257351191986582532202554518     
     5073271879753977510430791479803354200544144987743686186231301997149909     
     0151533947303723285580861253057947822798789338512090164581523831849566     
     8731150546162450352036279269474298573067318188718608654205582422744564     
     3084632948196326446935144068252174674443990611966405499834003426096771     
     8978141302744484688412592637944226539245063522295023645405539101274484     
     4800535533968121211263552421832547950885364882116075663037262027063819     
     8023065572032195723641291618021141555869478518577416624157280914667015     
     0235360075217142233813315958905649379164128997898780427847151294810962     
     7899739596012039000893581785489836071056301623550752577806705663415031     
     4970478584976269028539630062962444716912405588160323606424727206630537     
     0996072773703820701131872434414649364259232805413408567901303597108714     
     7326644272792785772696339865359022479648281445546797430170023084152917     
     8899261410039296739430300071310422217249747973874500655033663549735178     
     0218579201617726287800250300556217053002213480933357706718325495004366     
     5922071820897008126628254081516168512644776463591560919241779648154859     
     9146144234198492375940652084143068669448197761834893534573331936632214     
     7034814254310839619184268364213331126677796473960702938874596463292000     
     8382723109928792347025674748214881808319879781241457955186081431927513     
     1770231013417112521301501382827440910719285491072613359120361590549068     
     6445707596650232296485865424821924798337477832260182983433116474493008     
     9453477435464788990248793113761189817496636033400075146357397498246856     
     4663067284448842026565976932138315937999657830571298613361812324833291     
     9929423210052141865972596706851661444897933322695684395021970813630897     
     2312501184277628994134299627402693109509576503568716002371847280038046     
     3666960041879629326361838163906714400845663869307922736135788530563264     
     7782531961762765945543763944625859031032971117767513395664499789096481     
     9592881320737748076815277830252879320783542231721165753103159840895182     
     7711822491835476185111291392718745864889975506178081287750392468408015     
     1526516807275207445678509053381702189561393373268384324251005901992269     
     9333305295133597186678931148560043330335904354504638584692460320372488     
     1955510390839433450116004555223010011161212293409204163302282820895796     
     1783006427757854458997870868157214481711439227878633558167341410125789     
     6168606365152957767592586342774973569948761607039019128479967341352296     
     6355418427026263845758770534310646784764661586990548387752688072459452     
     3722879462891166636488920717376083019848677644484665702380232222683706     
     5407870327271556387720954598216540594038778047069266375621762643971424     
     9913885292359019220784544283314830398674052950824934672706469430317946     
     8506440693388575050246602899802651171572022596470135934119961822589683     
     5066146207014961669026897098398767874315300863583859780280601549250176     
     5433109972147800062357186053086095884999667811619659100888906032167145     
     8420377239231861327568919724700432128937843092105395946170140574689193     
     0538123733694331043123281671130595608872053496659338018517064702211877     
     1000300292117497780003565178257686120697092824888484234744236194026582     
     9240892086501254487270793995447899215433661386848873737839297299057645     
     6060216444363045968967605837337478766724626133793765640471695594944303     
     7778835913674618326265731815899274762603064631869652981083215413819182     
     6419459706802389341920894941097862387977793893710983245481198362678414     
     3977644728698285297526135991914675809483008751671584996913565646481644     
     1979204066193109653718655208709167294380652664988931065543882124084947     
     2651891151340070007297620196570571545409249482029954925513538488726563     
     2343794980583731848621517535851901256205212896136167116673227162697221     
     0783030852256437424822820284361360123615644463295852006868050233149530     
     9508525340037431467354400877975616195890163836226539288456079379365049     
     4967198593790591610856783088788904299057095812940847518806259139267268     
     7209086443532479604868770400212889959657918453999812516882086606105938     
     6963887044958262874764286440906772420424639551334068325548049253905372     
     0121049547466389012345126662774314456009287937425732367043475620621811     
     5101628006104551108427074316190293583195771766700185015457314597440474     
     8644390996538121864575067652625531499000049407084820973295610692493449     
     5534101084242668952240950951741587875078047386655422134653540926869317     
     3610405744818338209115600805415477102908059917699785350780831038699536     
     8778251543411148632959215770732537900126314242534025132088806458417536     
     9406023941808757988121574314416932261163278783610228081555262725078117     
     3450085635692107729416903140564413958153112203614836311765134989353243     
     1993815084363603518339887395110162827262441076521806413548804874975474     
     6805119551672979535543331615636403478868776406360017506858374649414195     
     7015671649671449463243842730038929417314508061164535314455503802412703     
     5107812348709776444961247266330591224090988692845384100195888687521128     
     7186073570944269914547221640715154131264676603524613641623552318096335     
     9851073460409585904916122869194597337176689445201141365312420032982154     
     0205098247892324269296473015122615544442880047086910936152666813355733     
     2780820209306209444950501188233885402240803768880427718747961112474318     
     4040254400560912535019710001238360448934957914214986001595511763288429     
     5368407032568193111216202048428023399939790372385469230141276227183587     
     7465875591302252686095914312601101831189315143126498118983909893959516     
     0563843555944613332544069087883982038426995214423922145999909739021745     
     2994899793761259631719962596299486757316373087870036189676340740187514     
     7599929082657323092720821771928691249617180439219156309099932665559891     
     9942144000000000000000000000000000000000000000000000000000000000000000     
     0000000000000000000000000000000000000000000000000000000000000000000000     
     0000000000000000000000000000000000000000000000000000000000000000000000     
     0000000000000000000000000000000000000000000000000000000000000000000000     
     0000000000000000000000000000000000000000000000000000000000000000000000     
     0000000000000000000000000000000000000000000000000000000000000000000000     
     0000000000000000000000000000000000000000000000000000000000000000000000     
     0000000000000000000000000000000000000000000000000000000000000000000000     
     0000000000000000000000000000000000000000000000000000000000000000000000     
     0000000000000000000000000000000000000000000000000000000000000000000000     
     0000000000000000000000000000000000000000000000000000000000000000000000     
     0000000000000000000000000000000000000000000000000000000000000000000000     
     0000000000000000000000000000000000000000000000000000000000000000000000     
     0000000000000000000000000000000000000000000000000000000000000000000000     
     0000000000000000000000000000000000000000000000000000000000000000000000     
     0000000000000000000000000000000000000000000000000000000000000000000000     
     0000000000000000000000000000000000000000000000000000000000000000000000     
     0000000000000000000000000000000000000000000000000000000000000000000000     
     0000000000000000000000000000000000000000000000000000000000000000000000     
     00000000
