     6625064988563502515067855956882179842382556063019501983907298926683402     
     1845530693605640532827231111803700102337401215562650603583022882416964     
     1926373200873473777746908172549612417819666671869168198108289843690563     
     1825565392040048693840583061483823250444591520146728672620565783813979     
     2995387680794559784096278750460437686273306003984523063440832926189449     
     9815342869959296885009191464481929312309632557380546925571378057521968     
     2595731383180066162161085430787767573282601333484480072011760695564419     
     9756376183546890404903280616398857146495385362774873687279986574304607     
     2652965050266323644723245622918915248141210255131955688880669735593422     
     9235272009418397628518065584064781072533785499599908709620940710842279     
     3329860712214578307067844243296549262249389566671534138143713887600324     
     1644261216742553788285625159863830807573955089394929120495446401181867     
     5013198276062907042129694545320330415364543004723278918371921935854327     
     1735122555049454826847727456779327803827570480201798816644106652992177     
     7485945498909626928811269871207474331304386036298408061657231523036334     
     2494146315923593249651373489461125165890037991226476971511238815569803     
     7634200967650248246348591822462204289018323396955340843156312104602946     
     6350820221352791398981177265653663485406379510634729827689588074610907     
     9989866243704995337464308451365871952033110634446181574146061340752468     
     6891399705986003414413093451103558384397316370378797558394577357290410     
     9466764789274747155186320814659105461375965629649802287427581185448247     
     6480161454170380410647559237240388998350624064824479746924452992582031     
     7687547864698660198028008539880203373236608785549329092823315554913070     
     6912836998148097897917686703853332740267390254923604024633385308219550     
     9176325412314051988177665288710233645701998479878010332586348383892931     
     5289389754450139421346327879449123155595522891635328691649720235662635     
     0677675604979700864947251804631252137966884275100642473287057228059573     
     8777803046624041626655769775932455536335552625164324244240770826636943     
     5486440326095874772935240284280928605566631584937632270743919920763237     
     4110691055731001956530286961453328255209847207529609229549717064452866     
     9445069902451374290653815989891818395073663155038398598592080666198164     
     6923930509816509114017989736843711931355851035349454397685808273888868     
     2670175209550229852256832574774677271844856991975227616699612275740208     
     8514617700942022602652773142297107141073969230618485736295807301730557     
     0054503931932739557415092358658297307086488120010874555189864113008443     
     1667508916693766007675351126948513584298848385842256617043600236929342     
     1698969567095913844374613284659783382347327395328596165436739913830901     
     9427182933393088039317855383420905682271359819332694274317815572113475     
     8898737254624540417354287975234211370041860415893780745766489104000743     
     7279646082419782940696948648701660731603319333238629286659928166666508     
     7206625414665187314344419188165225764722214290741960465826350440165596     
     4266539350205537077315318361919531292611366575417432796688614191424102     
     6078716135905678162752549294475894324538598367887872003932373043273588     
     9196349695404893658468919873903167721796760191156188441787228568319095     
     8788233627283680293968111800028944283131991155710729820187296227734829     
     3156818047945121648228610113863761057485634500107173266054678181119868     
     5829245765534946995352472687228807199455202651805164386564298651991224     
     4085409186293379548422820424749990969909660882921706160214482650187821     
     9882195598446002272573030328080132646092136382498949874007652473158335     
     8980274867890202881552911823154601778279743644653000312560375538324870     
     6568516848573131197432003388247585624299447851327060860881356757735601     
     8667108275445832789184501081223682182985884994003766475966628933328326     
     3374840861789256913781915626838142010616116664771430240583602867800009     
     1704774769268498297873151523809924703856671407181811102208464165665524     
     9681260564750296865348442283392315707685446165842053470034983048441549     
     6848090575355281985482691231887292871342965742954444187905744953686327     
     7715287158179128419072651596007701867353142681098743140703558931052209     
     3970206263830850213464549867217072236032066673828268272574007400841914     
     6562137375830356798031825602114490006112188346024995787555166321209899     
     4431062818713816791706194179598866884400381341536960248091123831180087     
     5972189414282831228880140123716504231176641063496438893523298830299869     
     4907727565789654452479277032168292677352282403143013057037479803650005     
     7582642480467722248801851872907076941718778218689394734590662083638185     
     3395168986157209308883080694056429591744684118200657061470053506968316     
     6463498688860660259183770944588247073463925453517811457845207614596661     
     7333989140708776563898231467388908436085986082832278101932527002377056     
     2861944436143518899648312139982164781173881520889715728598091258227858     
     3160080323475955550409115696890014766879623685953811914134052903871283     
     2535147140648213421994274906840036949162668340360674495391698464715998     
     5256546408881619193123893559738062719365679942550694832530347808962453     
     0217072964246167229603471747210529953941030392722352150205840501619631     
     4969952235024166785915505230181341419214780644667070613184594427812797     
     8015754804388463040358515974386913009254697299243685997871589400813064     
     8093371082649632768000000000000000000000000000000000000000000000000000     
     0000000000000000000000000000000000000000000000000000000000000000000000     
     0000000000000000000000000000000000000000000000000000000000000000000000     
     0000000000000000000000000000000000000000000000000000000000000000000000     
     0000000000000000000000000000000000000000000000000000000000000000000000     
     0000000000000000000000000000000000000000000000000000000000000000000000     
     0000000000000000000000000000000000000000000000000000000000000000000000     
     00000000000000000
