     6444561505709988109612206632672937957048575271091351093062438208954923     
     1146364253303094057502109046381797798611939980966833663505560307497515     
     9815555054675525068531914739472838850749946792490148048824912263600448     
     0689064311868532484142906154042144910109969923346800883598557747450737     
     4279125801702430641128373027541178404781291245165520979751483173011822     
     8559957151526971249938806687865766530742063019094515783207043406726096     
     9832275023409458694263702369501786018566152848029787889788111416196197     
     8571943489557094612933411193729115287006521405903494182104377790245038     
     3074032276699991341450573356385015282427750997025026640398474908088893     
     7411143444147005048284911426105041934371674402778872530246229193227785     
     6361545328436262274756508618465160382406638901335481931359639667471472     
     3973914231167400667672645532139205128853359489364116311717150703921585     
     7787580866962582860183307627837292066976173370853688356688934337402630     
     7414622701094705338768150805637182611230098432491476497152449875981882     
     1183228666098956085595235097877118899934761134545419189316799556104832     
     4763007512708235369572373938635082012567582116842920925188470859156533     
     8646474628984526602553446075830089751247837917392099295090632224413920     
     3122334417342793241008103014393021360192493523904784322699190074220330     
     7938397943959387799151403244234037441755194592792016317564235658450785     
     2877271381253989893731251711363843606063855634362530326659544848889544     
     6616160073285691689512184640474457433255990685814842474027833132744806     
     4628353681766253067286670152323909668321676318760206358833989644051467     
     4741801118629440972990224448137183246873693962873523226975311027151372     
     6038174879344415807739893483918344541834389456743135350115957928062082     
     2820397164973989704098455579958550672889302009866360875183472885438511     
     4689698367929045813231988133428766979591407388860919149836859934465014     
     8672043074436241918584263090492554235939142618301399636349704267244067     
     8064275303325771829510438686481726951564719821388480091064173636895991     
     2581160019029931237392532143905016418077821976969785884979997017311280     
     7920408529997647186962151056173383525365300453950843461532017389863433     
     4867778592248073318175496549412595069073163939030123144971997486455059     
     6154127799837018388677381935988692123078244599044643557577834547064144     
     2939556706530337926071804359656793468301012455166525711867297011166759     
     6473294590606169370001095438675587614748519547884955041509269926228142     
     0170952098248565951674254820340211701994182470017984945752142735498523     
     0007735103505465498161728129165579132696014094611127726306444552332487     
     8804357683184383247087956727547855562177277558705844313260598646730018     
     7733617225064908105534859778220169257147351802598863830886809583678887     
     6984951440864853778083468021665035165121741746187289779941057855543619     
     4743003806060213455297429904035485611564190149616244297295197287792115     
     0396794470013102543038099095865861089109415848965423083001121219489675     
     0068612409745862213962143725073268266911075506833726097856966848083481     
     7117956053430013945782045012583415859933844270238862922755807462498449     
     8666787350566506687708327019265875900005172488435609442507763228972044     
     3728779339206083720212391471264031700682522018063361506685395114826243     
     9924163837394837380959535741698680147133882693952403138587454800094497     
     3289553245849478448306327311979633070985696624632834704203472349161142     
     8692380768849370928522158116844466575527349977566501166834028157540780     
     6316186272526224489555799312597037577110155015455133723733968294687808     
     5264904532249674494968784818725153881775816406051927499361090869682259     
     8494312635033760724256661097847308530634379526049119281727016162658920     
     3127951867244122635132494326042473430124910320853204077948665850230208     
     2821421383970782823008239324915086652408188320917930912964147723060944     
     5473833375282835229353625273507851713462037691497599999003476579766948     
     6322734702143145489320589558405754426893446278024086220959294293428828     
     7206787629205165095868831185121588315460554555076883562484176933527014     
     4309025994665770157332376752979781665099855295937737344284125881441463     
     6897556824012030519978716434751667457604153771454496728038993630635834     
     2370609923411946321117465207612365765716285460080825415519437993672259     
     9486811531876850512585777869193888385692048001046318806514206516505525     
     0443166654113093564043956174718224595923591533038029161518175838097639     
     8291569525494138240571948208451015504293022714895891359421290600466415     
     2839743824445328875211469947502065352723487353810904644948021035986155     
     4222284900854492786450868477472003068411858161925664356480755178866401     
     0400181052459108626130771475702280820375632221913743478101267938521673     
     4763277738378477890144039731312587849032299449202887423037044416904944     
     1210436031727451109427232823188230033797026701158821861023390055274647     
     7823752832044886595581152845128589507013705157233350233231869484744390     
     5006806764326964974610707719231035638876295890055633282790041900286607     
     2997105931054693597506987019609040667759927418240805477704645668689017     
     0620089138298566696662985278862393587695926739412390970877096052159938     
     0776662941203018073691591377080762615985538602279325428924145968145541     
     0309621474742950966922263770221427825591727080478823249769683471003303     
     6732080353193184394851305033805047776955809308437546341283627480285279     
     9159579802964190368724881078136744332271147230561349352279910206042298     
     2696876860721972193240841960534808569437319567530941934510508097973886     
     7285248301312365299251415468844640324215689205220914009587157874003075     
     6030136685174900972549134902407136816771773162595467649806539678432778     
     0902250521878424929687832463846073569539823011869128219029041592696269     
     1944318398521808740609171496007267714989722878799840566883909117197943     
     9041178025286502930230345283490658450594138363831374995721731822390405     
     4213619235056536066775579381176076177285430105154157926278532205099619     
     9004102599811991331840147783250220124023935220929860497748604923627268     
     3094084566051602576506263923085624370185479729043556678055888220486519     
     4669862076632434695928164322363080345124217858637592566957434378451497     
     1146004363473790804458700078350466589352299409833330000898858286117283     
     7452476116547539170612861594116495764922973406905034292735288484722402     
     8872157449808943692890792250508459224087361137718339058668676175702305     
     1001377980815775082178730844302388200941099356095955469468202475528971     
     2567454464381672714218349167167206768346956859679947891737813747790405     
     7601215120739839988463739564830668515382444605083998908193146720405334     
     1684109671911732877285398911303982078519453482463374322656102335699896     
     6746990103902145476080263068984444851702860502709637128466717625635755     
     8831705023634391430924496706574201567553295279176359782047737710771166     
     5122986653430057038808904829005479282612021206320971037323135999141209     
     9254023724887222516530036266251003336152534169988943539316646731123112     
     1485772306103275046474473546788402107119547502719880149986015804610222     
     3321475200073769905141461990421149697067857093800860906252248154022941     
     5729857053398974833770244537277069453255033250908401120734192232900169     
     2475436979389220838043977122340485709461638092485222418823585436368618     
     7077197025442149057189637296374969781132407432237796265382943119409318     
     3781784124593607407970046026141883799506563032833782457231033198050535     
     4226002932049229699869587848471540063997993513001418369187075721090352     
     6695027285459703487323923156472165983099110380527362629998753531770499     
     1175860401430367146759505979346745414395935125573624926846941050837705     
     2943615944168995635388100435636882436213293827961634732234049652455544     
     8802812722344727041029730899526577803847100474343644630166422262519665     
     0640705271133665228878012535525876424750269773544151960973197985964703     
     5575086591648886072159713070569749568745442714662170820622551118205235     
     6083817190439639783388251174516567402503029762710514072676373072302682     
     8641804498903188555489501429557204827467031423074647383271169174361695     
     0963993844945715775979675837609909682379676670814138197371748938956073     
     4244059275378791271836058629628424613680317153706106777842945025640071     
     8679472323661282440024705198617934164805220971530455921600319491133610     
     7531455943820700272724265810543106669700712968084934978197125866663472     
     8106744949246516155392594659741583311643236989197124863121930798070638     
     9330445887036962183310724140562835454910669570028684516255836279905584     
     8283338830463028400928322686685759939628770906725422276364650297515591     
     8983552365010539880685403095102202368801058309945687697483318098776315     
     4892036544107652000199696279270241611175813448167496770636048187912325     
     7717289955867644596973299447119758268164697339933172186201029067526715     
     4712880960080209066981856846705606847235144954656126871203309273371628     
     6085933612975323219063874177160422244364875907133553751996598319340150     
     5994237279430015443608003078847988857382002880471416502386506063201971     
     3289399345818017925408063547924137108945058634957440980183731539732285     
     9679406985155294030725072879234573827515886356085814537902580602720248     
     7895168171872953218820254947633151317306963400578617957296511693890927     
     4490318310003893030350559937539358321779188355699695602391166054921658     
     1892609610009193225473490891343284789739476120969071269644982675210812     
     2986661471492370718749369732765958899067089424050554203106620102390915     
     0050388796065315491028068952847663896679794745448072735320200005060675     
     7939071163343081323722069091978093857202870783644331296865325063313918     
     4838962672191673747806773795085393886587726602276355814261973968327004     
     3863042629774216604399115160504070736951500766275193925839715144849486     
     7205545900996821544468423931172215486640461084683892915927976476521384     
     9564156579459397018202351424281238815415341120704498659035539199445481     
     7034483553983106821855246570683371282219238147298453044837725397860977     
     2864658717998257906484337516925187568605556631232747465550861471121190     
     9391788918488283112161889695396173788046085844462113327769554748140907     
     8913077738381958739920744838766910864086825436613150502266541705034341     
     9005750959142480733604384832579478774914050843148801507748323338621196     
     2691141126120171081175057460269840274690012958298641846008568448095353     
     7493607500684144483078771120946571371625726733368663322338676613913284     
     3273382510370568145649073629910572486342081294113261458206253321173827     
     1208034360699470489579764890866167890490691262992981710594490818461965     
     3770543907821625884021267178045630029975722294181518149641596513726173     
     0878407042029632617026501968357906347138686197425966095725442809108207     
     2199207289233979243321771873590507308449954959481829338777512756085176     
     6019448090320623643179396829789147789868352245580014895948329533400413     
     3623233711086441133279820157695471319229256781623446698328104626655450     
     6068702469853737680042796282083728900206531386215962254760607274066296     
     8430313238607127179665427670899590523814426423702222626712122368908757     
     2921751090978409367100894204092744453382882405757498330104558154411280     
     7391874010815289294302298928438066437452405516716590148483484444596271     
     1048490373068497483017370814760278440125876143995162931966480506181294     
     0826534465735170526847932292442286218308406639333556050206492275734565     
     0167717005639539684160980348770945708336454570616710450680210442432210     
     0956178657368138823114984654852928651680092025283305819029933114718855     
     5401493248541416589812828767703335356599764243914999616542871573903967     
     1430195390374615476493921552612887507051985183741685129006135974300433     
     3216178912924649237600817420150820880606340725493559391048890018742038     
     4939875542029040040241064109100071712562718563094404904322934106063366     
     9376263847942594340585382460401899152016729802773586781913009265274380     
     2911698134177293664913032117137060793546133842561783210954434376141277     
     5549983079381733395558661361768206761145208575503411461002302936318967     
     2217672998710948423992672870764064700254200497856322864960069931690175     
     0732566074441095861924840026358269236694149135025490568343392321495755     
     2267109978349493719865979743619498857129790426248609498493421286408936     
     3155031025572496862915555619262333297939495811998551931988178433104947     
     7762219446348709682433154463500974369488647968836139967577506952480392     
     4279537190422490681004580801529624088345990624073840895455005132756245     
     2470427591503638861505047686769419594647144619887311561752469048006067     
     9493901587944650638880406950015453634570847872628530011902782565674026     
     0749551228831397559449566378811122016617796945730201977920119378937867     
     0616225604557208583970448033386123481365562937915950460548490476893161     
     2602679225895883876701408268797820062581768687445873940522697255207810     
     0413817120772130103172614398144785474369784804811251501385649669614796     
     5165384562513137562106850771064315356055860254713377197133589009748525     
     4986293032838433103241838815603120299161579989506507299757316733254980     
     1280385541065212109102538775506678981133636771058377376520919385498679     
     9032836547807209890109277498297896968284958425985545541283770462771293     
     1097888589464136792616157102128404494116030358872989805645441629270548     
     0251172132869313637010918940355391075197156450022084059907829023903681     
     1165097761463815286026012313831479790067930194089882187513078402424186     
     5490544556609474861966044546314953068232822354551348300046796436439085     
     4502240775759979811329339816685404465964457978703063444961718489290067     
     1824724465775919270013446042773704893815374298639056892087670727910200     
     4848975155259233341099325217391959125580609125682855887690807594073756     
     5570183693790820167401330578795266093299375185431614502433387745431146     
     9695670305402099998470786784872938476532236747265094068272620593112453     
     0617595921226803546535136114909759320861342393542284111984329627934114     
     3035841557424206819125612042797275368021398455693899267434414860802903     
     1700730063546351618523892105623410466920091500074125407435829313793104     
     1886149807627756413198535071880104974626399546139130571644147195850556     
     7842856867291872610447509163014429271398105911122623220875779404299497     
     1542485732360691230524132099704888428606601484042527988286043071618467     
     9117448811779541277096714073979023092082529012661762880097703456488545     
     5029417659824366130044491036907139417978634038488379152403006806911587     
     6835938569908255571822746022402823533783788636070826800475872286173216     
     9389760531914630735401899555015702290047133977417278169300681694672411     
     1664645615090623599111692974211499725660786385516787462852468428243971     
     4065042809895032170613778535692042068582815312924752083541445313812009     
     9296743337272351017898662916592256550938713916638651914162056530395705     
     1996985080185889084691844467870245811136427252226004513178234533600934     
     4485629900227590278244849706017912879928574310289714853072667786831472     
     2485819104801394908108702813890811934617303999126385635481781088354989     
     4878657979785357232993465888104862701992574127847142487920768868062619     
     7350755215218190078775049719403422358470222787045884328293238099649468     
     8123593023044565277214075763725505698788262544218356235388127726350697     
     2640840940100381435969824167197219523962818651594900969188730174388272     
     2230302416233257325371187978375955231729783636372113091010290935076510     
     1073334980629501267778215605424155260220113683361875493312761559584008     
     8975239962836869178968168542822662595710349928138709487422694419621079     
     8974935944766738237235413839196702774276549889746451881361983158691041     
     2871351630719178056016751866994525296637097549375163169067855250122473     
     3849760791880168433551355724940315189422504908623080699590749715952697     
     9734102969040072731377244127745975215484663900270084681264789305467289     
     8396217984239284172137936466752163359477548633134861430052622804202233     
     5188170414334148814815328508458003973019829664587318549725228058055135     
     5960747763278331688166908099681820619636586457130891200478867678259170     
     9405729135894298824029594306063144377800078443931142706262768080876884     
     8580998587560696675573715452443287239636144591533779364465092373983150     
     4870323635442610470159021156922014021005366914811468326163474226267090     
     4516829036711320855753009602956762930927340160008896234064647296741652     
     5704333000136161550263658213985797432380567828351276834900689454826272     
     5516618882938860213913464926202913035846812142231623187974797756220451     
     4971185155849250040696159236607015626735919365315162600854537902763809     
     7168515770521996364369305611735765829413540424034004573982682513969897     
     1040362199218713840620546528901174063777297477463097672860056460494607     
     0709359791860491913705820142961883388056995769399088545766215558052937     
     8197209686709951294963543399159381703671291235343466276056501868302548     
     6391055843655358961279783677587793971339091056862924373561823421738730     
     7123384901666366250787567920532419954154628913915074409190831672800047     
     5669920759947417265119097271334471541556577970043112656438376012000317     
     1774637873358635480714460420219420158924738030619922135330387909917547     
     3522235757273561225367879217813471888776389919599815292654097687262100     
     1896209843336722091935464448606498474127464234147207538186667367996314     
     6470384103133758943564240086232996774345531579353353411970333684438762     
     7517529456281624611249665873448034639297529950705223499850631629484371     
     2280107324434595962882243816836017469602468658018576043791440050517427     
     1823664771408855545057332639416294879892631123802796747021293843036704     
     2232690297112455067599899444770767571258792766871575269108208895214475     
     8417019819034205677968253145495164840168618060336773017270561232327121     
     4510954625103745209260200269122248938638595887043439619374582743545511     
     3207370881782791458752712122813988584604729820266990254906771026854635     
     3191725606010820241734843535482639325464191556513217336309816985049182     
     0830311814379071481261651187080791944881975044323612270535670063581381     
     6908068108936009424030413957747759961801981912300989253773809740760651     
     3647588022700615212039645411578483103372944045035822380870147631974438     
     5648136047346905416156232917448720436660689100968280355428697232068265     
     5157616846009020923147253000419884405785274374645816297456204583571555     
     2679028426577177801467395137623103588387305699822053543323986802285418     
     3448019633951535967223716615519776198983480164719983718010849568692473     
     1788769657864071294774727661675372770807957008684661148915945422028548     
     6407846408534289900233157228730795793369348791513773107547632918172306     
     7281775518443403804944739210560303626512271042701153221877950720281987     
     4763086781064195313058563227587009603937096674657164464526875678600479     
     5004178026371107987182778752627974087267488589848757073363049080407266     
     8728099233394609964089382651377444496141034638171473917330277469328649     
     1597654474794364615534676837258715467909208956566119645184000000000000     
     0000000000000000000000000000000000000000000000000000000000000000000000     
     0000000000000000000000000000000000000000000000000000000000000000000000     
     0000000000000000000000000000000000000000000000000000000000000000000000     
     0000000000000000000000000000000000000000000000000000000000000000000000     
     0000000000000000000000000000000000000000000000000000000000000000000000     
     0000000000000000000000000000000000000000000000000000000000000000000000     
     0000000000000000000000000000000000000000000000000000000000000000000000     
     0000000000000000000000000000000000000000000000000000000000000000000000     
     0000000000000000000000000000000000000000000000000000000000000000000000     
     0000000000000000000000000000000000000000000000000000000000000000000000     
     0000000000000000000000000000000000000000000000000000000000000000000000     
     0000000000000000000000000000000000000000000000000000000000000000000000     
     0000000000000000000000000000000000000000000000000000000000000000000000     
     0000000000000000000000000000000000000000000000000000000000000000000000     
     0000000000000000000000000000000000000000000000000000000000000000000000     
     0000000000000000000000000000000000000000000000000000000000000000000000     
     0000000000000000000000000000000000000000000000000000000000000000000000     
     0000000000000000000000000000000000000000000000000000000000000000000000     
     0000000000000000000000000000000000000000000000000000000000000000000000     
     0000000000000000000000000000000000000000000000000000000000000000000000     
     0000000000000000000000000000000000000000000000000000000000
