     2526357726052293984586557963080204184302382437754045298001994087778009     
     3365818279884923048270464026602593576155910495600787565031934823962366     
     8056386930390219861999087821123076038565007221894922143111301981836236     
     2129097720360477662237892166691162374240828895894890259924842396645918     
     0991209953357005378874624251732524955058187699915041225659433789652770     
     3029022816288655043466574387354972522452388138258154430495027431525465     
     4546139338026501617966940947478919872083486051109386922435958732054714     
     5167607632529025888383054010363813771770444067913946604016878206849245     
     5344342834889340641675641432857719290327261528905769630215815142200605     
     7108113098375336326337386897609930017698450669151277260386416461264609     
     6370946970032207853133539871535385281804860182214819808720546709086684     
     7160028330711721228528314445731523487430479589800562807757834590546459     
     1915410846153447573842123129393583572980935970029800480756436799178564     
     0261590008946863986078446491642450410376387239910136754159207393863870     
     6455125218235752929706018528621700152288908754305454593556719442721773     
     1488505041538674058387321117134777887071809875862407315307220351957096     
     3664686454886972361906835640857099676698500284524184486241008005214306     
     4374647701743320973946663209439267511404399145839527956083600531382381     
     1724133951065491714760980136789460320959631238126662320128000000000000     
     0000000000000000000000000000000000000000000000000000000000000000000000     
     0000000000000000000000000000000000000000000000000000000000000000000000     
