     1704336841877863949674397920514986543451547546684288276226134219516269     
     1273004495086305062261254421691540928051735038893840259356740476908325     
     4289257960006005373342386430931991424383281855059436539778093074095771     
     4148449110937588204815125335849572328673438599075765597062183961483824     
     5498949585581023778273573990567416070233914908305262167836813094482963     
     9739182920100429393947641097331570805955716284680860172865424509756023     
     2452792868083871960295060681815996738812686931630903513702464726715890     
     1331165259514771298210580746042415609505654912493130609315360379797877     
     3644837619928986798153339426015654879698103398467723308168626948742635     
     9918439449306178431469814020274510398110270413990081659977331750363973     
     9720918438654042705747291534869496123734404728570932406220217466375559     
     4692326250295768318502766151585940904486989571385939449052547821027597     
     4029879703255648713218653760828905789578552869923266219435816429086114     
     9044634710350885435294066744615196725819338013985440560635211593425754     
     4991263865465492050392408887516730231315969439376299896141297414666444     
     4057982990960042764051021474926526700466576346360998308586725552969975     
     6121263246983376475482783192393431476735176259869374386141418376031848     
     4070706307288103445399142261812304730339370148644087345190284745870653     
     3986070351919330044777976746713239273630330900740236926719524648169458     
     9472955902316076067155997227405591707648000000000000000000000000000000     
     0000000000000000000000000000000000000000000000000000000000000000000000     
     00000000000000000000000000000000000000000000000000000000000
