     6833767842990900497668707647964985516513001077952724509532634139951081     
     3774842889170810459586209401421676123363274103681803162469673695164332     
     4207505065642828218151077546350364773255551855810015236984252197951136     
     7963270856083825386732545723327729801062083714105279827407244922224302     
     4280104370413528379971958584882639294502290511292293839417159197513777     
     1044434783823075774094669431452257717562103843600222280134709868142024     
     2359476538441848159976973736831729607097801800781977241481598302162973     
     2396631824345747521168128952006665512337333693735426841507391838824420     
     5405722259621657915661189660225218819953883963405142372571703986620659     
     2027203140632710713862224340968254585920749443806796578018335374366074     
     6415145608355947775767914306307539345111331784703143204822462688268161     
     4497405534274181399140731345179363004084850593264483707847123201421533     
     4959337871379328498758212253466699951857231562318206396735771276999142     
     1754861074403718601853687348376686012979074514087859511206272681381743     
     5995279757193784325822416771331964069409235331489471297584203546729007     
     7854796521776154897917231410208960468953724423669974345540932230707539     
     2939085296998243018029493413939977290481970747793682502025166618923386     
     2752840488725707909867961678606709842492930627688064854281464196895308     
     7632637120613201983869390668681386887713387434405242275735645602206251     
     7382052907734318202053464407771470573977333467506529052000508819979003     
     7263926819267575491888993864663352722099699601096821916528983837893768     
     9943412479885421838774774041384918558403935727129384892705164840539066     
     8136750980675305014807856219358855208610279523792917416607756553268324     
     6828708714614566954556043197630637942698964811436849999359477456028948     
     2651916300092684021753605306775605848908168131754252242089127258386715     
     0430394865987803179687138190973914864926286206778626711692310830767684     
     8931075359778249189336752979766611127100117850027239142763663232215014     
     9523579335588318460680648062413101449465375642150840988219480316551831     
     6932456812375338373020040403281395426730268865905925340018676288284765     
     4763895067309540630958941904525140769692407070489559738042869194678682     
     8817340003508562634577034024735847274498662977478749260645134394126174     
     9356384647905978437909959057257565193666030101579261495791906317758753     
     7961047145239001239786180271174222078079479352111977562114565609197394     
     2855385571075547764106255092456676479099683276708616014678294059949540     
     8284767069036878909982359137538793316347355810979129856286587611834070     
     3170015897713455563016944533962091200062749326918289906241839426403433     
     1102606844701230813304885587304273814587012701723140667917398332661975     
     7567205662789070513765016088062794093474007385771959764309852004959853     
     2221099660736455339737487297988224641001793832971642646975198835941962     
     0040720363294336863217432303928254137716680600763269241822066276457285     
     9587029892296924010322575794035621164590618414618157428460071124336434     
     1587328030009137936306923396044822307552290435171184396184707253604121     
     7610941722322326533229082467275438264458368919533807140719964771628175     
     2645339681808494598459044218470066950637640121764822648027498757179224     
     3502791800446900239434043352909299340515980044473854976218687814845667     
     1467095729519082451615793830746860031558373309403256776449879851469918     
     2374496670482883697206548335337540200386655752339059870280014849310734     
     0064108680826776028929679119834779111651313168746017593191268796590107     
     9243935306645425552954800037127650924529929579904201432980155735396426     
     3402660338172801150397510751836966407052866891175846804336708104772888     
     0766362869615079370133841246860538372032666538039317566342788955552306     
     8156832946233444520967089529370107306103400121403502205902187140126131     
     6047128421273191648647733045006735815246074913266178666817187457329783     
     3113026633589960160639670884021577132417602420138588889092231776577912     
     8950825264201060679471724760366477455329664378685119944781526721893830     
     2945141035175385357949812756458981977781566686954589879342941107435223     
     1438188644374224570679068287973642680635721462100324863145951072134128     
     8431587202093437079240541578734544083294115830782080745521917295705864     
     9368249566903775804857097223123998216761003992937341532429383693670948     
     4206065019342900101907590509074343359059029629724964527635597428036721     
     0742795037599238691147501913023694520026517134744358473495549237827471     
     2114661887182745685197300077858579957730777508478843774669634263406040     
     6531763964471429148668248967986841798533916038006754311482587130598327     
     5679933478880107335234598184509946369463562545670585163002855044148866     
     6585493769465107988131799065145224305474700000978017714718223434731727     
     8957911188712429097282480806561528247284003846119106494280727320591893     
     7201832259624935045138699732438484097235293774190489635877574888340571     
     3581383327073342682162121704201058588431492273706184333834725711768697     
     1851340899442552789494076486399021847907011243183621972311916293623079     
     8478306935536367295025850524053402664890710433660553882458995661758279     
     2721162990255339974745302961474916008885645263237701958850746025534208     
     9184410378668944355292602757716105910208041466932765927158753144752938     
     3961579680486372477752802106711291543459957025935973969155605043054106     
     6033780101952735924728930580274070593374157661776488803521692626039584     
     5821853069416830349299474905144992515050578345175656453250584739339094     
     9820901683875230024570925200062321961187360650264068448973968555002849     
     1438675625578082672774445344407979606967193720414664747897703850466784     
     8366907629018985171731216225129566716213577909546892649316924475954966     
     5731073185109968859086214802472239178346420207713135510876048010768745     
     4465142218309723468305405005363758825226079262762421417832839282655390     
     8908442202810166995845884943038772825407067115853267320490588447589501     
     8139868698890575058512549358965450553619711991581454647853270373426218     
     9769031125305351823533928464760498702516370471858435524727176071899171     
     1645388105733627939074676419579621050160252052693495933582118637410997     
     8268926403990810172775983629186348626198971149283886276185877778131034     
     7487728642721410732524289966407484962104222986045006194425440127124846     
     5729360294480260480155560807949446158354175566468985417365293776867378     
     4195313867631106119027256179694456896978488108847152091354972905903738     
     5323853469753284349772276868745265643207791557353713716492936937692284     
     0803800559600547690636053125655654946690618543763902196417746379869443     
     4786894463122671443997669172131658072279435330352303166683566650822585     
     4930139584945155377421469129386283147394975039591904800365673718719315     
     2947953986046754545357808983146228374182431762923292774978661549092433     
     6707533290383201963993772140086507574125540340351373638194862344174300     
     7808881920133334478732642015527283232473105782392791900000233653691252     
     4338935840181313955413473482887283336716989808117605011874158666710600     
     2263709746121562110896464411605946747958167926516655193008991928649958     
     3330475679283337050686652881699425598597316482726367634713513589058095     
     8924109130609134949619338150283023230767557009652432568504307184759703     
     7651082650985578187596755841453348273918514728323529373529125088018227     
     3504173464254526357384838050515634967481500130215597848639892631634497     
     2769304762710211083558994078000619735203297454127026620344286473127090     
     5791917607752692150667756599263856301386448805764361916559161643136076     
     9656985405010085805544170056766907420107691542556371965509652628355901     
     2519066484205117423360399272256338118369752693170579305315584549093610     
     5982908187637597489881666741770027028784864212824743308085878991090989     
     3539770796415277653690307188582085512921315655746729584180933461771845     
     1863888320209380568924506447246294253329042567549019960834646943799322     
     1207554500498058568508169304332858193304955533113418875383695542541487     
     5122241763871215288791189289161869889542663266349892467141107187435242     
     5518393352225690535543858061448509946265203770154142297877867919697555     
     6557565526146173763197705280744987736053137026245758018912782054308473     
     4085514815690615780758144850510675230024769197935879439308124271842904     
     0162645042077459225076470628115081249046422541466856842089933444472681     
     3509209271895278983657389819932672664232490202002929576692744523612283     
     0207270971944831528428360366714558455871128463149787763309721156534759     
     0782096989763079111861999693616395784034983211978478350846376848261738     
     1866458285710233710923392474288343227936396039830473398478655010585616     
     0010327499579811720161097451086953212501396961742697006298545954104095     
     7040089067377005847538903527805578673607397226941680547031829679071998     
     6601147513531713089336996098312818366097703524156426999796931022281466     
     4629392059405199827025053075382886030372741142319761233462273120487059     
     8216323957006542297835886361845223294643919147630487410947002818199773     
     4637111216324203592351556500051819798105483342895201741633252389013334     
     7215135925613120084503160589761612141342659670893416850829085367216873     
     9821728048870052390095834340257051940965319756284337472101175581713318     
     4386629055914004559471401394749374385226710210572199367584812958938025     
     7451734005019925664245866199209012176357210768940394268449174735018982     
     0603945592422626304158674746375219540448598290633603890520377852506764     
     0127215524598307337694197228028181110506461099339550692542902482839574     
     2350998833701889358291029660940065144339110523897337141548294730584632     
     4710391579063102909039731668118619557500886707831045005522747763647782     
     2165987168116550782347052113679998880056120516071199476212074998927665     
     7500575756780140546495270346259823594787765692622775104308144578976994     
     9643026310757841636280819908438679951322956445812496399039707431218918     
     5871961540328697339197047243807702388035464519040961793045491480306284     
     0483397775288362597470769516608246403723599770146665647670068602074413     
     9881017508108426132690977267540723651592912108477819369304437154619896     
     3753684695750132932131546682896543332533020225356686416226282252666056     
     4789061006727319660503791569655805391373150563478859026720736396844295     
     7321816732127170908760512435725472295491556258910974900694010855692681     
     6685252068991821559717347012131080792684369521363062335532500622918236     
     5742841692930842723072853959635777430616602504760466426711520073621647     
     1331331723285440760949130046577467454341086417246250685500752130240672     
     4094400613939704031712070070345947123326541540233078400233820418857560     
     4413886190682691519375647171837030274561195776959135505201684334125944     
     4273952144761598760826540721111913184495160257140092291498417225961246     
     6619073855254602082134429028354286326036173507592701917151622886424396     
     4802733652399444656461866670222295730064212252417254138555049642286903     
     5410378632440793831131082770922043206210598856380998051729457843921559     
     4947259535144271410319193265740896133075356835415059878062887069352433     
     7916891430875896786097214333661064487681760151059987241171052455415281     
     4616302508403318552738983979545679969312261315179338337605595246001781     
     2047165860849356640859274309407472178873703506453426128797097315747611     
     2459665934727661965409707071174614488917934624449871410079548534664894     
     9627263712599090387379037467588854011035681964308927027701155901389501     
     9124290030591617924688673104712330006218621888515208050811878738407836     
     8982459162068518625198250121729603449433866084200553444826679545923043     
     2403005555008083726786119422121395499388617826572299134535501000180702     
     4762296749233199405999526476862022914208606711665413362241715619512579     
     1789801118373514090073924889033185970146357526146569169110330959396674     
     2890321512045757403586471992754701002518152602260138589488640919514575     
     7348722498428807373092988714703578437227317468651411197783567543970121     
     1858080688929352654044699368935145749709360351123111655520906112122838     
     6093444799846095181260961380698584497188631629065372718613913645863277     
     1704396327309863587450224553573067973820638613831188271667940809915973     
     6364033833011824221635404566845345248077525266460466412926577272488164     
     1791249323465852327886212728523331291250397916451005966952079824579229     
     3748204184282674547234737328888520753371659183173591875927635416313504     
     7673341265484125477504892935022825886398514394097120094400481399042661     
     2259282250939642092929190157328548322046047952319572158556923916131912     
     9530713624090186132481934886501750235593724190302117441293524437098359     
     6438278484454536025447326009898208715329928456006815432558198026778688     
     6177774665216844790821818375443703838577350144173415522283056320754521     
     0485964452988278004521536322152339487925577565577707168705879609481420     
     8933063357789443940142014520073465080815271586875845655585238898630573     
     4862362265626856511577144897123598297727671617550123124093281982042964     
     2259709020847241884665415441880758903234840555844333653423951098605626     
     1840702411381380233400260710741261551271498667623090905559356099726378     
     6587178973577717646518571998003131721339517418309679943106902393224109     
     7153828146206530492836503194857754866993321364410797683070448138553567     
     2474557817727468989338508153939700869661515044138212155350702037280360     
     2121495780446082724722806018424972931087463534252519927870668209672100     
     5746933898126223063523005728846046343895897984450117974391506321366896     
     8439714899583587695088000013828066264137524766460195720453006677403518     
     9053849995193417777534639212850654110905601758400773426812113335822195     
     8588920850411378179805110226248496898320427463442443359294889271293300     
     3123817098985696795926145701299945204181162304650292227564200038793304     
     1348610694745681451363391659884473243108874124052750298704087439057497     
     7986382141443478637278125183614398531939218343625981889989801977054462     
     4166481587360431377321490671631451491643654120597777522592578678619586     
     0417044884375551259848195474964695486506643938947825981882297640889022     
     1620789346698561845544498972125707810205580857438101333075310488973699     
     0506736631528706163960192889049373446767821132998031042531404910122810     
     8250270325073721998260866319826198938403955105670857905606598463165659     
     8617169540542233200290398080609593156781586740484263236775866644369617     
     2914793816576843644711044853870586125871651255924983838891309173436403     
     8830766736514405373462798713289557878613119181812762639735103264213055     
     0982778669671461253719185473644787930338058562118264233770654134222784     
     5196793637002872501415257905646469193016804120642713017093030259268433     
     2690315869462580562798239485012431247336894748234071221403138412595727     
     0976286772447951761455978616254512000277049836662518675301672085368323     
     3763668710085516473289034161237019124266773541721945488308392874990952     
     0276585218765226981546084582059723808319798145908117394926719333101148     
     3444370145008242715621181481357382911569313674275101688549396834251836     
     2706262752318545751333408412107673006878705435384995961317141418890457     
     2083876125567536331684533888870785485775870746038025203747640603742467     
     2681164614149996119808539882254163352909328842125797155324310090302527     
     7202984381896960898090036246710883490229020544618528503401717108107900     
     6219941580476413183476467432661815925243907368516267537536240658482737     
     9275413537142308756951240330703227141990745180104523963410373282342934     
     5979474669877408905330719874918107450492109764546646114969829695410755     
     2635099798371316328450259643461004787926943574306323494987496173069275     
     8437071707739219740268910683694821294352128655067830534592780939351367     
     7750422294739763712171298542830853933100308671206556670117428987133291     
     7024905844295472015794928532052456865882239204998726725661625326188473     
     2893274165093250231433570072697729546742103562224437455607419266817733     
     0660461818349128913448786068946035641125643231301115903006056153204605     
     5247882482276509042095103531533890374629414363838667132694902782379179     
     1878757845305502965729011013266123989503337735619932439319220821967398     
     5282507345895041046678482015763741945059586568806629214714125231059051     
     7053876007763283427904547470117450531926081523884903474900829671959473     
     7735150486055924309707148999796257531152466609055769714445183538691096     
     7823973899720597167109120489731125712320010338700043025808303844762235     
     2577688262360296545179469777542234918679156325911178940934714494204636     
     4095341787298110344866695209512879857685170826550296143467427121234933     
     7532521608253547395221376068137311964831887401976609553406673757066076     
     8041431690972490493545012707490457060506045301851338757932409055904416     
     4818204104152878788691210182408623962865428668146420709928066026794119     
     2322686845477772088926937950867024494804542505387223214354722939481009     
     5603805421046076440488226819656302462773168598886465865518199815090873     
     0268329483266589134177762813083355932984124938751667124917358091954068     
     8549385733314719213074086027260294396448031401746318982176805295426814     
     5759824121033461861539981566375252278926956084433629492648064198997954     
     9052602939847811710928461701904121535098137501569487435102792487100449     
     2400533288091267502906541168543555246847739778296696150023314073496097     
     0206822375166394657205831130195696810621438168514529907849683377582519     
     8108308665487066154032881350603209990914412911982827779620575056267248     
     5959229536510308650796013752180406577011548600175678843006450980967053     
     1771862997714122432558788789431036499871106984785041232629350227445678     
     6615451569934789281345862752683290292639907612764838421819869529008083     
     1062168798039164077654477690413564387226645875796697713668479502620738     
     7643814611811027069057114548656235135990293530988061241431964575736381     
     2962368423487166486605715569971254297139422198643107478048132425670054     
     3444146328777141691523919217015063129049008346160475047825673327633470     
     3666741122335083195657820339276645363111962768104874713469208613937539     
     5943555818749081405001921461316520600160023820750610485263882419309488     
     7203646350417118660587082888299744959968886853340382670836834580179138     
     2578645122448638993183976409068124644835637462492652806864958982897813     
     2472423725741800032973540909380923755131008948460368095640185904268573     
     0710764556048041835415812433976438198311782104413889976160054023987543     
     6508712301238529632200027151631766627683984420921481023191216985817161     
     7104628559217832704413640602866880393998421561662528055719703125710701     
     8095735286953732687976560301727673589163572654811384720442368732695886     
     4866302778904988345121367583937210395423904230986201209627807770223202     
     3206001666405404105091936455332832455684688476988138912579459087691026     
     2536018031342493126308659200000000000000000000000000000000000000000000     
     0000000000000000000000000000000000000000000000000000000000000000000000     
     0000000000000000000000000000000000000000000000000000000000000000000000     
     0000000000000000000000000000000000000000000000000000000000000000000000     
     0000000000000000000000000000000000000000000000000000000000000000000000     
     0000000000000000000000000000000000000000000000000000000000000000000000     
     0000000000000000000000000000000000000000000000000000000000000000000000     
     0000000000000000000000000000000000000000000000000000000000000000000000     
     0000000000000000000000000000000000000000000000000000000000000000000000     
     0000000000000000000000000000000000000000000000000000000000000000000000     
     0000000000000000000000000000000000000000000000000000000000000000000000     
     0000000000000000000000000000000000000000000000000000000000000000000000     
     0000000000000000000000000000000000000000000000000000000000000000000000     
     0000000000000000000000000000000000000000000000000000000000000000000000     
     0000000000000000000000000000000000000000000000000000000000000000000000     
     0000000000000000000000000000000000000000000000000000000000000000000000     
     0000000000000000000000000000000000000000000000000000000000000000000000     
     0000000000000000000000000000000000000000000000000000000000000000000000     
     0000000000000000000000000000000000000000000000000000000000000000000000     
     0000000000000000000000000000000000000000000000000000000000000000000000     
     0000000000000000000000000000000000000000000000000000000000000000000000     
     00000000
