     2725237121720710172592249022550665921455959718137123523319359974902596     
     6710156267761875749280820363798795438225392496002846801930095411534113     
     1247362521712667983936426912271091243906264989443212864396730033606333     
     5348917086136682957339501147364654685481459712392720127013545146163265     
     3179445612790575392944208797341062630377581671889728227063009880949003     
     1158035888004451602758973325446384480176027866257082291717008982275284     
     4363347840031747860044673988203435493297276015347517300320822585739364     
     4046441400264503684585759439520843823839014536430103227015784934432804     
     0053101572868465364011236641550328491359716611756018962024972621223427     
     6426758142086204910127165837294868097952352116473929248211935101068986     
     9628252136151030230175019780489833771932983701779560143762575759133475     
     8285698364691007454069965747057542894257157774430672599844107169048477     
     7267409042787452657741144307104445942836210418143986955647398500180023     
     8362731595465565643081348951335039398516172056198864875290686724290573     
     6365970208266365973200723094874061175461397257563403940361628972211674     
     1427466012803636266726583695904435258859869579440378608443220646154751     
     7057575135577041295112197542774394351753682394577355160285465976031780     
     8337266933319173869479693811959276862627501608419582907682551920136924     
     2600693247560632882056131252218577455452294358451144041007019910415565     
     2590354261553183802497134416003677602698194323388866828106522294992540     
     5101244780433758298550697973183742267659848803834073391660397673979839     
     8424385307682696035274521617385281996480467418294992265276238915886246     
     2860201592903119463063484992500539341677476893616669230481413099956428     
     7680029538814402352108365703229660496509371262006449263416176201757635     
     9635774095770555300454334227751834097659399540097493401290423398149446     
     0168445744804943567300434988854752359691322522315108498709471771115811     
     1640606868501289958114327822266582207409504993806460551906763331348223     
     4816549200904716664791473145876358270372030035167506575068139088784153     
     7824927609858393850235486945515965503976144284203011055252693436770475     
     4963656836418333779007616843066741014636755792199231684801952205701124     
     8922087273229909515633422695820844407369350773463341697871593539279485     
     8597326407890010343570450592421437555307395450824878396375316411701438     
     3281724471443532848083177184239404950945947236230659063924030579764681     
     1791693336744099696059578838552957654129836860763970857530397563511477     
     3491663617271837143345783053947301175146463492947195643948235570539563     
     3418559256706481162761276829205421459941764883826358844552914094147446     
     4561576811349457453462330781295205197966720150397572490221037655469135     
     5020429460395462200001304703393941714801925005547880303719514767137588     
     8064852137255049080686771324149233992034402791522950324163934259214937     
     3313230026398819449535154070659142268260633938002367896169856314049705     
     6560487123227095040032076253645031714518236029760603714327709283292155     
     5708935664041068363096836818553474602249958324678335525273388611918706     
     2148497896341442671222456320000000000000000000000000000000000000000000     
     0000000000000000000000000000000000000000000000000000000000000000000000     
     0000000000000000000000000000000000000000000000000000000000000000000000     
     0000000000000000000000000000000000000000000000000000000000000000000000     
     0000000000000000000000000000000000000000000000000000
