     1012217204666318780647996568299307516191020760403658097608347112237421     
     9352075625614648013551175810736545456494184326538027065867329421556335     
     4938882920838521625919962126608263222357873714412084628334623903846556     
     2454750993639795314856930230308980556602913807204913169709270383470987     
     4370607166299278716235918277325662997968979270327960388596275314851815     
     1400893429828667809474877669479836887864618819518273488708357452841894     
     4285216815662729932374807463444370632147203569777696338835644094578735     
     3843476352321050151220791825339369682408768263723680414673762446997169     
     3584272038781368024453754036057950376854591649855002821830551468959881     
     7359045007603894866707347757284119870606639165094927308175915195039340     
     0145223413299090018068680453044836129034910797897988770071334614724540     
     1302790751656686103991404429513688325174095098784109895874161105062427     
     9726532858536448350235632179485708483803731985350414299716806170853851     
     7275256817575796938414299172194774180084972331660980607187357936132480     
     9621895635774062499534095572444807977332614336180761790670737602481797     
     5941338213692187091186800180738071230830850756641529356535305036918452     
     3231355521413523763347944799903523064225108696417048180666303885288880     
     4395409077811403062526636965914234991308724934920768728817485033128248     
     5839388909584095668931919375616251424276843158166508116475407590286425     
     1373791118551552090500427882400910548592843364058968467430144086025519     
     9233116641476253776926607821113440037303621270718310223339922845627937     
     9885078404493272479459162138926991981810404813242481134642429661574900     
     8505880477180261559619366296407303994839023915675571616885914064754641     
     7150104651999003417532612758606479842150190296012180375696669546173867     
     2884772081746023286657070186670365355920227935616882229972896196680141     
     1804094593693543250458169472294362305949731283703982398347735499249421     
     5500659871044351239733148339400105180278537276777103727309111934759029     
     4830980019613937976516726405638321438545586351259906475173380342326813     
     4804009672375625187744266761588949233291395305270205865975326714135427     
     7611799565989398000031150024511479848695183024966814189225949595902306     
     4607385420418145045390212874772600224257170789494376228324901702064812     
     0169685940594250226654507225190571124501753146211131269739196925196496     
     2101181004644143780575381759919714482073166140029971548463155041735198     
     5136391880692524193178015216164612235064426487919950306651529482266317     
     1798853930061287451598405114815971596457238570416241443643960364848981     
     8422841712124213629626319364338634930613169915299880317929047185564357     
     6102607139373324996399595845732178518333502271387781686752056141408419     
     2280367387496052327368666539471221444217316544488204783647736435734921     
     3301183946098892131281839823496075682163645908740254749749262222429585     
     1292901703034531834135315148039060596456287518960139031137975487195414     
     3461991343274225575292110621777152086850366613938817472994670841850232     
     0887942831055228187725911650175929702624987146293267654674849175342377     
     3810961625897090850158749072772827725418435236016498364726792279791183     
     3094433666990601003328696518608009674682261560658329967843934464409608     
     3967352186520006903737474459977996488108049378086992011805462291003920     
     5712414290185658504298763094700180195313695665975357290620548453721940     
     0838219788916375221192781525395210043457134028648958305603390979666813     
     3109649579866603086877393331315547914188992357329090950232247414438966     
     2710892502789351249032263907776840791239817645023356630365920918327734     
     9148619366640152801311046999175561009045002478525233003117723352113471     
     4931888207410130143591450809248808086783336605537245360755121874169426     
     4565229255230719059444864517638751571110492784082335438872385877319350     
     0244665874934774501143376387587332233192982046425859820872921514826447     
     4361904401475435395226198977367959843479070884501377322380967390013689     
     1416664175997763086142426252347403715127427618860942555508145802661804     
     8012959113968720120708833953904245183862935803940436497409949710682136     
     2798579316077973781432389486266643554950498184110326966987703542380821     
     2876708284908725146115725070053727922376498788581398342998629171613553     
     4309237584637475800256555158002095003670276106193707131285426681491475     
     3121229728982523866818739656367976404801224819746751519467701190845701     
     2741377803784879260878362637185066192583338879408625781040843830844047     
     9688203697525477363479974061498870257055810721226065347689410440845894     
     8673714056126921297852063632873688414947343179632570664620273960333827     
     2333748269111482885059500744429924232692518137227767615092681013702807     
     1251775523835266715308338638428595655005196840555505036677461960666604     
     1130068923719334313238482974476086205392401318702395179486854573263312     
     7944165241641918888447306294763488484157841196919935659311140603656069     
     2023313239145910035549909154677488113629056869583458847585821980888472     
     0188409904261533784727154700744968955789153813953645749344869898384279     
     1238714901149590260633205617879893409434472440331457008849057448265644     
     8094273816335359889340477160562999218016868126171551194043682068510287     
     1127759508436475373924366544651852002420720872045469256015069256435659     
     0520915856333510731512129484496505081890322874385324237968438309379555     
     8671171781213130058367794394659953201142613515187216080628749989422458     
     9646655133435192108203230818764118508501062263632443194980415694391890     
     1122694167251516208013050771295903341720713232990987383525848980864449     
     9593631924770249664905303674169378136622200778639506175885978211554622     
     8846020521505035362112867271666863110343303432509133798823826867378344     
     8081090527130424306022689261993738336443461513994827170495019801844701     
     7426088978435351992172885844621862865567335434793207844598984235630783     
     1029133580713225511940253556574217298167872481919827234805960217399857     
     9042720802119721059907888319740386374083461242319836335063942931408619     
     8234108398784366882869318747154534829373432311316689156827387413537951     
     3393922035617454708374550948753452785660371980853661623721263209307953     
     1718163675221042777010694337493754982469087663677673453931375285481075     
     7817835743108233789582830187649163084575681167219940044347219129391423     
     9191414892344640273744552636341231474826617681682886894545521833200849     
     7880403006157952396996812629874899597323012874269049516175020558757399     
     3666064338830664014227580391757402871553772732607670477291030122784353     
     8075154996452899538702583328076750899564980062832826758978514873755271     
     6666293760371734518258244316701056290793620569124365355503887065082889     
     8315673617723747455229716090776455454613917964896858195556277033710271     
     8993964428153154002703369958242597741881567204709462585327099031943813     
     1213824496576619697397153276272408258221094429128885562310032233840710     
     9178335791848978490873098632869937905654825280230767908211514598260630     
     3155822418473459430229570766475679171492301042425360079624543098932536     
     2771857218376180646107934752063756833511752085808225964595920851073602     
     1393392209840063680503204676543498806180155656662674802919081203265948     
     8124280855232368979677450628078955285457838500048319278724443214216548     
     5784839304645869492040567361819483492598654939202649977760918763645053     
     3538897368641947273895888745828338547401278813474659632738454140907724     
     3515907614756789665221248979781981532405774849566897488378108783147495     
     6801975964016728020162420616361395792569199682540117373358719037585276     
     9370109333842873659207207669456888694423470729095973354449811086386369     
     9074130884774054174970708174621877186703657255295895070941341511785927     
     6901178205527917229838426278491738824873106226880152840983644298477719     
     9165617342083379769924487343734619217136483997805395677522467177672902     
     0546477743689931435080594832157163110172694915965909579904141677478952     
     7888019760276707856069941590059627065281827478301753032009976964586083     
     2176911209944266797909870564069812651617883677177968443442327731071351     
     7671211532325352455926223595022551049524370470287048133903886230773233     
     8525187107212088440924034918036456128529753840674273612255308196696293     
     3081743375570263142987296862279811768982317653414089949339201532410228     
     8003072840079008866011481558895614913267561869728888315869950880738871     
     3537348685450030854745859649300263796959117959908418123978628883328606     
     7019246967550659679985725284460785928353060256887630932775279448019667     
     4718057026022869853790797933777661137142957402557013687076695225952632     
     5143926054546329015699045020764254357520839179887703395172118170420619     
     5054192807129523674081805260298768665239876082045885648811925173219878     
     6856867700627348568754936746248107303074517145613756145775791110771441     
     7886432999229583003869589635460940368243157115890494348365469927767041     
     3326423091686360418986081422696614113899755752510373330418253036917402     
     8675410166160667748243635906519479133332414111533810952228828458610276     
     0428302756402051259094480621027078280063280634205722691928004269109206     
     5186377329571577819047701796958706724539301566999787656687914499030540     
     5618571568466315434746812695251881268944599350421823021462225287227452     
     0285511401602055507896505852027736391754224694614904249882284030442467     
     1360080861668324457508268598696997127763083922582646392946377625818155     
     3019245131803520164726285439175961069753508607632128407485981019646941     
     6485670700723469159781793229343522654760296906404385588411160836472525     
     5106288497548339900872318482520304596228058057528767137438871098922764     
     9027086779513433890362896221502036464402057150269655132281843578423067     
     5463657833862920018150974087496533019485873636511660459403662110724199     
     5387706013979329178887746900453449704193273293658753180536447885265569     
     4168297603048207302719879577858497618464874906381603293057972532849315     
     1198256954767449971420459705135295815854928463743396078232997662980831     
     0382020749844095148942734777587814441207066967421038981179872393825846     
     4291301293751320811844454487674710420744442178439283310152678717824172     
     3598964825047257129111833911705641678138011886601075224626303598530262     
     7630394711038477072041119138108819539718825876017696450656767696162732     
     1789634403195996193214520004758087147764803747321021122072237004628148     
     3696009359999505576510467932045832566059621896249048727620618776545011     
     6191337865845407098702811556695756916424892875417919877437921520545365     
     3956776652938212632329836047564203587515467461432095807917358879188450     
     0261245611975181201066751998497433063956011823834200130225222160961042     
     3609260846647170632050851681390970100185587099296973402290248322811958     
     7758749623121120161413910286734170540905317010601518311011318306338546     
     0618021802933960810488761357182735615823052064882839983065009095046498     
     1213683671524274249364783903423890517688110318257099629297110289148337     
     8829020335500692919428393519701839030954759784516439388377091618696073     
     8739410993214612555464066825596784259109172011415132530000860201436401     
     6502252511182692254128361870518178580467493153835030391242630868614203     
     4076426679512096878144566565573122447436311850327658755361479927176103     
     5603075747785440862682116975890414722266737983011253853124024681106392     
     7484925431816354740112561812245832417061634114062709716605665284047184     
     6646555225918746318258015481806118255158210924085535698847084002861989     
     5772536353797229511930390471445547814427346635104493913371115528542206     
     0959581245891461376443973222415526522901308977727071984890218009771592     
     5534089501408578343448672380031340260434308674670060000504912617517595     
     8654668625864043308499046247161657314195727685159158427256707142936123     
     6989472749080442387494664734108681474780039629831654520238354966718422     
     0862338201067750932132274573279292159256379954214159613660627664879718     
     7921000243282220369657360043333991992327983642502653885130783619646642     
     6928985953345991910868996254771708379609644177617187976172187880570109     
     6007553455455356140577852068954925645288253720201539891639623203407708     
     6330828602788921181993161196310305986109230410557044518357248496248711     
     4497911112380539206458849955232814161754128997380015064720522411225086     
     4864323012488353796396119977061523638874701466931021830190806641211096     
     9422130750214003917481360157776164207879936909179388407599926977527924     
     7843334806116426358299803694444970070029956149915749138459805668628374     
     0461997248837199697238664128160357504580115591048928634575360915236064     
     1009114669709250985648215338605867774753260622928259622419213181390113     
     4711256303954901666267057738791707411927009317193621549443220065828702     
     8538196427944364831328205415032835735315575170086957860484351818600172     
     3260541180292172798468483309339747663999393429602729801096932598872904     
     9375074048615837512310947757457376885158985871267989607823958236197307     
     2745230847194133613881946000641147451766733350305697604703118738679992     
     8686738520666478863933696005584299068089538342384490089724290122566447     
     4781364182362072375237521626707969852506905898391732672452959156228202     
     5256089479318937703300036669406379782152132521315354339609482847107941     
     8143411230843932203396083717127270401831771237706779293912227196317583     
     2726027990604938634434494674608057396665835233033669361239711742310780     
     7337387630197843342378044110864362069745585687381941059079185970996837     
     8601949366737747726883907154064624963924692827764078861656350430873279     
     8338155808647543308850847201446956246518737572754576422937533291958461     
     7999316897272078156541898227779963532350595570107365765043756360645102     
     6972062799122159458453282801703282146915469045689787116537622717060816     
     4993612018220187513255518792428285170878832136372881834728903074359726     
     4815799963390497891706983109900670955610526228072137260919685120000000     
     0000000000000000000000000000000000000000000000000000000000000000000000     
     0000000000000000000000000000000000000000000000000000000000000000000000     
     0000000000000000000000000000000000000000000000000000000000000000000000     
     0000000000000000000000000000000000000000000000000000000000000000000000     
     0000000000000000000000000000000000000000000000000000000000000000000000     
     0000000000000000000000000000000000000000000000000000000000000000000000     
     0000000000000000000000000000000000000000000000000000000000000000000000     
     0000000000000000000000000000000000000000000000000000000000000000000000     
     0000000000000000000000000000000000000000000000000000000000000000000000     
     0000000000000000000000000000000000000000000000000000000000000000000000     
     0000000000000000000000000000000000000000000000000000000000000000000000     
     0000000000000000000000000000000000000000000000000000000000000000000000     
     0000000000000000000000000000000000000000000000000000000000000000000000     
     0000000000000000000000000000000000000000000000000000000000000000000000     
     0000000000000000000000000000000000000000000000000000000000000000000000     
     0000000000000000000000000000000000000000000000000000000
