     8697231001604927203727521621418028593478297734392482424628560847406535     
     8935895676368378450121838326892333201860208627496225800808000738401819     
     0721159327688611748615082737927876901602228413847660255104683745606298     
     2503233974944394541205965620486302342291699687113004919101026114655999     
     0294669463503591366502939387926524259096906177137030583641006515410670     
     7782659740547981109913035040340134061175699746888489846101501074019229     
     1988138215687420240622701230750302571691121705868436418195913353090040     
     8345981944875905894719957217995997111211981025637373619866608820789836     
     7044575523215914486505136773574520965695422156682032389897593740347697     
     8673788175358109094074051467863394960863146904287606946454840792388817     
     4491590604492760095324332033091319272143255785653482197292215150810896     
     8417164616027285588521171058420590517873219187832965874435107186429232     
     1448095218271368732612254182470501548789580929285946094439191797065365     
     9413458615723596049936207949409851155025345705409863621652556442208475     
     8633695430704955226827117655650551319702528550429272491133507437303088     
     0705578790738358527271257461804853787563401395474291851389066947251905     
     5512674238553119219957530873074693079034418642574011324941220068855267     
     1379344036425161750279577298332968357095274900633077522162740271299991     
     7200032350540238600833896749011298933239251516781907640060615869390538     
     4043213066895404331881280391157991359631081856031301546085979605328477     
     6323337592657468572602457383891821733859466787518294766908713271258928     
     9685853800296186240060841064231046819802189341563077308409420323581807     
     9597872196766069386628600800072272212365996963301169364771062807744164     
     0431665276931068115015553727064741991291234712585353524897715252892510     
     6571643184283681405721853303823717135074947815546763496648248904027968     
     4448930406966547118906459132388822074207254877698821051395162557216723     
     1261581693603557244496260243392539734335236869328710957650602392945366     
     3192295818391548459770053995851378397992757738539697217372950697667804     
     2204262341783727002433174327541300162145762142299980568849461500272994     
     2024424895194351371481934612407728776726445495380411831053307527716558     
     0817102289723321973961031222846810006374179151361485310357747260001519     
     8391347782263913410788216093829249545270724500061410717047908390684411     
     9873824086653387210082738812042641860185057676096328409486946869895368     
     5848012532828650956074030295635394256790513284901206268554933308623271     
     8115384988550803144313756228126618456180394842143115690710042669090250     
     8038277157740692389163504952978788089726729231375878875751592550526647     
     9925736439374482609932612621901857269958165954164820685203378591570491     
     1257657004652332163586930306429527300804091923919303344846286015627990     
     4043817733660859728903544409311412953778961008745770693109125089867511     
     0433849313693327106177954665142546907883455257492606990315754459211358     
     6317538254410849991301333460539359464752513291394590344570353216035670     
     4061378076665107848421047684223999340934536272498939689203548513690057     
     6295929248702604280398977564152617701181567096083487813642478568671498     
     3739058011877143668302176992058431729465445829257759613327270934483065     
     7433938105406290229650756017362260536719465012672305632602542998858179     
     0467631589639628734142662219869884870225121643087413862886654861945111     
     8037787089628229648520666222849065837574719077281828393997945371022139     
     5779917183385542467947667344490539731574316106090277469237310292368278     
     9335050133032680408027735518697124462883635599524200928546893674298796     
     7623286607740597251357378363003752530450931034847222552012692270760478     
     8163344239957821978079112096587852427796991465168844057958381809739407     
     2267799730588604157776592481054609246941695958829181527739382658106669     
     4691129201606476221334464227578145692009350631193458816330230615638179     
     9044651166861164580085227086790810523516844214755304221495021830623053     
     7490779199539292467222333674910140575881880998576033714569052054619877     
     8753259505724032674495571248166529816783853495687073173429320118237754     
     3303733051858900011885518302940394596358383573943763180651898690024207     
     0971971887062889676989042833912316602361043634252413024832308485817556     
     3366231510883025256610177064498001867083251166476220794415142681748783     
     6580371430913243232022278997516588126062120792667256793584324518051183     
     9384097434415587338960627030201203481792588678122769451228414236066744     
     6676922767778919078459157184839165067675177802021084319242993715528590     
     6370020350602214191556257768528069683364433190526674719030718352731302     
     8690018564054382997642200003073972580144495700702722656495634549277758     
     1409080775842264054370139936912006374035958149257526458207760433896053     
     6847317306268533252056510800070369515802875929972904314555385288303930     
     3169046334350958759468482434448351480736836330906190761874673267047040     
     1197261858112588237074904902111943347354895302146800596334219833267810     
     6219403709376528152179298953291329928789583999127938598432666038987937     
     6789676810285882965755760837157126764193308476941433651179660902908155     
     6400650335122802741682993959563799668668075486619235445438985245048180     
     9855952377097962835469202869554290654618292041496588504922407189435870     
     7460426381456610914032756036159317922904094586198288152063307369931394     
     9023623506591870175008022853395769065365474515481305417991374189028593     
     8797324443366403490439834465387552292294327708031974186036795145789044     
     9150083548230846159595251954287140256893411050166411436823354623398487     
     7733053555409942374458792887088276767758484101434550524738028980080041     
     9082779770030323623951012273199744274883020856030992719814665625156873     
     0045423824749158953756302812436884645424884528900403960740700266924116     
     8943794339897645561327403693504949284642060016189789722031802989650543     
     3083821345041746574154958201137098892479164693161586374566983093889387     
     8744410628940941393677444136249097142175578803305771797307328526654773     
     5163614384911927424303524640220428780115242493605581305245192462323312     
     9428907471162451849065579200251060043336282551248852143142594546512221     
     7786597397100215787355117570228731649780955150316176427613084444156458     
     6477228141645392769598420486271912609760623493093505874354078185393713     
     8612045374293741003327844152427599879640771110930698945679691032457951     
     4643525154244266028708592842760710716156142652506892126994658131718035     
     7783185500138893627271004230351260814868183016846966714354861182819062     
     6969589484161656714114639963373605038670662448878048485926764965293025     
     1756806255903791657373316269954921701526653070666848632551298734980081     
     5544691288235681541006948812494720146587032436116439902334966399926153     
     8697963416049009070053243359331969618542765137864499822741842393898624     
     8957100194875934103726707027587530407363685658040575384611299151012929     
     9320090302958143986635891750825968778651549648867567417076493970386036     
     2228212619972809148095596322987268044831265814494482233953563041466525     
     9015779021978480469695940201407294742053329724179937087697173595932189     
     6949277612575253262702594205097506619669592446781127815104529276164121     
     3660672325219484201513165699418950016954359117836376902363313460317083     
     1938267355724755057000198243447111549602893757059964799482444437481823     
     7143637104075123000173337517946007209991233550523331104174802687466646     
     2536980501258766273299769942414086553798403743077427097700398600512510     
     1628420191836366272985093654858164406669214551362797440009650554081854     
     6632653615930510191644141874070740562189181613142877700271740510898822     
     7980526183270814819106084344500760885259079397116176046473821659905817     
     6718500724741058328120595946985805970970221069490881871954503539057842     
     8216165889047976284798832270512550819450827060088708779425319436586349     
     1942358054644238572833369573011348682385684171059610779460516017223143     
     3726664491749892510656858721040239423334875064358897567931531929078585     
     7749822448908356663828084733409075886439964537818161081029578968353013     
     9836664031339539580679073750038447494766609964762246396126299596811777     
     5068996779646909087134929221289536339493768737589329175502004414799794     
     9236060820611959645531343733161764862653913893219526357335650217209084     
     6574362448153307071812450857481682391068251399238615673535841151233158     
     9556227862551778978694536430841151936122326800394946972182352571732488     
     8681943534918772067297732887571359702972278481122954102877934012461291     
     0328215572795704585583927214010906660167827058025740086917100915433813     
     5731934373201814919798648186999617667053569627081501290662757301927433     
     6507546667143937600904222477505042398768294063623873095840490548684440     
     3872626787489439170614796397905718310853840409538438290659180539009039     
     3922190322842671531388600842516282629646917864840170651436169687421057     
     0958120662782031582322764426323139170562407617037034652516706411728355     
     7171722457297022935962011361039941486791197719748749262866480534508447     
     3755399949385001528246183439145666156743942307101157960736171424627499     
     2532153505042702132600620351979711031415088182068508839456292237308791     
     8874112564011364042367991479930413788520021661244001054368612681826755     
     1875602535005950910994042041844462454264437970534028413258481541859883     
     9944868931506934155172036713205174814604490876922727402359120772157535     
     3326302347326450327092885949186827436861635334561344422115947194364374     
     6079041800197789358497916421322580599859669819109211366583476339850446     
     8320577066183911023512460571194751634391724297476553619091340174105250     
     0357239817850688447379931247608820792067758091256351054712139807426074     
     3875374816959719906799858287959809845908828208362505553962123825753540     
     9508641748397104198120317634588151133096710968126271382059126856691063     
     4405739352477579042849947257014226275743121908172379447468021483482047     
     5474742765443349223781565099758953596364216508559119987771204866923466     
     5381734324103853876990318793063652393859189807156642472914994749985161     
     1915971715540993618196282416832811711654098962315196799931161029417250     
     6555231697320574196061784879014972243764038177495810205018412569252930     
     8038239341138273290529073880580255889470112410543467657776453055954961     
     4800164888590611264515577464504902014978844756565484190203506080753306     
     7103973712152108059815696982611524646536894163316753669658864493370594     
     1637330006105833995402396323516760471788457765776860992479892387608615     
     9276938025425957644234525443858050199282037418355190326433572084790156     
     5890829317632809308048234689307997393593541095505123636243536000105553     
     5494044751832401085670447067074657481570305817913498146981966496019358     
     0152866086796891191976991893278369208700281526095964763464402954399003     
     8671180026015334971870413452782246564477590019492683205406600220436694     
     9218249950975716610879263019850110804213298645538045962903929042007717     
     1512477496289285970490752431873144975919181258596250277897479327463112     
     2665385582860415456871614162228462556783438523815788978093987630431775     
     9820947564874031148598104497556381812400076005968767596041753195703878     
     0189323989041923659304142445902362819256994730751582660550183078174041     
     1099372546220166713393453115003026630041593152628607566237677914285390     
     3881536172293203257866100998873494857054795883084876841004361047751781     
     2027249092205406016950373553395109085021931634332313228751219086441159     
     6034244639401810547139008978152046740921517264492946321760244145791712     
     2250027142607911030393377386089624688360864596776920039106318842323492     
     8081038293764997493168958832065018515363822592850338959253314806066718     
     4358853128584524964639645826728402564259541687809594840195040201759061     
     7222831511816962185793777991548234842257619258178711280081193468368955     
     0655815762859477615507768085533042888954457247171255954202851015087433     
     4049602730503607813547065359429105049005722666794720438838306712558991     
     7647757132258347778266482010295964572685156476527376952020853746030423     
     3041844487414924911459591786332003513573870897108280534953441613715413     
     1263831781453186988447067198628887809432720263424954821795408402931523     
     5348611380386971820209207747888902953938618899613632955663221600228043     
     9305124861584949982709234423976243098759153628623042331997774477610473     
     3402064557273158411710006880098162245234711023499703031007004853926077     
     9078427355461034519304526415302146525914097446058026007160195942476143     
     3086791218240930035728584200700284638375703231213861165736833747303974     
     0915512862150522610842574507213593459490256502991406758977791158309522     
     9745398664142212397898786300352139887056400498249239381353782124456774     
     2453412434528562256450794262548154613319054893435828254627801838800748     
     5658261951931250359088614990209880254637871448804914178091968944938566     
     3955555210260470234715429426078062311519596880947460082717435726216988     
     2194402224251290001798192108514737489500565233315184934851906611198540     
     9220574339924799120087898812794535381042118102358378243902191439718410     
     2707415258955608848416890456616360736738853954984619085149661019994598     
     0184508448836103432580755193307195146834685198320182141301933182596828     
     6883878142452144098534099830324692873960797413825871532578179750339170     
     9450278726871557605099235369305981178295468429493059791683485785986105     
     3077234189915877297572030306182184811967537702874392181863384033563453     
     0259508221292064641469736423360517269984369357500189547781033909877557     
     8960509621245829147970547340717716986847887493442840335697438034420313     
     1013936641871981802777052983852747973333550874788125750460025784045612     
     3984803300124161648051765184884113309016381715419643726713908331269881     
     3737996452416099808078884125913726301696792950347152072652347414694777     
     6147602431082401186580467240016985199547102895258942012213864633223036     
     3635821108029223818421759956307739437464409283357775212832769709702691     
     8749424475751850805164219681161540388739830750756600748115941624590598     
     0616818347144158874910134164486992420308164533171599705609826187099040     
     6803959888306101255837711326872095094754335402201492141700286836205348     
     5202805051499370051869867330956294113270951949608250515660044283356568     
     3596910035648500776771513949216715519056069633486612425611900951768237     
     5772922742973629040682519044412971242793144447080579500163204127898832     
     7685058303124632795031638380084797341835567878221303634205843930309291     
     4813533134229724602088311848419106767110414957666902697540620247904266     
     7380342570003289874760664400580341447650301311855809290002048488175742     
     2856561984677516006614495387496026788331343597856951008012204284301583     
     3377761958775046180656125810418151975683966641726657781203652779987067     
     4492881585011220903009586686321753646489055751088803041477164053608715     
     1268552053555372406512417864345682694016088814874831790380471895232611     
     3118000725628006713096664779435021592998322104354622809417158763756954     
     5515905889199342564995517581350880130997704791987075041303252214880734     
     0776031494825437086720524983975669137267965913804362195641445053422319     
     8507905460491363190522301721793299610331615698733366155436763269388875     
     6541438532568949293385971885033907028895865959942714951968186089839196     
     8336830794533788417995357906986003260073548206640768798591922596899427     
     6164176039255089896338023043182990045947191613421461688826907684856421     
     5986119976862226994851232700482216306773944165309169603558882934420627     
     5900571482194113586297907291901120616554444733553942690940278153162820     
     0455546484529379858311582437728200214310309696746137167281066827989978     
     8848914641289300629112218881250531589619884459559812946326780777449624     
     3139264088833967871636865059565294218762117190342088649672601065933823     
     5384715730813121358029020623280499818682148639754627379878928015421115     
     9279906029198281965954892463019693739334611572204858511161632570940706     
     8692953474097047496868287202482108681566503158489688248173254386945092     
     1530330577593068875114921123915987373839573482853701957351794753893118     
     5964689889553367280519621546951523779324810747633058928383590729658064     
     8379950661637633626923734395097768443974999125282991401496651535597608     
     9292180590912932349385609902476972157415883720870808636440415443259216     
     7098354801587115805583931497735797381077526080817031347359904186023415     
     6525421520076615112071350133218857001712615322536048684346491103950852     
     2085901119149349932568593954679685717516441366276577143885087017844932     
     7993356952287686149713131931472831877699453334314815744818735944218611     
     2220143916921196740053381349356507333012336252468928348586531342733113     
     3218545316868534827319935607076174205718181220593156673980136109008611     
     6337812390150291957776026895748777800026704950022581014828808681807924     
     6966005481605583486900393496764276593202507236067480581641062630265875     
     7145089206861629435434847031906768236890558422778934980151209692504212     
     6550766872166400000000000000000000000000000000000000000000000000000000     
     0000000000000000000000000000000000000000000000000000000000000000000000     
     0000000000000000000000000000000000000000000000000000000000000000000000     
     0000000000000000000000000000000000000000000000000000000000000000000000     
     0000000000000000000000000000000000000000000000000000000000000000000000     
     0000000000000000000000000000000000000000000000000000000000000000000000     
     0000000000000000000000000000000000000000000000000000000000000000000000     
     0000000000000000000000000000000000000000000000000000000000000000000000     
     0000000000000000000000000000000000000000000000000000000000000000000000     
     0000000000000000000000000000000000000000000000000000000000000000000000     
     0000000000000000000000000000000000000000000000000000000000000000000000     
     0000000000000000000000000000000000000000000000000000000000000000000000     
     0000000000000000000000000000000000000000000000000000000000000000000000     
     0000000000000000000000000000000000000000000000000000000000000000000000     
     0000000000000000000000000000000000000000000000000000000000000000000000     
     0000000000000000000000000000000000000000000000000000000000000000000000     
     0000000000000000000000000000000000000000000000000000000000000000000000     
     0000000000000000000000000000000000000000000000000000000000000000000000     
     0000000000000000000000000000000000000000000000000000000000000000000000     
     0000000000
