     2634835713562862952887032396759923430094045693999694886040059766041002     
     3575379557296834111992319033157328062666594064894543103584203437078088     
     0312450716436774390833388637778793272196736136830081849882030094767538     
     8864923153184921703239329451350159149591858682801992151783716088754909     
     6618638184673128738774038773534961798782734701023937817069886070372579     
     4694058960450740269149583434653187229607136572035458275005095569161047     
     5812072624100809422208437448238988956237316465243688221925952679743357     
     9104481985127271808557665715666366752950776497434106948265329076537487     
     6277645185541626283088355123234427976236231919318071817691884679539381     
     2555658509621474084315203580707309390570742947179060346701821666548860     
     9572433682762535586344861415504042075051236291022735609873571170043363     
     6409302312101362294882959321934790090553345849329940185458820000038426     
     0685542405133766414698201331321728904330382551871573943022913532229752     
     4392205644223846453616989608016739748700422564175984110094383213566593     
     1376470447789417689965804129788254928947537783735283045436696009192366     
     1274758222611546742517305882283539335970503116423220295791263416076379     
     5041703446510717913591495112624208559877361326573094046901570133889991     
     1539450232922100532087006199520601526569324219980205712716397223387270     
     5775704796706368355514353209922738231306795463412683668233030833295193     
     0514068447796837217512404105250139204101378448962983337741649983610391     
     2279298042083779754514528014315036338357959828514770226977801000521785     
     0441213945494790236331361329344794796004938975719440149563069367403418     
     9612785433829756718214127157867604611547740806556536244839770051474978     
     8561423002435296413420322992530156467192573034838432702706316174888772     
     2411372541980960142413516380346652363715911146796348016227833086160402     
     3118359313302951989881784360283715784026334446443988470675042250019542     
     5214022497625271799229189819076109427628943247695854401675574874223383     
     1851531232473386980418859104239488889115085934584177121599166889626827     
     9296239477402990695583205869566765212640078550288948250059327359083578     
     7320843984725116962775651611262903509524168917122442969843156738727962     
     3535577358547429279978676188797862877583241095047985595301155451113879     
     5296560845134142494356867491998425454929249357536756483731781457916975     
     8647231833255763085797952660010629226100883874893979126202468354884827     
     4296078908782930935095379952868859756933844145177204055501201812253246     
     6120067550651068408373603631293140108323274660586673020996290607243514     
     1802208323803234734155697285743748448997210062818653002332997150474413     
     9685547723440186162810648640895147391423179730332809665301932837134538     
     2656417025459193215394516519415382541815814797732376314629962379546022     
     6156907774815707767034965648698929806322088844090019278610788268467637     
     2886200689560328538342302091886077643050983148461020665523718419195400     
     7848920116759847312072512375678760771408636502065163747738885832038188     
     8398553959956755714676216144651153021386342745923760480571183275554399     
     5293140353926699877483375279155323096637048053348826867953965026040654     
     4697884939571861693566526269531570858818444484657659695503419507591000     
     2847845238803663981463907595279944999312271442219450077854686897827146     
     8861218626724013119384561043744524177067746447731009872306736539416097     
     6747407868974836252812550014333162461139033063112943137459466282587955     
     6414428813771398606648522596446442295512544091425862426221098772892447     
     5049163123967189638653821357225835690974577225365192202814838922698395     
     5098666027906877669573904921859004333517488120835968644847434071196341     
     7599393862551693096978319430529065958368821024626683055598290402813765     
     2868379921589278830783071702382022088216809934061437154361649054360200     
     4539798181391446718982884444482695067623308116892056822542519876737311     
     6135784124062868046948921760934273257504730439010921775930960761643090     
     4437945917380449236171782171127081007621208055115863140776016025982682     
     4098313779753031998064305568367441168789038449429464983846714901160219     
     0056844086323638968137945120877199655796141295521333907769331514055247     
     3023012468036363622772484658684486604765765126768093760903872781579374     
     0625319163703046674491689956571512159290216367245095254764680365124439     
     4248086934267811235901480381292079557018145397629080544796661524992198     
     6976115641032346502819326555432372028461781672597076655716183318882609     
     5451713828206146141677750619640673365874096572108377010872453794952613     
     5405894571692667910735194997418535817918717538557564204618115150750333     
     5534590793167887461670885877443728890293153399914783370474667020885546     
     0546026178910885632464157878704099682797161458149410004576752685676065     
     9044288415096976557152030300416565868769991616466969348703506384259873     
     2641864417190723559216679423498466047463028558756648427982671027870830     
     6094661343638692045599588776218187950497553652564414953802885190938486     
     3119141607740176886392593307716493599920569274626234102333827936826726     
     3420513137082907359189895678624221447894740015159537478154712205987131     
     1480890676160227872901688775996903259155529382240810285490234824906935     
     0679366106251940138884461257620568262779594365856974288210534320362181     
     0975973174701658320573745295186257076006480255592837044114744363651679     
     5147605747739694246108521938413116933867983490319295946480280638028625     
     8587809861434416910443028813190689967131508429276577247198543412606957     
     2055749081748047851512476353322144159198233010239233151896752555035063     
     8897160495608365493881081149370914820300266265710690308605000827609186     
     0990972455992150711425162412764840097108768211230741391643129262746226     
     0324149375650686978121359852754300071508498058459623862717593026503679     
     4278643589183518634882224255957746350689163104680818096840080170164662     
     6763889712710527059690561964661957528199568204510435215988103638889083     
     6115971037150697131996676430984315742102903989425321799410501368139748     
     7603141174699981272543028557652577857047796564450743271269763722024354     
     5577906310463497122822098792895812621425553721523931540544993538410840     
     4552624775262603375125472237671100670187092757361685008314087345690853     
     6878844434927507124827341802130161513793347667213494897308150410826788     
     6466109671575863717517486860862937532128440031610563031524703894742950     
     7839048936889157497837804512622996595599036310044809805013673680720587     
     2605826591023502727641912677512379100805435549197502767104534430775680     
     3652248027938658296315704074520472842156622163590616924588700909380762     
     7970564536717230386064843797650813626728438015472662017183959569431776     
     7020649784817752954094680163541210260581710280194072579941364456637747     
     3968731451074148924263989916991535941176268184685665501602502098426989     
     2387413446556859934494933091843027912887470793897064562849747018209761     
     2312716086847242179652354048000000000000000000000000000000000000000000     
     0000000000000000000000000000000000000000000000000000000000000000000000     
     0000000000000000000000000000000000000000000000000000000000000000000000     
     0000000000000000000000000000000000000000000000000000000000000000000000     
     0000000000000000000000000000000000000000000000000000000000000000000000     
     0000000000000000000000000000000000000000000000000000000000000000000000     
     0000000000000000000000000000000000000000000000000000000000000000000000     
     0000000000000000000000000000000000000000000000000000000000000000000000     
     0000000000000000000000000000000000000000000000000000000000000000000000     
     00000
