     5953781605209909847399153177719091811214603697989791625168575720210950     
     9117771783534596046925894856724821107802139407487833229217036319869534     
     7103323068294142751306310297808337837394405301239037652997170379739409     
     0202970965460059892436299773277415858331837836353991814587552357000083     
     6452169940448692343290188753014968530138179738405669660994196640486884     
     3246675423151382189995973829958286061112384276875243480465600155582753     
     3427664851133722493577611758770439836732317801200404994165820705450997     
     9782423625114351264061237963149568725462581393705199309188674740377082     
     3597778802018716011905677931098949109396517421826998614505099638628489     
     9902440283245215318798804148281857629833255078317640215393660710318671     
     9777050014426546344332752704980977863627351254612587658720689134753525     
     0205891970324322457299253706235494755818963047918074093816199006400146     
     2544030435441965388737668456896622844303952396316359053274214724668100     
     8807621549298008838169012210113286686607275758038673728244590172864075     
     7357101639557020801759563873099907606606906497251492371314052980579423     
     4854722290495112502963145739566035747402468139282241376648986611958486     
     1333317054031247355437478570573275326749370132383449769300146391915100     
     1400136109967112664475604562384687685149138989193599983353864084581834     
     7726032904856284603186137261019540389263752291749069193883917725065275     
     0172965406176502917152655223485220768017348540273679990435980946458092     
     5105353383134384214451004074613196724051349456813291289896865895978827     
     8233882905566516270202084940790406236263209221369603615181517478147832     
     3837099070010719041060257890555405171811227169724994030431490208546864     
     1000118538899682565446908648242305294007510271484554318021328708771538     
     4984090818803173216617876868962116414405385979207836149559578449377633     
     6003094432526177556609167035249841862474489876053267881300662794427406     
     5659047257902847835840799824869286494647190756426331969941892475138968     
     3999449068006435037489737814727481826787305262981991575238942061239758     
     4981654653635979412358354611220309752488259031961373178608428652208389     
     0749413533122727828596623201176402196504117815274465666874550133759900     
     0130790417088288711195338633502520760677733874127077649143446252521058     
     6498611248468019576456756325261731021081085031198723471637933188701072     
     2736898579948785855114059235462279594327051807426059427722354871107775     
     5645917217752487186178251414095484445167212354006820404798964946710235     
     9352379788713201831204652109446813536126854827107038684425418403816314     
     4529917134252216219926928161672414988345384594272245263723262005679994     
     5223772927062511683967028719825871722887441458923989388700618379857341     
     4446316092993288550782546110516279524042621099048494138066008599635393     
     1233131689034655006287762061885367730543097831051307040307460495716924     
     3910190828045955960700884193925642620709122210630305769834866874161637     
     8627824903705323208277507836280543351159068688550046392720439199702339     
     9807342503165373795281849968927598947970354876058285416078810921104411     
     7723619128996600131280386270034287892879523013218014605492664319290451     
     0212479169731653296357174017071380033516900417770699786352040925981411     
     9583989814111773078217433267386307979178595606944017219960070865725232     
     0096037918869599711271115390621209863150729996223526814636914664672018     
     4915141886864484540040488077570586545278856099632168994410922883507693     
     4462758012872519215198787064331686522578754391178082351725708888673637     
     4890468155931219442239967611387608071366768378833090805980719137256212     
     8065394481517148773788938115804452797752126029469557586261639721063194     
     5143809558525763840134193467215177776744101958972867442603283045026601     
     3997180867344809385628250997382770425802929326877759621142531156329300     
     2112129062877419550519802655096123568014675008613071728665036400557586     
     9779386730163628121948252159811352358767489799995864944006044807497817     
     6828492108613726176254212014527793933625603286978868881822716494168154     
     4394206752143695033860915226877610262179430541542022188856433683078713     
     0296818282436821322347161720925658663348490935180756514444908555501510     
     0470899738137431310412839356578074079185523497009800958680452985485479     
     2956825231239274429038750053069506108972236361535782105746715367249551     
     9124919979503878613523998157831655770560582857100681666715803771826404     
     2363792626753643797182304258683294168886655150956525587338109767187789     
     1834845415342840099782372067633774290302681093719592945741517546161033     
     1582969446970144442542526156687957917473546311791613073280716795366593     
     2547265131809300747035240730600163087449685628085545290003457876107575     
     2109721033322863980725704251233860227974044104457835996485685237000827     
     0200048510670516157082767314533341481279089242690944508952395400808942     
     9427283559950137482016673224238020686270209209858851748528245863266986     
     0415914854382914890920846123456139197547430544359379292176800422965987     
     1852080543413855031525722546843385256498637242850891392393929096930533     
     3721701629129145040049190441442106090840115503491457885045824877186654     
     6109629908420859939912970433964718244424604899552282570702862419641036     
     8399814369951313641950417029166587202181863985197750902991373773029982     
     9765185453621538671588217756666199208480755381753619788216527254415168     
     8865291899050020231352309944948181291060073488799883008088117104810848     
     1809781270716032762080841597696694233021647946172477607927924832663632     
     4654474038347235693785466571251043277055474214273972437468394334045387     
     8743320445023954288313226816206203780719021346817180785218975889716808     
     6778676547054238497126230408768555632383301854479212584806809010039084     
     1267886583294254761374817452237861700417314084816970750994483349076701     
     8203638067978339325810945943219238404077560889914984984067746536683714     
     6418024368935132811821971284702967631340573637786899845954661330175399     
     7647105174079157704991084251935676817397072437042053081102135535595362     
     3664216159706487499830036697781662192628204476911788948225416366765554     
     5998952984495643544794185602688858703803668242230758041561052465392470     
     5749792056830421263993496456382124262216508317142543007226200504902601     
     9832970724344099912668692920759177865243740527770726926586449069308290     
     6171273813934051573696478690520629641319728619585240095345809873782141     
     3461143542425658480214402837765735991196009644994199975957793682291906     
     0458060827528295400369303330578027186565993065958304596374855605540872     
     3122702206306761996819533825547992313384162618382949177724445122935696     
     1312534150423987987846372267560648638922593482742871916019278058608834     
     1782341787755412899505732289745193504309232785470815030927095695169916     
     9814559153745205986054532499801493432703947907135386175085828879077037     
     5458604116052642666879366807500766603916620929307751680596804051789758     
     4914010723689290094872477520601025382499708928198742985257770390502407     
     7229676769999492336294317098352892100441152921323572514297825571918743     
     4665256585796381679891779053685815314759968855250895288620559996619677     
     7295018509267493977083167865773111103762857175943653461610257221518343     
     4995809475163773375871848943820564519991132920665598813655121249349910     
     1449832335551179181861116665198035716794320124854280943413791666638974     
     3272114745482267051953249012635280699026567005235389909172257635541747     
     6089843155795926177745009858963839472445269141125666522118144147233922     
     4118979361866596976452064444623859400861637139157480830311502470087976     
     4858039030254448973647431501753388600331940768363833101484574054451483     
     2494865814501836885305154051471191189951545378266395366351974672086252     
     7681741337910769447273455476202404383591769810970594128394956423847632     
     3241909842443335680697922127135597718354741992322829134193922741375114     
     3257945746189161296087191943440336482785193902492725583474490703310012     
     4747192327503005447621116640881375210333718279513507415494979973909692     
     0636614482019379490647315082951702884889681364467522220294431757858688     
     0508695019646109616759668291943739325793485369542548872661542314307728     
     1855585104396164700132152314615161595044173787978662742196265226790753     
     2118717925252695076035652775014046145970473403127103612025786531624652     
     3694675481485800048452002674225129447990596417032663798360207079843859     
     6447804465383758961812911175092767438625750533477028731519794651110462     
     2152371717648765829839423314554770330797135496345240485919525995001187     
     2286408065325155846113966353710149182021924565720708095663387986413243     
     8404476098380095403160272354013301998509582662279932679045882061133188     
     8244616002742260914190082614471342567094813665269661016487093474631707     
     6268885261735328042596512044907658934572114764480259062728219496904148     
     2886094505112704613306969956531474312121416429013086119105332303923831     
     3091332481763890096807358830354666689643665900444604695939863152789344     
     9588919860590237465292553069129685929067723511702669096356299855167497     
     9028128107953804750868945969446576473948750892932503208738015875949482     
     7808239068320977500045033335339169508891575355944734643478091284851901     
     3550311446822846505501798733593480302643451785050170816116132688908464     
     9071222702594871749141026998498480951497230442799727520923260203789986     
     5906594525715657719796231721438683837690842308954637226587678520677390     
     6630870084542802037124111721261388852158556283243538090344898366071781     
     2187116599927361641230689458422470466537473798446989929520257674682431     
     3307267964725832775264077518240817388326585084266267139686769033965161     
     0700163410041029974993694465123205567225789630185945768671712841166987     
     9383802934406311893192922152293989030941839113107228430711060128659802     
     3344969568662965159581353753771992789779039992083139075482979878368775     
     9183276669824442805583132994547017596088141156760010384315715184396005     
     7175854361919078688090434151370138652975678638946320707022231471757330     
     6951254601816611542930871777744476885361199020611589418117919892452004     
     6683498683552418040518859673359844657827852874276253112559566199754612     
     3455426528387853716852949210066052507424749099693601564967650587567923     
     9240384630310285031373359569223700553061375451570615510273488574694964     
     0432600022573788679975572080347488605522552359882709259706339776222464     
     9900140387820729079381797995722106994038099095625815361451148542649430     
     6002062046264139408590381441270868546859156934771045380722686573149338     
     1803498606656214636953429555145921222399446938679910697567050748699986     
     9215634986919140638522877989109727424192140466481582421559115302749550     
     8316450232889181979519480342163253090157802490906956643074074143654080     
     6581331714934724311787099048751456775250391439918891556563539096023741     
     8055745174865422679798807152553008999459903336075551361771057474902625     
     8805891694462918505353383211752702544433907007404263219170840667219374     
     7670879505792669402262201655643589197839401470370269007046693076554563     
     3700445674691402340044511738411386479341653915300231651575113096895943     
     2411116674753475818301642906688127799171714581397093422801594991661998     
     7807369760556809876400096923625830682405449943088162021756068472683105     
     4295949350455478745048080927108286093767473188376441043612995932142015     
     8001231270044675867573303264585505080114832801229890942266903736070218     
     8796801099029697864354718758890333356704989985948063762814938189188152     
     9798935052950583847132667980741571177548694702865876902893729502506166     
     4760406049023974942196397840979159472051314122361464024878024557648940     
     6524015641741480656364825673450783682294148314617066213175986565623259     
     7584397135768054047183071563316432732830642118004484510664223018123931     
     0237130755416402871784653040991245095323944810635693357426242141497205     
     8538471391220099165791144621484873957519082733671375047703811753682343     
     0104042690407006778539226119510149262177795379891955602559471027142016     
     6688484922141005369319956485970222134038162606499654958390590288200468     
     7035914779829316312977290626565011325468452779502228295959419913191171     
     0019573191507021237675188030021251190015579509880304876297601821984662     
     4189497557529309868492008855519462128624301278195712883483412311766275     
     0333464539386035397121302618368637651242731442669819490523864845716515     
     7171713301630590679322819925465861963323243953284291028293843025132532     
     4830942678377107118534539199060836149253919526164157251127324457730409     
     4183744673759698006815725013840913288344766237647743058330892023699945     
     4616807711436397257114799707479115615189088956982208401660157785118494     
     3724788047970791885052738981173412801253067185971223544799775188593118     
     7932420854062040567971677425501362460292508827359291622328413616123362     
     3316080330818540812836259891036103398159347374690981443294970572868705     
     8810938267928258417436541110105043419659259598388111975549923041578983     
     9747013413030488982619949404601491414771859848507252176145419387363907     
     1743398431239030237113682126077397977723129563961808914466035343319572     
     8102491416051235838223687480502550719844306531281251706184104048716049     
     7961077328985456640000000000000000000000000000000000000000000000000000     
     0000000000000000000000000000000000000000000000000000000000000000000000     
     0000000000000000000000000000000000000000000000000000000000000000000000     
     0000000000000000000000000000000000000000000000000000000000000000000000     
     0000000000000000000000000000000000000000000000000000000000000000000000     
     0000000000000000000000000000000000000000000000000000000000000000000000     
     0000000000000000000000000000000000000000000000000000000000000000000000     
     0000000000000000000000000000000000000000000000000000000000000000000000     
     0000000000000000000000000000000000000000000000000000000000000000000000     
     0000000000000000000000000000000000000000000000000000000000000000000000     
     0000000000000000000000000000000000000000000000000000000000000000000000     
     0000000000000000000000000000000000000000000000000000000000000000000000     
     0000000000000000000000000000000000000000000000000000000000000000000000     
     0000000000000000000000000000000000000000000000000000000000000000000000     
     0000000000000000000000000000000000000000000000000000000000000000000000     
     000000000000000000000000000000
