     2612457584568822786015495368622844689952614528735844806489436125605069     
     6221503701416341220523784249024389697999435240746365182310629151753649     
     0632785141775448795143687296872615287248186488518666023357349970683604     
     2475700202294893008971565943459775594696292661030534189774186747837209     
     7803126736315050247435998973061818733347486137722043378176541089770348     
     4820152286117002992784448519713989012686463542287828609633994089400076     
     0600867082452867309375501450475674128416401352933096990354496108449572     
     4239544440841462933672649119842202415615338087201297757383463052550192     
     8512796813670010669479075032418443247009125824077343446373634584863804     
     5578216827779231649031410425422184458460948332330275464659792105882040     
     5068363421427532103887871859577500848651438490292249153623339118941314     
     9948599097046592031637524250065092206394798123881161114425393207221975     
     3291625357090231865770642233818660927021184891439231838383352288889038     
     0303253724518449593251353987070736440077236311209025903218828019762831     
     4579896975516896362768290172006238883549784009608265706401428210415159     
     3636445605943016787843632074998204370747598612484865491156559353367531     
     0194385494003046886210465398425906891586709720710772437924808630830467     
     1515914624308072016769780348448733890863760073230038326180055577675588     
     8515609126791551129447821298755414381546919557159964089439625360612465     
     0759128537902244769348180945913153167136739388783554201809892535312990     
     6207123198277357007779417890208337932945247878484090978670223199617452     
     6433037291920655752241185793191500097284070848527622320079486553188229     
     2761476255460731255180512486176375013616710355709051501381633382821844     
     0504890123422796052610118105884538898621116189474571961327325898421003     
     1752437531295824051053821250583678464672036472164007758299338822001784     
     1164429599549364276860395645016056273858656157133781166418400298578008     
     3031843359429545735045352292372356834634083124510633385934259257230893     
     1018064637134124681812197166693972660329429479245819068998863544448620     
     1238972680437434636234514315871240326008176947188482875616329130757651     
     2909305697633126218238714723590584570187243737426541254663542367195382     
     3127428087530201441485386001046402886452703549485574047861542609895848     
     4527925447129421781126401673734952165873086022551770908852118033700963     
     1278005143768892390095136153076410100925845633573327980734170254770527     
     4299730461278528599404277318669618474582254311908699942557769785253414     
     2941137983193711806902646760341339794719936263319708012282550213927029     
     2316706252080008605208207948650022241661646674804688731568779148645230     
     4004763398494399121332542485660583254767692496356385908201685070190126     
     0204108958890298797386495059722570327330543654615689296134012241298669     
     0815819001692544070534853453774224002541959651959464829399945764172819     
     5080954469380335447548483712331535771437623047169466247156395959025150     
     3315429470339128457710584467428977530815589107755074118530184100663178     
     9936151982062489331187980443861719703744481821980195855274498670469123     
     4684881127054288508305677692646824455750785017185622632719031817659499     
     8749925098637168792538117106073967895453823838834494455364395131800158     
     9676596303803288772533503553045824636855213443041617034739980273833051     
     0262937889448892992140945704927657310377149786478309605389601161834931     
     0596775690956577338818371507054785837775778128134001160328012103919630     
     4515556734112461849878021424407254277370598747035229860568523652928888     
     5997635433415221511253705815858447360893347256285451342394264458493427     
     8404710894671919076069640324562039095652001898466055516710193688064345     
     4284527010906661039551863257983621501653185530241951923648755301172646     
     6864777985238466155186507304598822462783306063555290307860659684840663     
     2436456849336475757536172082797791072339256138405340667518262428424268     
     2196826978845428027830777349793287761960105717669460597760992951175969     
     3523035946922737097403633627720649684119515852734904373432035263641039     
     2002963503091004540008239124424070103915273123411555110077807278478654     
     6757663439780172898385239702583683228523824789900641342215832080636955     
     3948827634999135178721954175263591899884810341086314963192764025491129     
     9000697119320707424576272690552545733680307345286162470345391486211445     
     8307652668164342516678580896783946237586511743409711698200593085497801     
     1260128532082416688359018378545095560969240773424172238805381572335704     
     1179376605986485415996500582516401474297401026973040752944863006888738     
     7417541226284943833733086966772025671452362263122080126171488471098435     
     8898039468142681906911309780672121681874608115036230164883002224562889     
     5379810954960417457433180811950944225703787250511409977776571736555401     
     5365297919801677463741465616549486538715523825106741862254951215144901     
     1353268975028048578057038354178460942780162869153025282457898918024468     
     0130759457859890141106766306095446106509131319475702525815679632407155     
     5663480047810327070000687946352163752049971106376661895804726382178359     
     9237475833265849414827843712213540700663250156171950016450531855785641     
     6176697041391837012731060303012173494656193213515396608394816221916243     
     3524254144678843889636044493518291999903533860757866641734976767222774     
     9767692684296721115597155585144483716958522358954599137868936859660085     
     6096114750794406971046719434818217914563825061087341091367687847679378     
     6877232738159379885637857881212862180027331628431673952032175591783730     
     0438081311594802087211549395321066099555998117776760810784739367537387     
     1393012049507258895065789015354592705450119070552936801057622814774594     
     6706725539451976092495978596248179682711962934617575917058982589125797     
     6009089882037908088406439081539783271206286724706692457911725953253546     
     0445954858339122559284841649163203458934579134838023681161815949367039     
     1257241441272510587787194433334274243164335635942827596242029786459766     
     7307570437250450188545950963750007358937395576488031880847483511246954     
     4623813296270769888734758531247651696430614076593918616758414195730994     
     3823915152908656936029322829739513301293296014259772067849662115719759     
     1753638973871492296153024158039787364672637160794679216879985514351319     
     0624488367783889158584726346107716738799816153035629563078570909067708     
     4991970098211000592314509384111620199594373925331800292521756797620950     
     1988319068660180719373154017971611058323628272751713871592668245515601     
     7193767286690630162742798814114732126184200955550828724573990541835689     
     7514452783576968171147348193510483153651335965169618773640292021106889     
     2319063456705208983410035242291166852769156448753922445744935076685485     
     2205061191604623200249778876256262793732679745494780525734391937825650     
     5511695410218802442882232452817911549849953669303429823218916182962957     
     8650591606925147536005985022106654252445089365017916569620637262469441     
     0235787510150665622828420424528592445743185806443803051992067550356012     
     1012084426650941379958131235510349008839814383497060115994458632671761     
     7498140438249448466477017804743859767285689874749053658864174127493656     
     6981028341122426495580895888944786305475982864754669125071017479731508     
     9366530363665595555285459497463225475679139358317642412931176140178468     
     0693377800061989986207847532276207293004162784870011638332188519512464     
     3624591665828829843852490215867665931874135647045625369765187967032473     
     5711627305285505475430840665785369351544964561344763831655498335182995     
     1822498234148868853292330607349916608772700238006114127980613631060115     
     9431473895940228227706517864259848837874279895455011192773075852060567     
     0109426195442550331016972574977722730330790755168701121117802630859521     
     7599565176700090094411295862810020173240867063507388891306008122167387     
     8617790081681243858464659308554985702493692638308161967715029376074015     
     2905143036744643709809968050037946649266398334574509852765144167180690     
     2164373835055415850632789539139106948583954181430962244901109930316090     
     1630905931557044946019668593057383633806856923814679083205215837938775     
     8600965764765641805452583895014530112947787154427511516069415311766616     
     1387854920662600783982363664618126009534543767339428391149406341601002     
     2205833762088380386600138088711343292565320212166683862899529839786944     
     0628197772893533634419012861236256357076769946203664357286057584603727     
     2583554270023485166380088200488564586268491146441074486855344244666449     
     9127568799572679497974417722163652181845792425645237716002937266210208     
     2210603437360167339883809176357070423689036259766713454540594187839761     
     7522704421177182234119618351309860635462435767139773528589868008211313     
     8414008873478272422229105565466913963475888397836714392980299360576587     
     5651341618840811105484175531527446048933270254155220540356907615692463     
     7334539266163241849423766249773702149171403380749950264114288667344555     
     6355738143273600709049145735941934474699772832412404668816023414497305     
     5794841511134492064602446099987325152853118806528958601880280607854755     
     1015388378451487617962745420016985021945172564295515698178448123329735     
     5762974139054809130337562237023305658318103452890045757643601702178989     
     8008978034384733941410839532893013311781808431912734387498880173111231     
     5153872858921585565196181282840541756187557808246585770932166296210192     
     3253537400786498195965987483019147090611960964203439731498958422883660     
     0931266460644931208385643524627543866267410809052279970961023157610847     
     5357856676813209600000000000000000000000000000000000000000000000000000     
     0000000000000000000000000000000000000000000000000000000000000000000000     
     0000000000000000000000000000000000000000000000000000000000000000000000     
     0000000000000000000000000000000000000000000000000000000000000000000000     
     0000000000000000000000000000000000000000000000000000000000000000000000     
     0000000000000000000000000000000000000000000000000000000000000000000000     
     0000000000000000000000000000000000000000000000000000000000000000000000     
     0000000000000000000000000000000000000000000000000000000000000000000000     
     0000000000000000000000000000000000000000000000000000000000000000000000     
     0000000000000000000000000000000000000000000000000000000000000000000000     
     0000000000000000000000000000000000000000000000000000000000000000000000     
     00000000000000000000000000000000000000000000000
