     8575289702688931272969816863864967784846239286100204163407072913088773     
     0855358219058779901664885397931979893159121463845534801022634632658324     
     1757278713652412882099400079299210983816498023963911632128906258858175     
     1325428869155814751255138007642281092769192164880478913191087459768417     
     9600320255701447866777416749840549205460563360541454462830487887485166     
     8914014434897707729602300811118090993718713438642123522976696423025405     
     1376891471279219263145981433741287043678555307255052167112868054487806     
     7405166628037847196212831328643897221574615751926895809112548646348653     
     7140271405575810268060589027954905543709226061486217731940051321119569     
     6292448835410340520528688143882448838685334346349275644928080607709273     
     7014742895551681377928250743677850205472755070643277876199289102447437     
     3136250597731428135716751910239143893115025481620555382311392352972313     
     3142005683502937889566761341194229987029188982456538829212023608998707     
     6924283820624912854021377906831561462355757098696591690820135393916047     
     5875462733459979898246020596099191093771767004972991162202232658476444     
     0932019051824269875311288427582663608925799453802073015879591338300849     
     3279327577168711869354486772809620505854008378641617317804405686365260     
     5219465832733518917541751741857922997446703498162970653513205088790961     
     9765788498224593181510409520170267076352420162498765001288318991424494     
     7568229701712067883175381408424783628180474023755199718276352995908922     
     2624025584425835616483149958658885201419491096344823187193698727176969     
     2102222771992474037535545115133952004711128588235028733432471361445888     
     8264751447521458373064070996779113480125397490447942743131848514410684     
     4783558325354756695885750154609053162450253886466021448142634772717134     
     1082313640209441094329370896529482675020085688230869554800499651393556     
     4092460872919584689502047342018380938413553704451583000310217553046078     
     4567479066713111365490598212624920650149353489267943593929265162489796     
     8165301050947429235932474950971686050910112884457647740623989596620851     
     0054230494026150314257065382546060147292105159325879885314920533773146     
     7032833404686190634917882832800519777788690899918167164616167440450467     
     2823001780514756854333803556460566307202189299688797368271781516443731     
     6867226685829914267321706766077682106951849554156697699043694860628414     
     1762180953285521136623067497001262071882136336383460969167111913490900     
     9454662319162610704692645849026718795011579195207148106837829607473565     
     9686016131759648785523255905061130847658547001137416762794614759547645     
     1727721986186469759509580003875736929278182593471784348704679904125902     
     7838466307167997277154686157921070354162707152451098461611596810004005     
     4129130415509108572546079738966772605392265578910795051323866508881273     
     7309885621457255903524817857795235277845560917751370031806762460630579     
     0897532290457967546582007206664674704093069823751052431636869456703264     
     6991785058093665308306779659734505765486970231847345922751743719435116     
     6519081563356665101112910873801225079167945999644897398093684427293368     
     3882728127709032553500244768307980539891220709322069776981484979826227     
     4663115408897725238685553912621657927918331150530519102055273774922944     
     4006496271352200818631021541665556266464805953885301139439376085811200     
     0000000000000000000000000000000000000000000000000000000000000000000000     
     0000000000000000000000000000000000000000000000000000000000000000000000     
     0000000000000000000000000000000000000000000000000000000000000000000000     
     0000000000000000000000000000000000000000000000000000000000000000000000     
     0000000000000000000000000000000000000000
