     4979734548150007384970829249975130235878269817552554503095669336442036     
     0489886598321587538964979416265360057548837929513661459876097386844477     
     5558041791674851833670896946015009671844487471308263575235399005647974     
     6129311034450901485177047654818170280700536709647557733771862823024315     
     7644290230853065041195657575254597609947321540945804970867213682746403     
     8258273034941810175722363595123334061204533195733946432207266769199767     
     5081591555972914205484364545132690160746505280860982945749887347554390     
     9657140388298345422769628727967111033712045743543659849134627424332702     
     3933998820561194739641806310597316434369506921606311901227691889476462     
     6387797009128580805872494540807484671697624524570805889066570261133581     
     9280315650548703872790179553552267117056614951477151414843518766193727     
     0357075382590487294704851253311392176522756021882497845873132080838937     
     7858698549199958520938251974855193314704722900081117110451756400077256     
     9595359955429968368008249468809421247233032429293483849762576409032978     
     5527736381264093089447826735517084257922059270582133406939306076385488     
     2552102208896148027396442571329335276533360012708114870317893736718644     
     2744919576709854344949815613521391462265055664651671241540481579279914     
     6743261048982967948788187000554643137376258787254076184034560190574072     
     8730678730347120312309244310380286261210267705532152200769033430227495     
     7774035109326550695788500619101309335749633965793600260349306653390374     
     6158642199911973733953609200473131530534920274655201776352244570429326     
     7506096509069621151842451343888561869501028704183699946225587093805914     
     6374519050696551707047342362081935260190379278512629945836943339017029     
     5004209104883918763983930445700642174815466197684834283170568064655134     
     7237199447278079821088126592781754183187968211947411922340392841481427     
     7207376419369693516660674716285833548476640622882704550952259139500962     
     6732193751633022847625765562356501220529137353742379036126345103519423     
     1355914968758583893554666983757178241166980469875767355066184877297826     
     4681936563654892237383999245566681140874727476234449614642142461301776     
     9741902250229985527866096134242380255729894527557553014798513087036971     
     0350224649576302342009441236815070947756459776944409065707938957615322     
     0817949257306386989404896508745520878345222685235741684622413642690108     
     8719225952363752502491993824469635353338443089943710869990260718689780     
     5853728912107572222089498520454422242520666782285341543657956997574273     
     0666422954952805756850399319503918523915887038324448920297329233431852     
     5809231182302439267450507642524163328456331680198563478501272346132455     
     5960930815484721524811582823605635624529201935789271113783493509781608     
     7957312599320843405766917306837401955957545182120898430205443241817529     
     9815990225744905659209775763557252741084062517232071485899189061019091     
     0405423598766174652401164377162533633284261710005289246312118675662307     
     7721148220953969788017796081572769240755691328582368521789214879221120     
     5854652397365409637101905631686336257874258997323843646565314684138961     
     7371304439693089623325256255184129750338038274765798041750244456509746     
     6096595844044797707038244240866308775286207729036997772747394988968981     
     9326054345106740608299828528294569972760823409614454575031610300929182     
     4886446205004972409386943897213773495748530197259449482126203697350891     
     4963149385098411168424458933394654176500537137685662134241743136806914     
     4781903401819244640563775736317235734402568531995107165068586874880098     
     1511581450601205764906902724261568534194520922424104726770863507109570     
     2181643795214907841563763829041032350582448956538349771972178761691132     
     3249379408404026594258411071069800053611566384314291266298423796333533     
     4985250647257025802413422616045449045588887201163113372140466013590037     
     1075087574823700654514438803975093201026721043636400876279454646745806     
     1834539951869416986781124754357451343193940039063880717586137482671596     
     0616283290549302800616691648564862322433315949137780362825080851641147     
     4550901706023297477467141249940688950893645396932927308070774116432541     
     7055032762390089423283629280399406482056813429931693704312522019120752     
     3670175805024181022592657110206661547552411717560494555888526059360476     
     3484531944649718834805882677805734136819570723785841984366875395795709     
     9097886494191595285803486577308155419361463826909029599490823127644097     
     9594902299231973729263297032256498609362545594595703474490696160730719     
     3978075224962913603896671971468192984307320462300813004148858929949476     
     1682507944850019566842115642571423880927942382766254742732539164889211     
     8193591221012419629651516864355967752167619046345123284546161741163625     
     3911668318357780550133617727279305124890501153650635691858177672174652     
     4676192850327396700678702272306776912885746279342516123554280150843315     
     4491598678439923001400694613684630620282342278430531778583103624672682     
     8237557866589292988895055016561168215178558555838899828128266403610251     
     3336957133510119677101490011757851067777968158662256958464495385356741     
     5905151394173477962082348629088478458705222402507315444389536050012164     
     8525334804155761351843985952276428785856243615654393732780144178730379     
     8493831697901632662561940096909809687420745849121078409405800671563661     
     7744373812083495076459903139763088213555281247443166555194236083041719     
     0354993856718549582297742439363478616620208005693717373426440961792233     
     5527257553273643549832994493549555692738652588466425962626013281170958     
     0113970492943487341102939301308811448488559897660511193135947493915998     
     5380895288398229983676505620593939934421608745736748802003590166017930     
     2846706323706973574764622619234468034516196289181677692636141330252777     
     6380818678015602472884962022088370976881110681461221708426734657389870     
     4722735700204982350403537076943405139175482654077232902877427727230554     
     5543782840487623477195249036274117376408186508010114514058262863220900     
     3351163150725153216575635449556730977073202088484482327322006911366133     
     7799901479388577050070546987537246946443405242047604254027916665126494     
     4476490789427517830124595715878053010177571608565936415446926030096395     
     5858593018618248550705253572316481664118288707090992684542001503559695     
     2840479945817650149795906345998103050386676543224802961278571997860272     
     5516035629511063161932299372200803663206175941235020951820087258732027     
     1532255674838733131269402927351008696814073566308371930202311793723905     
     5718887167865820760904720987742260502785396404006087981298282694567005     
     2969682358530020922392686258341186021019418610672898231626215449705162     
     7854522620031650055075150289682272109707119225113591156575179068524656     
     7656172000306611173461773504665552025718496087980351757153113775987625     
     9926569054831609437078278860694759518563371528276715110919408195430788     
     5285509194702596504403561610794365333955905173396052762822189048629104     
     5182261564858330161392716703159825162748886631962767550077464385564991     
     3894189275734392882671243278363667572779266262820117784196000478162469     
     3645515923695663400002586920775959570455029087647993588271485486813477     
     4499967106235966147199281970487752308203934793971802481866147215153613     
     2708542283017634052039009475891731264938218878025059916532362490049237     
     0913517456426771103322388028916414072705202114115424614431317842475307     
     5198563320830889074166639520352780559238990778040699089525539033535166     
     2736306052746289597833534658828722037677951825424315815135320391575972     
     0360014690218008003824872733784115746142378492154624347094847400197751     
     5268380770365777376409578617072552632492509160117744678970571093086795     
     5565048846409331610749926096386679316602532072392374081852388018634057     
     7865087432833036082882029595949262325193737255719617480606151264957194     
     9584141775397921397714193877133630327115195691927742396489290353355591     
     1499791528239365605225916176520427381889173125627727037246735059233559     
     8315974619112352178153479754731756268404493582022691046317014014582115     
     7970655552591078484983786794014369171481615611136304267174871391659673     
     5752117151089592078143213137497670417085693415827968768144149634700991     
     2677154169223688901925793952154868395773028594527599544290708650378356     
     8739432030729525640427268385509836250386571138737691514524333541672680     
     6890437780067929041855435253022272273722245303656436194863021722463049     
     0899965368116983847710972470353070508527813406805082531719339623014160     
     3308458593408638694924245521186873447776612058140670127035281642747736     
     1832382756607666937036887322834398648187952125900412768372932234516125     
     8236753740657873086559644341154569295854033975732467957519590449744288     
     1088525593060870231851477694736160503326603659385025527659683995064683     
     1941151345263871706006693029721470103802067683160270777334466681889596     
     0729892442034795193934399998330900272936587019316695934763727214052778     
     2778773547347673698123968110375155550587185253541918978879880315752949     
     5963290941745182166701486800121944732708645053101021879405277984958394     
     1914854565344947059868350216930354603653592341866698578451147361093768     
     1595672849065890453660255068283157024277235767766197517215225080876112     
     4908887204928309423891533858386353513264675732756331816972110060650934     
     4797801234813264918296746917661070676309664509339909848956120367860502     
     7534413032839946085986243287650057056669118515591584722469853818732361     
     9982418774493743714558798271028745142924571276233530781550963184130499     
     6247711215544827215117700594839014501492204272410759940971513542682463     
     5932300193259305033816342616992997725359603084521904866368568177644781     
     1146207981819397012031740656034046446985049335263895210431151157296491     
     9045911528048603718665753200225310592874003601454823955483122009000029     
     9337147344812253884800267551381944339278953447103519442271069526645801     
     3252743687695646338182874458001990118748658378759357190021390488057606     
     3220784081961557787700739061015291481697418038643935985045125794711838     
     3540646703107613410636026317145058953202089091280531420154193719154663     
     8217335261556102120463710928672813027017502524500238407372301131333701     
     9905925851603291670299260627351325860147625145675952330699096468112474     
     3468609618653598084903304573919244497308983460512440013578914268219094     
     1037481147808582493666094708496089833179836197027170924642492022193121     
     7381888352263109849493700718387685339160724562950121459294179232620971     
     3121980549145574652156750762388130929320616324296170386893623550446763     
     3617227404832115179946507231391798366910055519412942294432819600381233     
     7538608410426639467983742632718741932059268152615752798615660113363592     
     3879293984762837537268906682447617985401088795507455950765039514181583     
     1612290355438524557307426300730648175141194604789264091847588927216751     
     0615436059189272448845528544057897592136722862979081283368087100364699     
     1491148223868870074111037708589638501917068180639451138587764574693189     
     0558054667777901592093961754578785758806707280488106990230878423952972     
     8262953244012750814485146081530902142327661307007384238412104696008511     
     9984761978691311891690781311522927347286195988022768770224833255179347     
     2610166946390942585972890762510177315622862889527789625492310509824950     
     3666935423051572738280062237402748335905950981199587970390053428891574     
     0694996509751669111327881766338204192922761021388373793275663778114325     
     8710676807548959459368223158111394058903240351821778163684955261612893     
     7013619990336262241353435769427373424007090564442602231084941621022967     
     4245154589999228477434490005692604386925772779179654581340624586165828     
     1030080703520251490031223282030380662610868109713701053791060579829299     
     9169262805032887282883126121061080983486954447915150449612242211276124     
     4804869944585766151849544598694026679214378649271753549807970344778675     
     4648380222505159971342432205071114766357542420344642256620561245067244     
     9499001609268212197244291973966650531099706018326255382405129288990330     
     7249597518785997653358833218876822319902724674500861318250852963961427     
     5086468526670437603363857100220127535198348946719723811954845339658125     
     2419087804333558437318348510703408765650838339563684965037711837840008     
     4320433722643572071090509374708960721275369365688744893530061475281763     
     5372646348234550162783540925622884134620288911291315145406764015783942     
     2145352980158623127702395942815283853574648102004507277291279376923861     
     7070471348197524851712563479129297370074845496292622954173662756112066     
     3756144513866656446803383863849867329942615431292855946971798896794543     
     6932591782317829483027043001944000525292418593079948733011660544649073     
     9176139638710432363061378766220727108109494066126630165656325218857892     
     0180305654030721680961186917615692245851855419472894539864954454113312     
     5468440936139647853165391476296918103747252231699371974756864670786374     
     1064136387937483658051137229544099178403541574265124727145571188026435     
     9825488833894788368196143964809871654602876124929796850658209434458206     
     7311618259578127081267133294434767111138087671664705342516461436419410     
     7988003182209428295275761555267507721055860844352139482656571166325794     
     3876957888728130628781777050766890524326077107522584541211732659144937     
     3630957440353679426986188399463380019927927257678985686890679065338837     
     6172945221371080963247502092215036490930377124054390622475576855561714     
     5206721931225732703959765745597794079574878715967213397983199335570671     
     5671136195056556172814644529273507942237451125126794728469286060008345     
     1239860857771479766388257879320143113210408566115662069759316455522369     
     8998432090374062819678786686022865872271235995384259953465859310991188     
     4765456477150822218953736671794009712002352793005172943200023823087342     
     0753278346027161296196407161344325525029238588789097003641205586863647     
     6852081410235189007694342055015734272953112425454470069226488177676434     
     6198722233816822093751900157824272631625466674206955402219159156831010     
     5982913494986050611007260716983455669780201349411505332710661966502123     
     0865197720467868650153785366690998458136015998587250109038817914097174     
     5820139632226669812380057222432308297919243808022291640383233840641956     
     6842417305608172901206712831506022558516853608726105386490994619918065     
     4699178243300858598472474645144205461417837350690958530618063752761213     
     4934203153631379874193187406297608030527735258350391839909016264277383     
     6530365573582295345411415859366808613015180669601192062894002666247466     
     2516731616242270460623416586011962703722631983858577809374387092937263     
     5912018110122242268892369927867698903074202563074033246483714664906575     
     6386901461470263120203482204196835738784287738609919424560357925036123     
     6588852321753616307108341385862626167752522551595280879944467224751495     
     9177474680473353925569702530132892530024482084978729547247075870241456     
     9301380816971335912418579741780077517652298938103811133537468819212545     
     3443030467475728416365093843654123800788443356545150768244534054029905     
     8663161446546019687912873113943142634421609937248353753930849465402109     
     3763990731275533680492874584684259085325521761139547076076295217204499     
     9579304108431601095280297140376625069840022858376586959472886841027826     
     1203281876365297571670917349217048983584846629594645717645977068660626     
     2479793823434955599028491710776612688804753531560473858142276065633711     
     4793772490478679838957270342620250888787563532814765145344150931751018     
     2741578719247870882704394837006985059168425864852613348632065009857689     
     1252103358046044614932034275022481535359298284034665434793402041410946     
     9139805315060875246897572779403658730757630127833295192065507295718031     
     7088935585946920452786892070933151555813534808333554155148476014242940     
     8301049491606888993943911452300727210746297914769032998171896633328200     
     1860854479063768570295619267786875569499010241673654609520559467668964     
     9072041812211144752621113624645960266036073998100389085362387630273252     
     3359149620864936472079115996811433279610240813559954005364853801754457     
     9385201964843760525740410209357729216971625238372233472216088096311493     
     9597310482673056026589471265262763798056159900329739353662763416078395     
     2019876046726812847140672954380769715487185627021856767430806377389216     
     6060255788329437265879108698397866802739846405247929906302243082689549     
     3792834923428894995863033782291129665926240160814317253995944691057379     
     9415188077935362620925417082729398529396818626847909619851262984570641     
     7212609810594680290447424378611989138696939325361135253082368168469650     
     8975040490979736553143658702877125651555725975652146807459950606665877     
     5276397568808248216408683855447445513189440572955314290563618179145320     
     9835812143550460034758579028623175585975331299693109901023757935481036     
     1030988677480533355642156095416503402605499333195584478140174713293788     
     4320451862354953478736742469956811402127496634631099104744894027120367     
     0505638273362258210326528466387027369683565737657940974140497321050041     
     4886383556886276958089672660867849466260166357881841883257391078967945     
     1476398448547185635505237896858415579602916026444104314297692045005723     
     8608402202440237980512236162297851704767543037280249318305664992094101     
     2491420131766117144292433654481671860474250067114985159380649102624091     
     6550501005314600442336224228357039004391530581290990371733431572227966     
     4779405366740553590400334343454236124463587691335471429751410276485857     
     1765602682820865201943716893026668141503812000983907650743007961604844     
     2716718257419822531608902469631183430733700315070443300532032803496287     
     4732823692872818216188599732122726625495532037274373020493045103659584     
     1604945386315199581913530216928844769626608117476533658134079128869883     
     8861683464321791458612073506063558379326447419244487369779460616060297     
     7318540784115459442602803714168581901504417050607331385647670044607923     
     6013557449168630666213668155050659804802031195258956537551442388511574     
     2860101645163257116180068309796263178384148420022464079748954499507114     
     9209284668592039785753074387689871900258102976483157085805107723834821     
     6222758546978906224324824219245614371200380232852343051478821090113486     
     1159648436904111887052032925573838539381088231665605455087876011864865     
     9365154852310893102319051298530442678371850189559200214341575290975742     
     1355034696320558717585292568761428583074151458387959513592191028516228     
     7175634625034260805459387465202166501091847636549860036720146487654352     
     3967223126719523248182562681377896313350974677410813918656473650426458     
     2978065668305721335151098119854990689789567660972760271686567042750427     
     0824047658782769904557725377136259415914893161292723724698249762318208     
     9462126337988460336605960975769476940349608043978991361139323805676281     
     5564433286997417220459299181116241732255035389107607546113279307598255     
     7883692557525094660579855037587867265624427193975395714657230690168467     
     1162594971162583149406463923093011933580740415447274891758344219508418     
     5053195874795041403974827468544627345082166551309079603796350791089620     
     9608317539298147302160532944133104093916395197062850331806071172858247     
     6574507412366834070447203187637126186540956117935301711462809853192734     
     4036709876588023921839925579800247023601442622575004668565922560390958     
     0941653064739649897362362004695468784361731638103780908565984036356282     
     0663777073244389115355845969091679653443558813743356359548064535346968     
     0118702495243673515989198813363475571451404590679367110402681004584893     
     5573896990776377628105390420993036456202981533375747446220892292869589     
     5097337112461793558144280618026150001921925248728075327578449684892143     
     7223312275842191330462773121477072058032173264025196123684741553618066     
     6007286626674143700827794194555470227986967539063145653212294216048198     
     9111519336534205416646072800706849814249882894131673589111553082438272     
     2135908797720516442402977391994759832259806286939327312967069065434772     
     6515116858920726604205217831548370305963167121613654341793621524823975     
     9962578187262874941700646493390804060227433773422274503954160405853658     
     4939875996044751215173879052954817569025085943096210137132141862035943     
     8606232992012826206496891496110305607982945829566551800228917145140748     
     9421979148044905352371221009688937593955924929777243659622642795202820     
     3320892135383566406133003051625204120708207864789139152630790004627553     
     0011457542556015298813012632098905861694726025803042612114804908690895     
     6684281782701062485504814110563641407441611699091586696394390823635225     
     1987533683557970134872949197880482949404697586507821630920956344264324     
     1660068584672255464718447390399205567798933643557804261125900326558936     
     5857074899965167897290297013478876935289830505682305024000000000000000     
     0000000000000000000000000000000000000000000000000000000000000000000000     
     0000000000000000000000000000000000000000000000000000000000000000000000     
     0000000000000000000000000000000000000000000000000000000000000000000000     
     0000000000000000000000000000000000000000000000000000000000000000000000     
     0000000000000000000000000000000000000000000000000000000000000000000000     
     0000000000000000000000000000000000000000000000000000000000000000000000     
     0000000000000000000000000000000000000000000000000000000000000000000000     
     0000000000000000000000000000000000000000000000000000000000000000000000     
     0000000000000000000000000000000000000000000000000000000000000000000000     
     0000000000000000000000000000000000000000000000000000000000000000000000     
     0000000000000000000000000000000000000000000000000000000000000000000000     
     0000000000000000000000000000000000000000000000000000000000000000000000     
     0000000000000000000000000000000000000000000000000000000000000000000000     
     0000000000000000000000000000000000000000000000000000000000000000000000     
     0000000000000000000000000000000000000000000000000000000000000000000000     
     0000000000000000000000000000000000000000000000000000000000000000000000     
     0000000000000000000000000000000000000000000000000000000000000000000000     
     0000000000000000000000000000000000000000000000000000000000000000000000     
     0000000000000000000000000000000000000000000000000000000000000000000000     
     0000000000000000000000000000000000000000000000000000000000000000000000     
     0000000000000000000000000000000000000000000000000000000000000000000000     
     0000000000000000000000000000000000000000000000000000000000000000000000     
     0000000000000000000000000
