     6405301837303534844930666811566321143459762157129983423480228466616664     
     3833740407049055017954954030876093670178760542516773328134017157777282     
     0251107589110035975833847908666984346601950413984519120867087327629005     
     4343032265861824081694885547753443329936251263644028060171638072315921     
     4287727878034556441612151879761291515121107046402046283119440783682932     
     1838184411601254487714146685987016979414849503271093275741825546544025     
     2626559623522431569519164928059262039978580119532532721553898595654177     
     0134844961652161180582634010676548818997243366618021701573223163329798     
     6565528208374385700221692409718353322118898755010405528964486400549872     
     4798012006759164171151851907250071252863328164400153925666680663970341     
     8258898067918000189111672020820089975833299612475590370314894286445293     
     2160974359292549438396922424278884433556626978432130618804074608137385     
     3052011391014198598038035735530821955616586865219166137401253819611268     
     5317808644898176528232592827881270606232761465077064236693893733772216     
     3457985647465371188746401629365420112728247534676397299348659246064450     
     3931149444466756804615755712457719920754646218777550916341498528510865     
     8059663919012028184735308253601896315365177030819918840985173909706223     
     7259580866974871895469242748268943949470378668189569541139194659950627     
     1774389314002203236356648077849808100566839436539825479729121923220106     
     5112400421980965331677468360969873794359224587645623375166674211043351     
     7643270045153860162405666121603172602796987696977226669246145188902151     
     0058832542065697649680498379844545151121956325300357176627262307439515     
     4754575841857573220937125185840106506448705862525586170900973930993865     
     3392424243934577004529590948546049030260560158347745400390485889935642     
     5867409696622174533510551577177040550318733601371950644306355063779486     
     7029017920962231072499757570919563238611209689430394108984794569645440     
     1960465638209555005440000000000000000000000000000000000000000000000000     
     0000000000000000000000000000000000000000000000000000000000000000000000     
     0000000000000000000000000000000000000000000000000000000000000000000000     
     00000000000000
