     3364341002302551625336911428761818027798427274867697885378278990420155     
     7608702681474117477810664146718363843820818229966263190898157149451728     
     0143967177081869599442082216360022137406679700639144860335371269700987     
     9570028947744621714194743004698901742328471661612783574825263349168247     
     9415243940969740836448607236185897708248077601894415263195874626634643     
     7201623215050831036730997062823657579179369170367287848870142206533440     
     3567994312237896780779997010497696551995165067741669300576441375127414     
     1327920178125937820625833439036853275351136135975238385945707629774079     
     9495641719480027233570489736650032798781126394300088796580437613373360     
     1992323438206710619312440908324021188926249090735316436741670320749972     
     5328922131118492821576883543810320830734081022825532690938614240690733     
     9761103352041953749326705708760845783713237935970419733556721902705137     
     3948046742339420477116392388179453803587746086258570717511385113429473     
     2025221875623605094959908408243537046571471077723765122103692948977909     
     2039147921152402055390387896194921303483778522415915981739663318061632     
     4395728744865844280956248253329583234209064763401455942867543552277484     
     6798841473306141229270861256608630881752224960055678258677672349085003     
     3592037089534440455983954934487374746373857649675097902879918780994637     
     1349196385968909317863311125398802186790579154268647224182407776401139     
     3764544901363872341925690212708295121735341914989577466863787627629772     
     0331127390521003363773958504141569027466159164119974254540945142099822     
     7128147977671485691728729804473697512103465073080852951729057957905234     
     0269698615849302758037656438837827069939831271360541436880901850678195     
     1946797367856930239816952751282458909566495470151992628106529193330126     
     6212818735162808432630702109867097320140616811204846310339869774160765     
     1640687505813437626654395856470561256940980252574210308909587648716988     
     4030136803303301009723208503423785407354294541809147973753853383359833     
     1727453969987759590225571737724042150354943236906484969396269266706150     
     5802391609170510407960871316123268776204932895220041126340233690756153     
     9838357786258351880977556540084998548131056751742703672015159431342552     
     4956984306887719758706744503127641593005100002580546377484194933129129     
     7736267766099445741915125187806416565206269683534568486470161190854302     
     8567884521350213758349355343581586943555342091277193549026375514250984     
     4053625309197131566723815394374164570153075170094804010479679696598853     
     4592993117819307356841148172635354590595757788546991520091881265368128     
     7872940254646508776113671037493786662482003055391761899811208746605471     
     4763272593871505453364727425294465544254660914185356813624074643343844     
     3342958509266811181943143289617951700427219995573922717007340143547687     
     5739609386695107053754921902507541705612094173095537672129629633894709     
     2072228790767957673331332038826583211195067032926213362043989334897728     
     0137985345719056615534678988429274009863148432784294825556289994451102     
     9525225020394168856054394463134622987283804492982751838577098911245676     
     3506057449427564661757298514183381021073764019054522247371788185629246     
     1781296972517345512866783168979472626035939767443449945028069188580744     
     7559900761847931862931296107307745417896218723625653520010407919424160     
     8469509048167921527881955731529354147779112476477505162604599043601337     
     7162968199280423398646476209137778126179703799037563032850352308105948     
     2319174027842813224121690101094072163395499053054892739293436697592654     
     6449788269916111107793099936774693939909746744130611797679952855338680     
     6162305464787507403659080901554132621932992265255917737659075634266585     
     8257620929495426744734397238509623828045570402414525220378450565100046     
     0944717979396640323185711597540827004240095773823627559752887487692800     
     0000000000000000000000000000000000000000000000000000000000000000000000     
     0000000000000000000000000000000000000000000000000000000000000000000000     
     0000000000000000000000000000000000000000000000000000000000000000000000     
     0000000000000000000000000000000000000000000000000000000000000000000000     
     0000000000000000000000000000000000000000000000000000000000000000000000     
     00000000000
