     7183478108448968161442936326452756999346489972370734254647019134714298     
     9025695858798216184008599370434284152921786808618551971274689951121166     
     3589641471109776951102063372501972522246127481514825802535293383060455     
     3798007388108759687790552642093128520243228801227461126759380731517578     
     2644721796568505136750309301707716187314844408986816821119044989279711     
     0316260886011391220956306585206788281656815937246966852131589613278376     
     7803801898043984251715968368955449163838559414347114462816659010061254     
     0802092828813836638559480058902151007632090036282077219848170734326143     
     6757783836369387675171517946008039010450471157153118603548304691042242     
     7591333735371248794342062016407520085579540220723762463384438395489274     
     5544452025540125001831412531071713364366370827747705763132030314734060     
     6206871266263878729158715294501112224753940491051797062401255243550144     
     4945982430775625039667037335826372431030551317718785954121831449146001     
     9581124968640250320296985637692800587305632347318087306882642832698861     
     5123500982820375661951310204560876001122692206688963566801395834502034     
     6726230032217492366969032936236030487777029315144185892849806254845938     
     2715711382116098173378859778142414796739830476237347887753698254291066     
     8586462022172300489860376545172740793483314598687782443688324837776792     
     8448879446579110613119592562678039649262437585743224093670956072466058     
     4325170978218120499744668194567133656017477721586568730979514649528071     
     2018712769030674093419075043536079241113848409438247508279999172150349     
     7332319870928420629079316507871348480883601772018614106257252444351613     
     1740846098298378529331876596702894835455389345361652818541909871915622     
     1647631665285842253909426447340091096053193670740580899454693368737343     
     6822497032546034536201902831147135512866152212256552026859501885337529     
     1348237285939135861331617040681796034507062194258138913537335727533095     
     1074583398511111091910436510670157734717968311638262214785570793594648     
     8378685618706108961567655730008853684251333755937551972498531269986172     
     6781877226776825384446888863703965308018325409473261968552119984291231     
     5176455047934604000046531660091231811404335676909231377536125055121055     
     2798958373220529383594607112770123691427975789416964958772447646550502     
     0426378754272177968756838407646128990349207408427801010008192545655954     
     0413396775195999763301525546083829696659987996650123288863127961772105     
     0765647383582928359550564646536231526066230583358826989582220402119228     
     5922395636559447736595746259639791346343721778267249114452003582690867     
     1457937945296537175727626224634905601441183399209807388963489712550827     
     4411777455875785519879272643430846938172773343927815722912959729492075     
     9894425975769829175020691055843153357895491191299791537149692708902535     
     9590460057594832844509357834997595706589782275087810977192845756597660     
     5795112013123477390148584441555431569392992376779263733102287041905104     
     1391415867380498726544881454265909448185897247383555356695964673200684     
     1517652891123676465788593153285522549039076034384864340875072344307181     
     4379522285172744842221539249692502261961199869814708022182585012065213     
     7707489372872564051060662653138628009470878160716062069356512428460799     
     0620489743121568602284666964227494571789291261095859614164736248930771     
     6182212478401908083518940253912854626123743242107757659905084214424648     
     0693340848491596639192410081306185073457786438395387299640507968621249     
     7326238488410326677355844989167769862830224331803155161531068967022574     
     8455459561209406330592621541195746441411511734680302649658236128584447     
     9270817812933369424841352116889954221767692468926381002198188712738624     
     6050829804163213577057850652388505042362323640871492389186914838113915     
     6958269445783481090135244223213757421640689268530825602982194258585046     
     1284366025462443700836061164731144729027941161387355118708991560981888     
     0563968346321290000457211080308169696221644045877822593851609924367038     
     5445449559022605420767836708900229439736962766418253861517841783019842     
     4657497747272049539771798681465166222575191266831709862369314832181958     
     4377081582801408995143071974135330676312756608601723551610418013690869     
     7850116627041871822868421984394725141033875783015891114360495429458761     
     4717099468089690300488054745326629182587772109142704509848878391762441     
     3837547055468001459680903002664353815933620830209647760059933788652453     
     5708278897892790995346922779170125344891261168643847159529212153258028     
     7750082439403131423453076949156119427019253203346677482096436640945639     
     8735903675935804864988700919170060320252896003145976431040509227092591     
     3139045275273680198880903160108686028022248667602574311987789483645806     
     1851259590310752137719653262273022164329035110863706164247979139150693     
     4527258202176680006850989754658423959767757296437314794120558965443627     
     2843128230622147464332179378139660782414778632310175112204337402903832     
     8266080515766130965774374801435346825394447890287436635199202752309026     
     5206207386349222818753212968730015410651863532632584734291672417929941     
     3824523493357261973885867912005483886628321002539575666966911816471194     
     8272096561061369738047012240232253521715549032140770608950883377758327     
     5193528640475865657424801845470386666860988293063806709772038719907656     
     8927966634946613175847225538977426479472800788647497801395992820078498     
     0486732511834923902983789918508618849321525633600353683640325543179827     
     0755288023936276409836730792327590433967385062713277004929499000310806     
     6345832491615952597227923180526123019172426231113677710941144924124826     
     9923273191994842527480084328511187850371751590794220139304219925108845     
     7540865462788317994093831633819037197806367569237945642270604559239252     
     7195585831774987210248560186020977895962777501367339194156280908454771     
     2916320158572910055423368584831626800135439568895886040300012212184779     
     8572367234565267256342703386324159756874442731142497780245858387773723     
     4913379565921782987645696964388846903808809688793354253928479407440714     
     3546440694062496875808865284978685966656170761751286518369420486818259     
     7959680000000000000000000000000000000000000000000000000000000000000000     
     0000000000000000000000000000000000000000000000000000000000000000000000     
     0000000000000000000000000000000000000000000000000000000000000000000000     
     0000000000000000000000000000000000000000000000000000000000000000000000     
     0000000000000000000000000000000000000000000000000000000000000000000000     
     0000000000000000000000000000000000000000000000000000000000000000000000     
     0000000000000000000000000000000000000000000000000000000000000000000000     
     000000000000000000000000000000000000000000000000000000000000
