     1248380741679853836047781842901381795615744270123602177690406240457520     
     9574090584200581041904988369917907814695871331288941924818704623974167     
     5112746032408413399654636142907098808695163566311545943947372628843573     
     5082756126512549227494757760538695473494249446345966288564628324035518     
     0887810747597926625128582858899009444003223824872367979020378303532764     
     5618654578736928797369239494667793320278604907449761872630821239356656     
     2476098611581819037479508247670385432628345471785846824604139967157448     
     0122232732862727337447645893088325726673558093202383086704314763614382     
     5676435255404913385243991152635248916682204909052493387918810260020698     
     4940188305243820677022414785356477928990367712652920977207066543330160     
     5871963296933751804015540364677734178506789125677782315371975006281439     
     9657897817947522442546232148725143741349297058373454928532688994883326     
     1622523962365765771429712512847421014633222331285351304244685439321042     
     4699649208276763860493633238273989541193310958173967485802124311191287     
     9048849072482114490596137035831617906323618102417634552197585362518713     
     3572434199067840162030265124643376939709717454669319813355298035781508     
     1568132123896010712357714861652405272874458197996018901914387201631139     
     5974395876748156183224442705417750781986628597088213585276148640856837     
     0424789251583204406168601077805098611652498554794566713316767391278094     
     3284163324475680980151558426681641867729546021339801328715103733712697     
     5029212451672435017630711269168217795429151611051606804318093641625147     
     2869297491118728440735507158618189091203110135189479193934090751611056     
     1332606472886493668244540234152245502799262990583285151603362085108065     
     7998416977693153998092935670183348883305889939502410443970380886757370     
     8225545247711236428081286338893464357287748106436173268255658217988509     
     5995025204628977473327660964638790283642207812220024439669140248058064     
     3774155313812083630383713883169584150523591451145248507270506616343315     
     1811468296471245130714069469223005316419686977456818425845203962199242     
     1601984040747157126908382320966451201466580206160415852718143847333920     
     2258921226877533288622892493936088628686273978356325240814124224753689     
     9158571258708467145540671027910342586048522036664996576822500452472484     
     2495530673137404745250975579720042265947410608297469792250929072962643     
     1886264588718139430794416008043070526846284266907634500908465892939294     
     1664443161439930833211752057782515983783050936645983362815989288325557     
     2267683080140473365062659507951558559842170442094783915469856750147134     
     6167887997086771876734609145469714511676925358726927572666605517358615     
     9960028170263114398624299060685975220749895218206896517635378773736456     
     0124859660872271880626239394470572642145032268630645570148233875561027     
     6257747217750317308292980662166066895970302620878615634676644818174379     
     3700116285312716288019873199476986162067742223601487686331937140544366     
     0779725861147829990841602645797355975833352688553105749839815948132144     
     3290344993977890818230275394202448782438033717337445578341896209217462     
     3973002366530374476115903740710642305882636557786536143809863725343382     
     7669026387965983098792890347883035904443526191029114106812247608352883     
     1335358665592280894795835611861451650559045287790018212678458775853152     
     2649644840860968578700477666631904806606503514789058106983179479158727     
     6941321671959732631436763988507149724308927758135450589200351612199592     
     0340606954329017986024785097798879410920637165651891552843194684627923     
     7364720157165521138658914545514646925927281881988279351065571251994157     
     7896541674063261661050863374427364370855829189204392575525241438246155     
     2503381047402865446978599669072679522611838298909369540268023067331854     
     3347874483183941342290753530745034611988384835363148906057852116091754     
     3097934185794407266155421849110558004620257086171015718827084532733987     
     3556391865906897896526558593710629846130657714047607968662731078830003     
     9114930977203364198708604349314872195205131751114666063205706303253771     
     7216728862999392645409835256129879367244621240975365778441209146714574     
     2942576530598955030599023906388402942057087093873000994155987976039208     
     7359114628766398178114932684771771156489118886887348698752035098117494     
     8929431790505721536007318033105623893556183594199606595969979370865068     
     6936926601330350128593938114407198244980541534195204138158468038300475     
     8201097147167092595469056688345206815389236146325209064814835294156604     
     4598107520433727496974588266792628081340001265752376345267632151154463     
     0609852727486938575916437673302793631277414242230318232580623941778252     
     0818835859165160705625816526605677527758265221611050007733752886298086     
     9285364926123844072355727050455585381680568350586750479261647684181831     
     8084005174493406634856227779747169572956193588406915180491506839563755     
     5677053867659790307393071960324069167934449767682576201510620795200332     
     6997703104091516337000349758280896076295840182536387951862388596522195     
     6656500997655112043918862608599294146375719802968904782266411763708137     
     8835078344975105536130234005437210611707657522202566030003641726093054     
     1158745135647741651228911116999847695219914112085849376775272883750493     
     2421098108289028915505089407261569513394981457826082919126130922882741     
     1777043773363422893645815440547073185914506209050887652196487909039237     
     7634713196194884519174758316753807401155045357248783789583276468733134     
     9049748709646336754969162734156442478367349814809669348614320275481513     
     8546852609764758854579232893242276022097949550668761623502445405797033     
     2025838045186437852791862219540677651440844081478230623096691891539560     
     6516307596668420996548299733628839593763305085200951913927666479769755     
     5220548545770441302037648824350554622474751088740413069761563744151975     
     8746713036315473845043961432791835327877143080038298883924680778939471     
     1295175174347533085490594348197611016745665673099547499114886740966103     
     6610864497116925998137049702823387290389641414972030147092251713065865     
     3405661283995033096447824812131382027724018215994822218602104028130547     
     6424615934680716623031648720072003780122284415982633251866850171378252     
     1390675450968658896105233603911275679754749880408983442628159316236075     
     3644677206230203874638835104481098094650158398042945379805340483833192     
     1987600767407821590480165378112317909472634134031912639671661479522905     
     4918212662045359093436013244748136897460854608126525128777048696370585     
     2400502136957962389460916992942228306103812148710374675269274371604170     
     2774476006153777769281203849868383568036794413925280533493059881332210     
     4472905938634398182257618801821558313866212876761219318784366836425282     
     8607744043484482433559095875830809792723173519154658464469035304942833     
     4429641551596294460984011375653008246900559681154210770216228850294459     
     1892983349314472032554997101148558125137373806486754673393686295813710     
     3535489590772514172947051199770084409574497470077125645414127031782289     
     5468691498801576927029196823754302217102770692153841116121316865106861     
     6491961379508983668835462564602320506096999797876024825553454961451766     
     1519073384089711250085362527396467420672826519882097233884802885795406     
     6381504638373659689930807339506439192001575295996186931760109164156594     
     2978271242377047857332857422085262197037237831285607608070833589331838     
     0305226262378593053000856055717734482469175149949878951006304141600450     
     7267861193998081829202453239303869491818292589449142540823627113122001     
     2699449965417475290960551239154227661492046409450889338907035016152940     
     0044252744204877809581070875220225444899487589617851306706669809199517     
     9696716848722359295866129303649258625154783346975633558882192768909986     
     1479925163614242902439924041712683486113533980418618344914762995642866     
     1722359227903368514170693091152308409007501234707291601881562240343109     
     2615180723010645675493752270741046869185924066789877735872524911073815     
     7995360000549122089446167134591599339171390526369182199807248538745720     
     1891968118353882976045673038826484594418236234790598473068618297757608     
     0168981016175925029820245716191325483761397650249348516388019857924529     
     1793280885552886403688676967495382146438031091625651562059605082675479     
     9284828490791687405621684059909636108189190784766607982337765197264724     
     2227007201005786433420687301398765900018795299228247952280779899481396     
     7930803556872985709626291855378685756209572836546081426590447642798631     
     6816876773589695102803903739899100194701615965580793576997966496010534     
     0381617560310917381006035646755668264380012064190908741488921995785772     
     3026787271044596989771506175128724127617040288844511333694372050150808     
     9339364713291088736334208002710926553147213855751765941517172487653535     
     1009585014300425505212756653767577286153168847586470548500116793636146     
     3314967970243113553758683040641970546503755710682433637710892025651663     
     1588223364234619254345495366361216982474175669187295035149416802597354     
     7779050224333641845732794442145291518200863144157629698409470609312886     
     4320011407368195216384692140814208616245974689127156367366575254929267     
     4203048712494945625408585151211106166691533119958648566744988878966409     
     9644320669260970951236573566535509178769733607187613877092701026442218     
     5733654304427304712696439117036213462883955027173294236438970468834025     
     4715974155524969468976754914093366630999901376571280198292104797333374     
     0480870844457735060899678659130504022232834924761579739235434430249861     
     5316401711289630989294600342133788371185504404428322605420477412795786     
     4398864656078655597197418276298158205566304845067765162360972262767104     
     1361210939757023328118281534211185029467002228300491224161115196503967     
     5709050646494980262437923487463792189597182871829028345804030658780329     
     9620505026500238823738113379488154646595094897581548143846278369079311     
     5356363662407338192488682159833588331031776358196166695614631255303464     
     5242362066733358025318416090183608558724780246826247282883451533774834     
     1233300190492344941927300045949631235074250963462369585605886978457294     
     2569128320551299225576873391403653244421863208064332162642804972413392     
     1506952778166578977467871542709075374397173764365650612189350950454082     
     4156968026815671685128047072924641473776271025470606877616768309611547     
     0176247615667668474503777478762680684911260383810723464075605542154370     
     9779076475284306568389601827905677642487620582094261286888544654039289     
     3448180929967754457164093342743738981357757001470204082275899791029649     
     3509211125164533599850674802073049210536346890300121816496603498351871     
     3457353563904214625002221655391617498786751194466109035564288677353991     
     7856227380317805416042836809352189219754100850415340054879670386244945     
     5948501562660036868130795989191364829579993793910724376118141859775576     
     2923858447338515212952727183358954163428655927573995401187759003532883     
     0669702403645293210436387174370407822959598857459206061330714033456414     
     4282753351002611901836585482306100633491398880232895245428603644766664     
     7860598772427957145212544317103271749197156164346114552649779931203696     
     6593194923229654113005731741794674606314001326275599240607893070672145     
     8366479639189467223003234351967170675534582432902577407368328689282800     
     0077732348412514242900934846332130956173827710188144051416212766134214     
     6806851760678068095124476194469315412420372387320844775057674217327650     
     5400000848051893729246482515281741405222896081606982767849221580942493     
     7686350124921078540531036215223575521208551140618166519133775639134548     
     5107236623231053977721893161526666602521777834611224760851557082258145     
     2968682786561583516754456981877882366798070843799640106243421933410069     
     0035239947346663258355757430991742252745986800256105879167575413620765     
     7802410670427494122623041970278077091050063569144996360281936096371387     
     1392764958355366875104039949473424399213880618171904664362458924126744     
     1487152353745724558578672292944866266796122522741591993269414549026014     
     1101892093941891472708242575608042534687648134405630549034485707069863     
     9875834431815773993884424509804289878730929997393670736788976331355866     
     5634664693855825642153589119026251406288967722983465784112075483443858     
     2409262145968142811024758830332162133527831607229030658003828418348774     
     9367210532024765340293022129674619966376221775455376214896519586926605     
     8374597596702186868825393227955681012047124595815712263513804394779474     
     1817224085086617279307494786268062580930073114181043881767881858874809     
     0971753614569919664644915492598111978339390715030130476229485257183035     
     5864276149617208823291724806692113582802586864802189758244479482083048     
     8704096266662604083855800681114383860960768578156971687468350374734567     
     8295882245151840402132888043903016648997187367735045966494712061980529     
     8814038733253307686462537789781298740188429212897042466157922328254279     
     6634343941199184942638642739718931096613822146630092754377559344534008     
     3666097716146739289247206900485963425252428357059885238171030364476645     
     2196955936932655110021127614404910037244921119905890071098694846460525     
     1613328872569815038804769134779097636209019332120541838704995917086179     
     8289459428374793786223031319020486331172425766107524891375854212548122     
     2178829074338727526209481822395822278545609292349551235720424193783590     
     0144574528121814892670948153726185933459773437676405696631492235104021     
     5800097835004171090088246624918811305279984795806323533271372146291198     
     3551504828068007119492503244294901959723061024493042305723876365973913     
     1109641540991789696703681591099315348153207559025120225924834071154061     
     1253678506502841807965178926236436829162645666035356353862280107178468     
     2694096101657269125025488649131479275541011545737883680486815127337863     
     9034245546914280907439411051508978299026342987440184598464045290294232     
     8125403942972196344422328874806705952520083389279627110146873432815425     
     4213397543987231590559977820516111445438379920963723186136628329813130     
     7543907109931124104448980106851650037780989087734364698073810660771144     
     1446358977828938375184775168845526901610911324421124810538280074591039     
     0628063407156058232370331683664517191250376038099634732131739440932853     
     4162706846047535919733788390572418963726906396828402690415396234850146     
     7257498109474217778352038532721521175223480542085533540251858625816530     
     7550657001078122366342695271395725696558780202688432611669125463316926     
     5544452114123170714222278196704275184170408937749974566194381353648128     
     0000000000000000000000000000000000000000000000000000000000000000000000     
     0000000000000000000000000000000000000000000000000000000000000000000000     
     0000000000000000000000000000000000000000000000000000000000000000000000     
     0000000000000000000000000000000000000000000000000000000000000000000000     
     0000000000000000000000000000000000000000000000000000000000000000000000     
     0000000000000000000000000000000000000000000000000000000000000000000000     
     0000000000000000000000000000000000000000000000000000000000000000000000     
     0000000000000000000000000000000000000000000000000000000000000000000000     
     0000000000000000000000000000000000000000000000000000000000000000000000     
     0000000000000000000000000000000000000000000000000000000000000000000000     
     0000000000000000000000000000000000000000000000000000000000000000000000     
     0000000000000000000000000000000000000000000000000000000000000000000000     
     0000000000000000000000000000000000000000000000000000000000000000000000     
     0000000000000000000000000000000000000000000000000000000000000000000000     
     0000000000000000000000000000000000000000000000000000000000000000000000     
     0000000000000000000000000000000000000000000000000000000000000000000000     
     00000000000000000000000000000000
