     5782771362229804974241149902489464295576827617348243578123746696118897     
     8156412517703286627933494384290336697005180321869614564939189982425644     
     1871777045952127608544168670594408304440592300423745491507360357718245     
     8103678216121660011188951964478926964484130352931504840443440277752939     
     7020431191994997817956837293223528452980850526291263790794693381300084     
     8194294503481502508769221290059552911496392960202824917141264643731959     
     8249484427253423708364386199036269137718653955565327057368861244706540     
     3698481333547348818006849383736768705469996505962138636302857345502096     
     3372985206159938970531805320082995559040512326886727379064647398224929     
     7178909643750952366760205691880981553335488622415385226667115096466395     
     8292407992706371624062974816390102337546299254180407147572585784392086     
     9955644937533133768015310208875000375504939327498597557999055186818853     
     0599097481696487210619614151696782034615526204270707723512562032163512     
     6331012448210924323742069675526785857426250797408122410144088509467213     
     0975015448501375537982622879431123681285251763332119150446873684112799     
     9369233137952683326141263793676924594937968978975079447568097307064939     
     1109121071013898149145878021491518930014039628370701097822784113327349     
     0179185656898391128670054967946934181745668604154803432768736777302520     
     9725967888308092880399155059181015208911674352370478922001342600780520     
     9780443988385840051343836442639674930192927354876084133802184613283222     
     3480237262389727728715510294147504106297794101425885358397968706526639     
     0467678148818579440141309241093920407505815315466598842269986217325698     
     7034169633738761531336663737091886981332859955610419179731835567410423     
     8771985047834626174594870269511205222577167434349490706587418172256912     
     1270500358097638964204462250477170800517607856996221849963054275296759     
     6429787282802489165628043808939949773084754131484721017650422196320838     
     7448399017350182037576851050427731225287319887780357417228907685447037     
     0841398609475143390548596509813494238117318421670186381722333536675323     
     3649010709873449696050823574587950941536436468710607616570891315018863     
     3575072855477779545677644431823271634555628485104008102150789588474595     
     7977763775222586748247576473337851997836945813066489481634326993410293     
     8566159219382699070318320411351082729406819632922612773224952986531564     
     1719351357902089584254952875615961880110529670746989072531526554981244     
     3662346895638899207027826219778406766557169651504115509641939421537862     
     8092220015731002492476754692180503225044205187726048211475184230604214     
     8607591324022818899752806492678681086065268030657989509134198640954942     
     9366497493944092842070230342963818591427590468438295027618746764164328     
     2966635221028159421429462958174179713684240858124299890071474765370472     
     7607249404130790040159601423132664815250065019948865468855219910202974     
     1696398516340940323164677901431170372483511416192949442949659864952268     
     6929008809786449892466567920757000740862268727411323682978345773601462     
     3714630123787268966436801501386222955609736387832015949064246733054879     
     6117825309336662017271219085178184510998274877992851743421444537927583     
     9928179551045866564675231449212357776235496789267002148633056502419963     
     5903426360590975277535097239184157462450302203766445699994887533479280     
     6076390841392324555267299380174893420726555799089385142985351392429234     
     3199763718115714091172854352867698276705130909927772103104164788983714     
     6792894381541311503423022639662216612406595575206809545731289385221898     
     2890340059240344438229250375072795714443023392373850342341812912992493     
     6219110389136606434450278854046218493003293101967630223375133485659351     
     7001845484580522460917041457122354744376583442303157505936795816831203     
     6488593428387420290643221346242179378296455476430405197481430751006421     
     7795297746583492709532747820651117825472867009361996623792684532072936     
     4484801064616362883037139499379471651199574723527963758613748836198059     
     6493626779633737180693629349719001556474466218032830046790218144038758     
     1742370530025642901341890690503189229467955397269234734429234495894445     
     7727246486200214545037884771209272277120951551214896552822379325076081     
     3951427127166409013391215999907187131300337468021417794478525031874569     
     6283471208653862751934017709699596748697864366928590871405823522528289     
     5092122633430745828244688704017312961791520290189754479748845963919962     
     1467865670515322583750190649341490449114977940235202209546618376178960     
     3503833269718918865623658271124942388978421931778171067384324771169680     
     5547290425204590510756164133755109090000942843910171349379025850541633     
     4778744385905018044739867993328655023179160893875073619152531815464234     
     4799970163879998139580160312350072896726791693943430909713854501133464     
     5957910820502274919654337484387480406853436155657716087327481212942144     
     6825399281858316714307937993726516081028915268760693291979526377600392     
     7800148966683649766964921397071367034441381092904803224653326949490212     
     0098511878830842725424378616468263971053056566706338544556024143425935     
     6407621310691319349602946047683988954550819169446073088572641409330098     
     8130352351419835830480310012153701019533862579064437009270730484904746     
     7365037121588152797744913829703275503403278984051338357930091629455362     
     5714399804795389970092364350275135160854939993105577422225984508856861     
     7473800481263625339751227864501775649851642825054218173607128131344684     
     5049750087460473736845355344078887433146433192157565733860785075627857     
     1356523257536033312508844125935520077304043833771861125207014618329069     
     2816587229708020244568926960956166409037616813022460119546812211636520     
     5823375645174900077436430356950891185348348501607095283300515964954799     
     5730809128996164247874630698943557986025352629864019294685072978393723     
     5565155103115550216364238115373868169503567153057975651825233231299270     
     3866305759132352550789413625428049593498119626326887041355252963193933     
     4125412863774644163868809051377714385254727872890137085616341847413295     
     3814286238505104749230470494113147775748855337727807826447351622345319     
     7241861420144654826655824506256344360961659761270612612331586439181005     
     5494203601441759259503321746817688442267686124248618232924069779542846     
     3978499867213158900921117313737299598816581288740515931839957846994474     
     8810124072258000977395864168440358323376993076444496083879171690859043     
     5000817730334115370470453170546355784393914142399971353973183539389611     
     5111543371649099785037836867843338482520601363241323128013469142259862     
     6344584663979594624715953646821441806608555905503085853817475271673395     
     9435670722456027193698217425217496665987876882755499076157514776866030     
     6816655509987455409362163659573676969814828763986518150392062222110344     
     0071737635063206509681850794534913376141702240080512808854128504384668     
     6976318017117646733086644047813795607151966308054825382382696912328556     
     6875628648890278166788073475301529917502254298661880515945111515897863     
     1420116629591872711478225290404228994383583291688909021176420199705438     
     8056177536322138923551374013386955206056939249890169719214897579265485     
     1047592707843717467878549821667684773732710295148639725528968228236165     
     2654194324889383363196075161301873667275303069904828498921129197010280     
     8316553405446496001443940869638837094365100928644231878882302827598361     
     1454186804775918370214287428897285270097604326424738862014998067121310     
     9147151549659789990301006334716440379423278199816159663276229889314437     
     8428653241703277663448585100098115932142800505045874147269899636171924     
     5057469976308750232117327080218444314474722144213084628420846298178513     
     3123940422899535228995130754879102413715924307720866102280003211262195     
     0009958643697543355075628104657755286092158666139256947084034447900524     
     4735317749327844022382999487387544410084972122417825829779385778570041     
     0097547440759141749127945055254413053854139207819990255352027928296385     
     0416840306287846200405035940381375943679807210810611806151648436404427     
     0167686993128115423831396678484353123920655792970643634974839611633683     
     3558481116274135569538554681971245367834856684717124189318995008416759     
     5444739837014292137064461690104752824290062834919858079714889486059137     
     7485236838044381335537462846264613239555227131496427268704214048218801     
     2262120521226887898448294762235955620585633894836352404643721602332943     
     7356697731475219773925633160785610834216604062125101155159009458686615     
     6310199774932792991934248129745903407305593601103295411023163665393549     
     5628607658525770006298013052659662272339802383514570806961478041822328     
     3311967388606364047649058474320091282467111928281147014730555347753614     
     6010823169963110653377348205355807420239352107280473154664573961673914     
     5008176092393558027685807035982323002117854462450913044206127942259390     
     3329918997770120906067297177191272937118008937801825760891360323567089     
     8735329350583603649376005386281721737773945507018847154737439801351670     
     0120552267430848116934999883997935850159408527608561378975495239607280     
     6664366219232626367466422838092808828636547321504674521545954351126396     
     5570008255302164299826752219740122695028972869672494768801837741377381     
     4300329589737589705753611742722948473767806666940539113419440609442695     
     6028112608302175906268294840060921634641447848768300330099654621099690     
     2868173404115990119988160544843653489879791164093395424228351971179979     
     6168109521686755144621551825299396485410637764823360255995110195624123     
     5048091135228312180892279089642811242448098663519397913445975774443275     
     2318827552231824244941303824496975601452203763028071839487441763972203     
     7700591207920976548935054162339084413002129203105352688867422707615401     
     4235518542323422156889672273316252539164486209334268283172670032524347     
     3765548531864277719985980382506856824989577848847938332448937335904357     
     4552490861766924014391566535428996319041022759155900240907363945215047     
     4565146228779137540460271310581644181479823911125241121323609485290070     
     7385915219764815028477999350553401995904275974782179993086197639294928     
     2690772950871188205812899796313891971482008216134895509511312580015056     
     4249092310577551508119864617035068408789853081930736148464441614818232     
     5578915033017843330572366049670431739834713958846946245026486169087844     
     3052912783436563194575969304032593650536539425507548709911006962901298     
     0302622542897501454938111776945766918215340321884073083346465852020107     
     0818404568623664088412641475813916376897870244063364534766795421484862     
     6447100989783272323545313578932548253241804812959497925198966366922234     
     1239792086280092271941872529916794074078356213573927967538282842650529     
     5851164710152532994097434266259396981965940878968224568495297354702515     
     6195346156086581588739618104748723062945877087502187104601398349048602     
     6259285503870031737614458047039407673005634686128296948666352741038653     
     0976951700761167016184609391848701836888249340019229458290595326222248     
     3744470252783701718943029008912699443636440838355179967653360757674579     
     0077328022721493350613973276984381400737688175089091980532706406757838     
     7272855358506594471445455240163787005870330331210281500028758357582225     
     0024412809316920949376218351496533699670145647717164938658383638918774     
     1217142118747844366172372553595313457872273662711438284412824646783431     
     1909047020014260236662887339364837908761581935855185959685326293041412     
     5517378391498738469533171998581541883160092758807356715688286855605482     
     6929542686558427580935439613051211787244410772481881756730488989594529     
     2359134320189881237635332853905546424007454033945663446518027999607431     
     5225896280759793643526590506089697808933457016769630082500765704508647     
     6583672335080990094966393209063577030630403258826550752296678879872460     
     7308115467863386331573453137813497249004689202554977947041645864496422     
     8754745105691963052934769415365179230989996745352728556821065061458927     
     1603041488647638534014277587576724639100858307646157920320438463647415     
     3940703145553872516353410181745792961389236054651507850143413705980283     
     7530388333023279575675040385280228752004308459036532029646441493856668     
     3027057227478556673711069718063219943785700884464091967244002613709563     
     8335923611442353692566095140547568552986498840304233034267802198835421     
     4879018657797345578852778942513315914797348193852540328526811401586805     
     8643879236666219643723800849338710600697683398814045371760150346013912     
     9859356221981942558402652205403532179954793028101515690225723062342204     
     0948041661045062278824819143652347140825650829855597202793760996328278     
     1111202041462714052652872804237117237618517635013650658198625272859565     
     1702020237474638016357247720287469365775278777273763989394884573142412     
     5525232128140441261921781257417651107882897947793250526235834739986122     
     3571349097067148545119475684304148204465028331246472470491355573917214     
     9889454698935450372459239294387472117115954636347791830760798507871632     
     7740680643983827545128174583399935143473308966787370061124008408723570     
     1628894769646398397012744099808319955759173040839471058058010669333571     
     2256548963887570637488669094368304739368225738148360804165741263809401     
     2065106701021335029392635411594054073717893541934825677908197900782408     
     7843714480192402853759943966279749731601882278189251492850520220498242     
     2980676737872178391653897302743277497838969900917057955565585574884852     
     1374293918599134301739307437870252985967387404693569755972010315968938     
     1907284288488384852284121182761904793387737077048198481480774382340673     
     2885868921636226292035249119719970627444760726324327920244385784490202     
     1743831892382387090056902568740198270032335615975497996122446647765228     
     1519162971092067985796879889793205712449844552986040185097640482012322     
     8098769673023850968403764528674852424567430792923214793937531018891262     
     5657568839503262634163280166408836389058878532880136529574083232347684     
     2246182779358002331793002269232803770372516134037573877167448074547059     
     5710820225761533425363240801241065250697934348771490327686755449582140     
     1068500336907843843306093116567844386784151169980868871553249082200311     
     7458561718745426929046531653917413373226470501497254363608064700379916     
     5661057668813518741348151918590662634191770187047260990269116099279811     
     7626677083193930091728550480535183283814364877568634869212875680902451     
     2082988151011937863347739199374892539523974367613032405481724298594240     
     1457453700203253713395357375628298631123525890409761547594950800641594     
     3534402312829359520967359808531399518358950061944356141730541585161110     
     8528762081416133971642228389710566106232304206061528180179738390017376     
     2584533397952872145827807127650763199700722468973484608650508841401167     
     7540666720854978833824686255158384713859295876177072547765001325630361     
     1476314397549514813171206071025638602944963324447599995940731351504012     
     1315029858877156963898445639723653679806835180469828940528456997463633     
     8267245598663471759123196217561973016802579039016348528232699721173485     
     4145536644531568325880711031430758039266003042110297621700808065243016     
     9443042020555540074483474199328190101430871898395960361408524572898525     
     3159018273265041368091004854586115283858011165083473704761839290513676     
     2886170171702135448632825775206878117763183780550822662412335697184722     
     2898595211801916542205192843203041399515364509969821648313970252558242     
     5558096135710559256617979306033269445326718267104708682745562043004963     
     9352593212514102640903755198772140458059461217153064686358703734019014     
     2560746821711077603054519283955780662205982296372480740149842280474555     
     1425654681763556745373518642530968861567391941749797102181959899778161     
     1751175336107235030207492950029478668773621183866476993026388368428604     
     8195036011201740353764345909582132016823678795950531126021622789828681     
     5594685396626927313774058226910475608712247688051743993836834421789369     
     6583264267117233922681118271683339854397184562749699519054669800103728     
     9375126323442472805701588122122968615210264105425098914870957811871929     
     2168615166515088267526465199742014958272250106552120725289323793605299     
     3963543774100675194624850211834632622342844617996703371872781242554368     
     7889938304543585671788885640590803092311193906013312340536835087311356     
     0943359874889006645876199190841828854471596413660741817151810659305496     
     3407786311323800059720338741091338562937767250138569183022249718886485     
     0874230204437774284722221079906778224459937374224054129910819757148748     
     8797070942142019562287212135191595463006115052437715471233342530627077     
     7326787403453919304852656827254159817638769556682073450190731446428103     
     7784253219593721845537481619522725512822138198522002792326486931630187     
     9827482625926561694277390117163767985491477641577108340699892762999489     
     5737492084728289957905957749068182685993294083600912058866296897416019     
     0849832752915141589212788236309489854766924134869441208756012075587319     
     6483095090326059477347590041170294117328658468198091837468576587318296     
     5760000000000000000000000000000000000000000000000000000000000000000000     
     0000000000000000000000000000000000000000000000000000000000000000000000     
     0000000000000000000000000000000000000000000000000000000000000000000000     
     0000000000000000000000000000000000000000000000000000000000000000000000     
     0000000000000000000000000000000000000000000000000000000000000000000000     
     0000000000000000000000000000000000000000000000000000000000000000000000     
     0000000000000000000000000000000000000000000000000000000000000000000000     
     0000000000000000000000000000000000000000000000000000000000000000000000     
     0000000000000000000000000000000000000000000000000000000000000000000000     
     0000000000000000000000000000000000000000000000000000000000000000000000     
     0000000000000000000000000000000000000000000000000000000000000000000000     
     0000000000000000000000000000000000000000000000000000000000000000000000     
     0000000000000000000000000000000000000000000000000000000000000000000000     
     0000000000000000000000000000000000000000000000000000000000000000000000     
     0000000000000000000000000000000000000000000000000000000000000000000000     
     0000000000000000000000000000000000000000000000000000000000000000000000     
     0000000000000000000000000000000000000000000000000000000000000000000000     
     0000000000000000000000000000000000000000000000000000000000000000000000     
     000000000000000000000000000000000000000000000000000000000000000000000
