     1485915506623581084183573622454337998914683026671346651550069366174229     
     1805659669334578989941530806376207495919532629717918480966036657156141     
     2430994432948235669426777883474500827696363406307705071534827336808522     
     6336823339765083973034681891763346123734930397288817849555378840512542     
     1523544388400665337369521587436282029457582527623805076997083020940172     
     4675409675864495625086552411899722372896068329218654555544878779448241     
     9719592621089990103900213699658616259011800440527443334948422814122155     
     8706551999574788054189186131081137143810134178330222525838738409922995     
     3615075164166082633577986692965625605059698386248787600774209932816435     
     1046669404810059170232790899368199629746208075186111275999707726483873     
     1924720195271757755246932509231464841818729146540847630913812491683485     
     9896250059487693405293511322077592739602453601319086861249426106010832     
     9319114206022993475577915119928252729691750857722908609272470145348217     
     5366677397657481774628360081719045731479789504918102520473333802360607     
     2349597978248298866691142705592763072892148901035749587188163716952008     
     0411572165989144677858639295441862222933449508761262045478727696551993     
     8115476591460767860548379181811200400816053593130511870615796742642753     
     7151263508227106286052883269852100685329110939086628232185152544140270     
     9625217051142933750599446139883237627423678119008683054066482968821418     
     0581742047182950387874526846656946137718445718441052360726654772102760     
     9808321473602293337156480457289069972464852839993573025971294589842194     
     5276944707194194068197376466966449875740949031226078284426931760739967     
     7543578150696516598442497140715277743025727758336934218983439912645553     
     1361158125186078520898335466227787097061145389317681495573456169852058     
     3720417128843987169858812640567029836427829076051041146720498081097820     
     0401158306376677173818413221329666264599946326943312726070602758908656     
     8094037580155030784163802606115513713935469845966837130611733319359828     
     9750764073566910460040092437610083028101015284874739406665868719873550     
     0207136120210689765855296111836028857552876893543538577937220192118013     
     9352032239589530604193702212353339869903760242963850894153340705712297     
     9638546859073927660275660421604121351806542977338894222030427727455392     
     3985345955404753296761457442709559994368522943465408390513535917448721     
     5114321304757772551434344746854938532618009070867360739188306935649986     
     5616318535772918666150339743945833931007490129191748127467031481618772     
     3503197291015865310034929518990947260295256018913850258898390599952645     
     1482789707813080438415824836638475065356363043945513627169619529580792     
     7728359128949775543909243471820476311883277813354818037620829887817104     
     1623070910090828501211437470313665217791658529442919574877808100727700     
     3643677172232686812251252747824578946877329190279504852336137607080210     
     6564972574591323225134261100798425562635684695455673045834144279497677     
     8112267238406523810416910818579722581513983161570317039147962871787927     
     8766870938447387576679294668104941774202159870600929540643800850256699     
     6023597446178895093599008346084666436060860477134029656766898506232001     
     9938201386887812426593062210780248640938480010784302178399322338892215     
     0124731944963955871573216531557988463497838029133338258414272391008426     
     8108375024592566839215928037658694420297861735253023817510356837409279     
     5741050981023833427171853522378946771817430459417530106913867772543441     
     8268713466817876920863926017133291340811841851506735435584405004983726     
     4681833985782577406201430630839618794525008874970567836585011666347357     
     9567566803774993387099961411285436335275140747701063880873192104332837     
     9022270181689517233487895186689033268388999491631892596181432817626162     
     3451380465246433689557848080398997361007869837765388873455377353982207     
     2614234522886121366071820525900857121806059112149202283310849003539246     
     6235807727555649461310997557797183565280628912323903854024536195232831     
     6460192609591391666728458893067174950651851869332299665574891443689981     
     1796506796498174933814905287808597241654696800904342632211829259493310     
     3165376685217319748613507219695597939609064206798786561985419661401831     
     9313836916951360583896413384754464677245189597784085382853154706301661     
     4716337390305524629604601064181948213426273275818337624160538594283436     
     5486134815947482294299741265882268037973356463793720895968860559135927     
     6640935344607726706312565399647186949594355092119245443406019401665088     
     4189947540371797515841446101238070313705175149694473523509647611038256     
     5802163355456363951743909702008855605873493406452733783171067289909555     
     5102710384187075080659158836154481261418927796828869417397534910620387     
     0312646629653757617418795455254053241109001633073220461652400655391327     
     9171754611720465273805402091224285842480498584896153150851518389424571     
     0394227916711267037761779807218539089118821698287103063278032974288187     
     2648997556423737396744198080591795501725907238240467538251805012597644     
     6575954933160446360040442940791405984806719111630966466903688470031836     
     9592707240570143259015499142567226913972927071250117011595149218968663     
     5076513170630862271670140010267867608924759328359533758907525789006052     
     2295529337736344363423882062341204584718675152009347417935052038045892     
     8554528894347008503070503956377075088291599271524063089849886833770585     
     4108916135855129480106606155037924414533832336631976026813376666598637     
     1858338536823529024710881310979621492239481924742421419653417242502625     
     5057703162363097890679504332988390670714354846534634296980691692083623     
     3248169839852806268689903139535210424190841709483903360521754103414385     
     2561058061724629615201677358640918543741611812354202480181007810445711     
     1002761419911330729610199031699481796390793946759462921050449640080950     
     0408467075172403514191471679011707833398440907656115825394633119825399     
     3412783529974866867074040350813702970871055943602985374972072100160778     
     9946382171099906858781518159007610652128156971415190396353566477503526     
     7088703092557830823995228293947216503106079965693388674118112070917449     
     2357616875528034694752959374396784177439772973893614396463943290647489     
     1769020458861714518754639976529025560340441719082420853962416059787929     
     5314347873496228334691597138347183916794245631572140742861558454273279     
     9092640591699020937375234045774688636171878636486731373549761692793840     
     1821884944165489648503582605842116416767733500279865079495162998429096     
     3427765878873893398428853476135564666126721011397816406313672116797600     
     7041910903894899971460474553063063790222606101772824072219952304826710     
     6982001977912709275665944581014755605112546246455648262293011517471027     
     9676660484418661727248151436930635163671523688541814511664709817583080     
     5867363909807791178377609012219197711098443505567897109543886366256307     
     5971720721773051190977631492753213406570880806210970777726400820380645     
     4993594923692333864858867091610300276213847839112820279609053274184134     
     4666838648631150474113202105264111616000000000000000000000000000000000     
     0000000000000000000000000000000000000000000000000000000000000000000000     
     0000000000000000000000000000000000000000000000000000000000000000000000     
     0000000000000000000000000000000000000000000000000000000000000000000000     
     0000000000000000000000000000000000000000000000000000000000000000000000     
     0000000000000000000000000000000000000000000000000000000000000000000000     
     0000000000000000000000000000000000000000000000000000000000000000000000     
     0000000000000000000000000000000000000000000000000000000000000000000000     
     0000000000000000000000000000000000000000000000000000000000000000000000     
     00000000000000000000
