     2186942229131324215755928718059648709948823096474676514050500892950548     
     9500578703179616401744335447965956233438245218513848638860773029191381     
     8525142621950478293410975804266239746393617938682316393415311543692796     
     5630293269149693275260406516673508526302918906149948174398619637359779     
     5405006524988611195350668814283901669955389038269479462504160829015752     
     1238336283473260411729791997001409346449398939533605040836867615491668     
     3824537880688035748382503570866633091302046760362982029581273710313219     
     2557103525025653296065357495660535592960489466669956970613051534318135     
     7784012533804101938369276252549169227009125868898674104510816074791817     
     4433370454048979188637570147894040434852728788428526423485784352450371     
     8701944264046458186798625687799723636590130504995030246043547055208957     
     7741801285474545020593167725782684645228282113918324225297029231847330     
     3475726402384159247877233698340478952705394434834589097778814154020715     
     0432987894831613723840941324048464137994001593732637041104279159028050     
     4468974370011666925745637728676453440725304725348144828909275456855194     
     2093986778525267040018811828985058648252829536545824737663974083016563     
     2032037015324334048839403954709274660837502928524100285851136182397806     
     6727895068092297584776604614251216919146497918991974135685421128073598     
     9464691768625585984782046567158645257937065888518703576248792360273756     
     1723605818144962250522372948965211693939717089895485155375208138785933     
     7697679316777430653332545213277628468007541965862202090641245952298961     
     8522744016135908415663613099340089790281343447324452628524264340235015     
     7705253327502653953695389830607953287858441932698892443051100444675900     
     1909342063605861878943157935420798938214809867600297690165826262027320     
     0872141412477855765137339339691505972751566473201327795434981902980289     
     0789071733715143564760838388711577225565569733134148983109197680531153     
     7342739231231951555874389490551043427359078287999885673553244442163544     
     8298760214614738226233793460308090263258127703661437663674913464372142     
     5638068829062312533130728715927800091722639106520570591036932176125393     
     6541751576556573967702341461948472024071645448279945531092988351248807     
     7487913467521094441685589838377412968396822213513295573987139825410367     
     5024456355625619817885415337951951192489549834865396617040197487488088     
     0591435632029167347045751182967730391496456549181423103010170509067531     
     2516679612783567595732473541029630461698228433951638514283416401402984     
     6001579708945072733578779422946233137050821091779919490829489575158879     
     9949459403384367763092551602162922208408207850172659136692775648902091     
     3831492489499156084561261327730474834066942456742930222433429126139125     
     7379274559561774117302008407579968569756516989332748982314144751724420     
     2129587670532457460893791495001744562497584316836113159815899866446503     
     7102565078390981639159430237909397180989975104174045754242943623893856     
     1291415107294849308462780198229028748847745849468948560522199629533458     
     5447225792220375709879193740360598045456207303571244234393902356264225     
     0527118090574911363326810730901534868130625571358646204813200753058791     
     5433711492270088338204112963928903089430057315434777580677874512403639     
     5603483442482723939311731330667597637164687428648180938435095629880438     
     1305326387557517110362616509335165216439044490606442966183275242421351     
     2543565425077093297539901371895056807628488833421739544625829722325390     
     8226548561254398733537965382582969531158688306841077689387150962944423     
     9594202582061621086204064175836083605399194921121888239649824635710325     
     5427905533486338147776241122168711723304860838186378940987520854610402     
     8566669094683359577124112288217792939814819725652831394317041488969350     
     3797206394721154212626498840774796721440463795056818589732562152076733     
     4977407774772838715897354018610469486253132622504011599255338774975222     
     0779248765583317646360450545595374344136400711365656795048032060009114     
     9617070951103106058153970843326442343499953437288442722221913923788119     
     2281743182889375568067527583250384470333232663539823108422670540802476     
     4132020068303559787633158723057371178944095690199363880191153186954333     
     7274881363908701517812297532355038704465178903210362238048615306818631     
     4187559450348447671750541533643062351377877142106040616893660345714628     
     2702735368326741574408136030474475140503245283053202485882670073721506     
     8919346754412293329288167354606602089871345464425352246989649057134250     
     8026798069569836476183799437844097010209889080679888453304426813452622     
     9388168442589665511946363402628317140730232292237273730307935190223115     
     8686104347140614002325542337852939796312378735609166153598232022304356     
     9236819726802358207859976251519299785503817232825459101842784802076049     
     8882510247097800766847029973110569702888512665287347470289986078200016     
     7170961196747931096589451721939614701058090975682613778517041787305757     
     2111790889144045702753935693707343777383578808526898421320287176678488     
     9872306760691313005044178663689920431055682824099378960572962574609569     
     3015598372877557743134363762969719314480536086433363945578226001747312     
     6367970852806176870061123121924670011239149529356891819362544739779800     
     7642420847501056570666508713795030259991203284828943958066129289418705     
     5190584130627859241671720774110310574670521643074995383995971037217429     
     8308507246245936605422183085734940384216312224900478520045958460493518     
     1343601049418155249184505415978004665151044612963907215755276052344161     
     1934636323959921234794716247248641547718124292739215380239014565885885     
     9859973482761425765263178559789507334243694249783374704385602181058782     
     5822338396511496183902117657681204005900759154854373757170897755181251     
     3707208741172089121662620503967226662365413033276655604532935880304278     
     3569765129060225421602365088463967079789196698806222554754493741070917     
     4663952762053153663450199389706914755742818036790245259810594141377054     
     6075908221362521417457255162184771704911816401073386918645429034679070     
     3075154685974890808335412395202482554994321489798127368629980334041366     
     9046786687366499721213969985167793357501757852318398131931858807919482     
     1578890609949834098422786654523285536536756481252942467667688952492307     
     9586713362647683714155451386467589641867575947777405554857473212310809     
     4753926487103358401197806042445612528435200000000000000000000000000000     
     0000000000000000000000000000000000000000000000000000000000000000000000     
     0000000000000000000000000000000000000000000000000000000000000000000000     
     0000000000000000000000000000000000000000000000000000000000000000000000     
     0000000000000000000000000000000000000000000000000000000000000000000000     
     0000000000000000000000000000000000000000000000000000000000000000000000     
     0000000000000000000000000000000000000000000000000000000000000000000000     
     0000000000000000000000000000000000000000000000000000000000000000000000     
     000000000000000000000000000000000000000000000
