     7827820897157578132221321192092170211057900203921553774945925593492375     
     3144613625995947199243236881653325036461839261893782435570491603009948     
     8114032205323017350929952065596398057933649801936216685646528327442303     
     3585446428185525152265157031102282985738550303385710773380330366347690     
     0174028195004400830318416037775725267736633187020665923132747523419455     
     4434454069863972948375626957620904579115241580540056636448284007877236     
     0976505729664094592957762344301510079441237592925582362881432151308051     
     6552823856465123355296326267580601280498177279326614613958254999329189     
     4447074712870191818716196787941678369769196215531363549675369353284387     
     8196123972673879156082583515356042958283556777097413433536571492102617     
     8181867106897547671098368792496171609040224086584973699150693234037382     
     2205087699382305475180428409912304500118632814491277119763214811267960     
     6836360979024284132864452121961698145235071433337512178426381880959747     
     7521469075928411094560720711309270231977774479349829092249811097089137     
     2570385126765728671553517456310207582841867421049450056851090237001449     
     5579974853175573773090024558527429280313249475660444663650074667164351     
     1934628128784856502033362075952082578030794565098466102977233416827016     
     4978507242923434156565807547863243476564864472779138817625573130517555     
     0177394049230811320901473073292159159287315227892681487310353460089362     
     9343144082913792881044884982724156909976096279062651820993234872171496     
     1849338313893096687872036176252145811949752002428512366178776274381282     
     2157767483794533366674209623489149192484028683411394209822172665890121     
     6998915424257955000928342487648508589122236309422347319576107252745177     
     1632688819293247082780266822570602761807404006238334399498833462230719     
     3575063755822524121654463982377241338692202298148558148239890430086583     
     6041748361273523376256787170723315602845815562071322698817744535043053     
     5387732356035605301202534354988807389462879311310062486337552046311899     
     6793406132788252172758234415524763347371925630786684568046504772007290     
     6334158386563904548892692221049921386841268099123422374024678048183792     
     7194077969833724067644440615546090611163816023205791293052965236036857     
     4922291184093772681036384950478254349774219163060564686832580825556350     
     1721363786923604637935542408927740532356000013835001039112767996957665     
     4872852731652858037517829689065307447334759072133962111207945052394533     
     1082050283808102110033819682310748635510482454955589002314068978932539     
     9479383992053302411903003094882259258004322427769176478591468200853723     
     5867917954573092000720110130547929988764040475277047727451095798285124     
     5626427824661555953340916584541598624391024239785909437937375527234125     
     5483082556856172045234384295210703465918495723461626350607856042030079     
     7155543262188825748883225173605449940394626866020728817505714018442918     
     0174677503699014742327889303411248892606847813663866022561252383361031     
     5624385679535263753724796716351202815484638101360375868241822974105236     
     2597119903119979767274842692394328812460218162183651694421583792338743     
     9279250267940060885645126293736227755511872702219680906776125650713749     
     9758428285518140834776192186378460145881704478138402841808598191544602     
     2469558750079698358964678127963036320417447816133887641333353651098399     
     4977913751828691954381896424266748071403736798951005161872829284029367     
     2461084248447958031180954817757503514012635634060327942515489304101956     
     3067115966039178817664780242568266471208098554478590141993039026780740     
     7505345711604248479627977920591129579401733261055595569961016347396173     
     3731363157998558268275513724126512035724147013496860425548497614011376     
     9050498623005532905453648472464686123942455372833333606157869842523478     
     4515945002082739506581494431131337936806921091222723494585616493178735     
     4329683720779782761535894659097592607182666901764305911073108025919187     
     2070178993172333882391898612121153569659746514120118071589230335824454     
     2935185990844733740687242209410978361656664007315362272076172252034327     
     3222601991884961281031166079246961091323083351760442477080752660938060     
     9281533412590579550061430624628307609805869964967652332055864351367565     
     8070040802046834482617642855234342956407549617648112126267507743321059     
     9878849146702420816174092997699970256124803272028279729245337479877946     
     4196074474433607527146675340885782473216656004173783214786215926675481     
     3814933761032432470414037667589127057933905647748269858950735867580665     
     0661414592614667204735773071631547365551645392857387397799238858170749     
     5244432501657248644526280976416001980835647018603512149211237363116071     
     6881150919607572227218629563552546287033741516468722197157606705074837     
     5756376152984740941691744397614513770437468075879563541609262375196846     
     4015014328026470141573545980598119353741206013316639601428147085281041     
     1167140690736378589405289980994639232889677101702688827667490158666854     
     4778589704829990650075469785406110924840664898924364141838407979871547     
     6536933043396328410889919654636387988260773521335388993850624739651026     
     3275286498219619012816548379910912626194280363961995966377508124032975     
     9755327782760330773551148666623527277298094241911431348685040437199962     
     7120966387116618325313102705763682924684006446577159980333282254945106     
     5030846713644439953400319100874993797334307029314114573645678287264296     
     8289497789381136324813743874409655222947105976624230536612896218833975     
     3633448973786470384464826166072097410364943722283851150196830136223605     
     5007551305864139627016527029504044576952625272068287284214163493348293     
     0522193136083215803576758633400844364351111203903352550347802603647546     
     2964569419052891701448992285156197438730501073303820067074192268372475     
     1194224026283219130990656938372535817282102088990807642726996741004940     
     1848521587550321034433138956118739477404370499952117628982775976307449     
     8220738387596206015596423079938047607427669581690171535823664640935003     
     4756662169422889140642936439054706808385211294332323110655250121496410     
     3506937844971005116261184080843386320255371365966936808789300949730348     
     6570037213250364885242575049078096127888524741236347557958858727441798     
     0200705566918321237062756752973183658318165971289583101216512501403038     
     5322345455768756365733727434526664153247921639043128734217824787566063     
     0793103310689204676070911443842268387246057707835472824489880029453016     
     6609341718342100545174806935471680974576357556016333633786377989840688     
     2740876002633633976322183727123646582410906906208117549832108194650782     
     6056197560095718082472592855383882584778135914573677042915451151874966     
     6464685356326062751165775891781250706947623892521299726771991605757331     
     9111975177077821218143149108470928537545755631026208915490570895715380     
     0857411476063479507245678393095980873114802168099438832542416176830355     
     5402155573030289526330891850788909251291982062365226324938263615274675     
     7247856106037208373284055292399890660899415762901509299976739764242926     
     8890120264625770288432436804210667921690476331446812349098477173192264     
     4883269625383304058754141056597508747357293450388443641969488832939463     
     8223144495848001240808964955036365232282287859388618564070367797508368     
     9114027276415125701683348220570857262173009521707808476979118009950367     
     9629366727017822390684461103212178386567565972160899560086336961380767     
     6859597270542445900856932320704119937535961620695294291247751337296808     
     2366501146428441276752348878987241984127213558626733992823256703081825     
     2439803030126277371605395513191327728417892776344055087057862898685946     
     2941710217223055762560636514620791485172313342489050024592181643101036     
     0534146120054634260090010007614175792614462396100081379688474214400000     
     0000000000000000000000000000000000000000000000000000000000000000000000     
     0000000000000000000000000000000000000000000000000000000000000000000000     
     0000000000000000000000000000000000000000000000000000000000000000000000     
     0000000000000000000000000000000000000000000000000000000000000000000000     
     0000000000000000000000000000000000000000000000000000000000000000000000     
     0000000000000000000000000000000000000000000000000000000000000000000000     
     0000000000000000000000000000000000000000000000000000000000000000000000     
     0000000000000000000000000000000000000000000000000000000000000000000000     
     0000000000000000000000000000000000000000000000000000000000000000000000     
     00000000000000000000000000000000
