     8065330137907641028189677525484963557018722854123298129852896783021567     
     9825121992427296352390519955631901801815218154781720796567733598055827     
     0423212933438403426459703414960338699198412129392397580413354544519558     
     7527435788531808713065165866410213836881823262600516253618271193862282     
     9380418639617350300722716016962700104230155287069109959859421313833995     
     5432626119311561076151912778680689025371221092065745289256787274159949     
     4027715551493451408516791825633802627921605324086266273168872199402612     
     6408572476752082107849908255830261458177171838101547905294999583054922     
     8819040123310566131465248965305927015828753157098589043507280972119672     
     6011475170341331564018026785906041313859498726765623167790931138098138     
     1949757096312146257769790586060437997108964869738484891207990254722521     
     9903117741839878356755482476278785445932539194850599498662217969722946     
     1508055197979432486555639553699504713578516689862983371389641009293436     
     4749234015391633819480563926279185206464714686557847591473229820236504     
     2849102905749951222062022910823896309031635751257788926678925809239137     
     5167193505109213999274542803979566181485154380018587149705590397915516     
     2470993623669053393452372012782673514220791332495331378196444156616340     
     7575761533518793037716836378303716401622901835267000616113755728065380     
     5474921232938162209724321745726324764688305429671220635211339661231872     
     3070006612901387835957848516105450122832896813431486496940690258296886     
     8855558398315264957661163148610173378846478622390162835278128409205300     
     0010489374604467997749493823914730868510612430723782896757721958214002     
     7405449685287399707610062341534752100586517149455068510961354409471444     
     7602056350471062108628669581510264101529929773921481332445701505374200     
     4947626624491073580239781686293258002206793659438103484361459715066101     
     0590263204894282667743576661369262694313599925368702778158684098739841     
     8883812764185525773363946731242589730283201102580958816789510181363904     
     6323280399549395899611894529091622142643908338954180423463944930132856     
     8573291391472372573741339494351897632965799306751859079670271770468173     
     5072021209906984177075317681860878800229742443642267869142681393122906     
     4250095732568609393484157136399865863687578225427614497360982628972922     
     8674624438102478465106235304573045262817759581147227430154797982314162     
     9010526655090449568688402333074357431007237376255199049958449563359464     
     5732755478280018547662360263768430792552364870946777910171456625287082     
     3099811937008758601607156016793089607605755587915871283912110741612130     
     0693665659695816215576366707598447043989795913574881241359327394358369     
     2782368212376797413552535262710296227636470553447652452258516187678693     
     5680329575947087994273514572968476447591176873005130377734252614418638     
     7702717242100170471779393664805278463876073282148658747697683793511182     
     2955892008951566720878996895151462274145114002324139011803327388384175     
     0465932277108328347793936673659973985267048478413808333433742950331246     
     1659340626344646888761988444546800785453120593473031310459652619431653     
     1418918740459446352907325503047864837407328431719346271218101046714871     
     2883722466028450245122788856353937334784464730387264348200734395139883     
     2615610758541935211251632468090108223217806628656846663036425351584790     
     4109721197884933056987978896037041793173086996008785332308770228959301     
     5930966508634062248997615173769693034144537368642422431423255186326028     
     4434571142451533870037274271668873269863263315934281661423112657668616     
     2291424803328344928953794355791898160316439927570966322715929933504551     
     0923420557458396120747812189372196612791985593929547173088527331670333     
     3781215053664703151113397701171521084915817634316977969809595637454257     
     4377342127795899520518965771571665004841085465678182864921053774832956     
     7173428822835414571901862817303979934683993458279727797595416024961300     
     0804638265635097596731170596087037904597870987608663482456827701875355     
     5285288331390271580540683173750827991772803132357356038756854991795431     
     0326097553167852063535310634406272535556755355288706941918264389921850     
     5461867044571243177298522510884947619171736260850960154306306343360338     
     9648563113046919200242484627241624918964253918876265559922853478997340     
     7443249944055679206803260498615011662718357034296955956793596571885557     
     9178061613345802964015263753281535768818759207380823386818188369667106     
     1241310552843216098472471155387308856118416005794827530926497526441013     
     2777372002331624827932492550350582785948198476170359123912081238437965     
     4334867714622016784185183285184797694315291438831638496788420363131606     
     2279617729442358442627410275683374883575477974318318091075497707024388     
     3133873121505408488314285537986206751329422852149171672856098265300487     
     1314025868625220195745002281960598366529245821760763835003143335871087     
     3933722589676605977498880911483049296483205586848661530533786306460370     
     6029226705208918584069321198906634073694105551540746040053135165826006     
     4246186780411833592608623423712375305165884880685894661635077820522130     
     8633178796470865891976608588426412407011364497723499675839435102610165     
     4652859626794254874592824117243678994578095960442452087477627972381037     
     9574845716654080477617651585155370531224336198805141620074675719652604     
     9238885764369634675326492252692399058748696118326312941002314583626394     
     7615804010314844954374959383983495304790523286138043802612947323398541     
     2925924188531975873333136551829905803884390670784476400483165186857870     
     1258295296493931161986435501243267483655424572986481993897627814781836     
     0676241480685292135638893801749419858751663070898659874325897593829099     
     5404318642728646124718513950842793618326693662753330675043649401622049     
     9972577767293612293541851668838550919902710061829503346411156232219145     
     5004359093369601534734145731857685295456745826606437412457656510997615     
     1183261223065069291600378284850317668808733474579716965154027212957925     
     4047210374141394875655574768849055679050229602966881024861860096718641     
     3040626992587936147833981399751137054703053865343541156964681158741929     
     8917227110198345701312288835996031536335459739941978932096155862610183     
     1711666323581765025429035811825236459225632975669943755465253419838334     
     1962138746862540826877752987180734164041534096996071693876707222706399     
     7808215160034888801350054090527100024443245142004414453619075681893528     
     4409572002571526192577087051847655233705782499292343431858117098225806     
     1636618700277562269075667081557143221351690255875077331812805653105191     
     9681213731419014484879593475190141333656147993043157404378994515585109     
     2025429003595911860453261476083367940754832570356845088022008264816958     
     7684992065834672542965078498253466647417390434612726998672347320332638     
     2582322088902754272380188836587171486684168913599056734247857478254350     
     2698735150649354363721707598750507109055955799761543373441105889180823     
     6847651957070706765489864677881074739625301760672526284020359091863944     
     5361915972366653568997042930806291728066902567813169478595761591466243     
     2444324019769110835728139259588709394628456615277201455274829287177396     
     2876043974793802942154193210838179570468719627545535639820850613960051     
     0061248605010332573516367230163188002429643219347660994728155850147209     
     1469868402291139946075736051834985186210141244595010720921991796936940     
     1718147096849935785141878162882221978256649088605937814997213154466214     
     1325349265471777591185868406483060265291787149841775284455273776300045     
     5574911559370599120695104915160569921398241375948216764587331236287989     
     2297499266124166030747098146375575671547413063893251640858719021706469     
     2972866016578868027985150475951052024557604275817493332371595053027404     
     9159092337365464473068855698959178742093459567063817466951440402098924     
     3630678598281937562045093711820533966862755861177164913305317059810010     
     1090191475086530884963006987985022344922018630895796232576949681979345     
     6387958227156713719832521333529158879649885576509974884798798813301960     
     8127199598348179305496329132152810497978369540350664515405496848568548     
     3151524089967704885318144738958076033469023550149646301832994509034603     
     5545962083369226361592458941243738550542005050910916842989288191073567     
     7193713979242746308590839682005164042672636228298267108810996002494685     
     0241582011447955899599696253583177388435368767472107217345111180174325     
     3154617635599578283032903775921003381039782550054026914536488668481127     
     5265093199658834828313034502833612567641704290623838233958234718591974     
     4639670277465491386736660635101235399455748493621490579874124710757789     
     3812876488522083389372160970194161423716666689032471435408942002439966     
     0829878256819336622488105665401715549112543382247892466903381092860955     
     2241084789405443035677904531910715586305644445693117657252144853246560     
     2845073627626309656423481517224867565113355878394143796840090221720315     
     4515114404780488147703774091422101082236141873569545642672662255303696     
     6405286116772044378669928223504806175934267673382856947016598180759447     
     6693463338214456425562159380391215280503135598493257037236298164757345     
     1550727556041737814204376128669737049299916340471610852922534914083351     
     0204680513946916442772360821484347629363774221017177049618658951084367     
     1808334489472601596525043840659668447845176171285502115418604015586021     
     9143366114031354258848623779440174517432234483117739862435076599068565     
     9337654622573817338603721404566754865435310506974527684508347786002933     
     3630644623887017255992808528891134292924040932121099690386313374616274     
     8656273931835645684539944318416190522277665023575834208441919034288395     
     8589926196787919429878320571077189507403769187775913885728283328625789     
     8456307059776107085021226154832193279488740438180219882301511827777672     
     6108522459847191957432209020459016484136632041093152859727009538180561     
     7177904357561011318277460165707074436129552777531124439080125469486283     
     3843255855508019913161112534802655867459207444181575133694958901727813     
     8246951585673278673421051666300142977526858390438607385635297531909909     
     6787664130697301939797320636323708997860152956033523512963624205737465     
     3505725476722951092458490782479175211300816822793874433030180751021354     
     1721470790861480791977073353868877455573858882887743195986017949963093     
     4784702636586776315848981071783644076036865082997332750499566531227142     
     1023226370949594631869720312455946502000004058791591776820756456195121     
     0898544162935961255300700749744436234954125477536595127198807843902797     
     0744741037053451741654470741938148371378222520674501736122501132711595     
     9108531184524052503425666660382218946564389957580707641826998595525601     
     5872403138106352558377002924234431891339825879037431939745416879830955     
     2178049854624936525951186339411023071056102071791319090000077366243505     
     4949295185565435700620092212684116288513267546364912702096451598598144     
     9468402839704924958115816001665582787310974900783310811217636606846977     
     2032957158092980587315538152166727890872248210917199236860551593290811     
     8864717995929179638371381208763992628235945643431586111635330776461046     
     2454735514176381015134189998957239602386769681407253528699422964119418     
     1611882783483385846227935786340658087363402774350438599013102092283062     
     2173041364770954392225660399471752129433949267263941734416015169181396     
     5202726138902010201856997735003472620117981940274180762986458637298250     
     0006400965549723932869638606987268671365101952758805353550837982731263     
     8917113650558369503799400324889175456833610626759014515733302962160844     
     5053453762152055696331272079410598389741543399234822791326660776291563     
     6825292314889095554511858565710899781869961888855402214179543203936364     
     2873306513011447267933529993074047318763177736393048766928388827165337     
     2249048255701044735419193819612863911706862254947961154484878576036346     
     1985428434494671729998409062828229569903531373017683176878346064321121     
     0556622735815424846311245763540542678203568954590742483030709157678465     
     3425408078564672963744578935265083644624540960006268728092578091414721     
     3133778128791962250416804600089187538891147149126115222189295194729526     
     2015323615054899465974770102134987874166961091906768123885189812756881     
     0106049773912267549494745442966348540264376492961869821500844324542806     
     9353208026998665650237639506060927582221524736125693059096254103122480     
     7215243467138833499819043589701773958891537551545640891908513012698551     
     0682478359900838399465781672498997097101170963683444845501459694806439     
     0852485564968381196397347473880987977164698292779329025035520155843706     
     3537445638658335963770739122884904914141297960260239833681712279710579     
     5656612830860523342970216460102364772656835085687472415328380818110791     
     8356131656468748432852012700516434824903689331907864912199824152772951     
     9102030410442296987309763049096888799235152095104933477555766041243508     
     9634023594070694546276570267585014081878658408075106580046354369682173     
     7741676714934131558754935420628412201764645558319265831042544267490258     
     0574228955191292211187743687537418765331571468655588283127674530455141     
     8314414135449289654482371287111268565306109876072060655943122412968671     
     5690495689965700051864717259505405691013025131713592338273295157874622     
     7245629555672377145158287656992336670334007142280132224797746028554674     
     4334530130226707362031727521096658679275535993266711434185341201237647     
     5740065036470988127934133186534939944154250049906936883854909991216378     
     7334498714940348686801542199270957040024286387615362140225349325121293     
     8448615121116682041584443246705355001204729482742278112554139810135893     
     3779354684050635755595737449151195399499353451077887665486732408616716     
     8296541637345645081351627383004262468630955370708407440456700522083084     
     8867811148989522290851541303843381109234806564943935186417869179923394     
     8684387341266926323044868698491080265888607703193607068626156351013939     
     0150692918347383097764879379096573305969923334447791938786267441209591     
     7476097350225723576289409937055902596320763157245210315102053057210924     
     9387620419003585020598089597426265558696539863872174777287107098322661     
     4085154845226348907089259856736371948994308631317084045549609967969179     
     3149314764152281608623895064909678389904561791714528362928734487628350     
     2203708804997092172813499647477462226590254819004777730503020811583697     
     2143290180032509712522532186551778034612257468668448341319592509207201     
     4911998314407170608455235543873379646609065454913752844066815597284416     
     3214086638290860217888083871434385989085142674659242262654940389023306     
     1614606197323040343291054256058665257900595599695030202490780247314880     
     3925574128800184103744773608097695978695996104270705342264432992235472     
     9215791555625630627611941144906767800938606088323018180122478193141058     
     9849591592409734882424245015531130323502525047842776751588363838544532     
     1820203852773726242571495986366190425683125399720803753029438891965575     
     7685934619938875801127776933304745426662514530264410629844961802002419     
     4488643107751685653262662333407840269295278141550200138435248320921277     
     7398935284942584321114593142821884211957743663044776463708167786420602     
     6750308970746102945500499107649677781827322444615781740319093547801023     
     4867768449872904446459515073115183629326244346165700694649910704188900     
     2624617978011219428863922542472667786596673227653476539436161475617446     
     4676045128495555201673234878044345342305720886440678501494675986850358     
     2357129834504096409004894991643902074600735222473196040992250714734205     
     3984019371948344079272336525968697704823189503331741931700775325583414     
     9160832118329322083213160632867839286764713815583706669602731697144327     
     4829319515705781592081288240047877910581448583287967393436011854390675     
     5820156049002515361490592130039055648904814689907847548003704036632483     
     8859565338569990029895872143084293665706041882655017598534381503614654     
     3211443202638889333601864991162035734622475561436266993760989000432587     
     0558636958620195396610934405418824355254306334829233691850308864264692     
     8480062668800000000000000000000000000000000000000000000000000000000000     
     0000000000000000000000000000000000000000000000000000000000000000000000     
     0000000000000000000000000000000000000000000000000000000000000000000000     
     0000000000000000000000000000000000000000000000000000000000000000000000     
     0000000000000000000000000000000000000000000000000000000000000000000000     
     0000000000000000000000000000000000000000000000000000000000000000000000     
     0000000000000000000000000000000000000000000000000000000000000000000000     
     0000000000000000000000000000000000000000000000000000000000000000000000     
     0000000000000000000000000000000000000000000000000000000000000000000000     
     0000000000000000000000000000000000000000000000000000000000000000000000     
     0000000000000000000000000000000000000000000000000000000000000000000000     
     0000000000000000000000000000000000000000000000000000000000000000000000     
     0000000000000000000000000000000000000000000000000000000000000000000000     
     0000000000000000000000000000000000000000000000000000000000000000000000     
     0000000000000000000000000000000000000000000000000000000000000000000000     
     0000000000000000000000000000000000000000000000000000000000000000000000     
     0000000000000000000000000000000000000000000000000000000000000000000000     
     0000000000000000000000000000000000000000000000000000000000000000000000     
     0000000000000
