     2708658145231884521851046419370163779878143255113928710317984868030029     
     2005523343497542987636074655165729703056744903506314765575407320946744     
     6233247865970349090164331204941534964094902115259705604487009554194899     
     2615042417673014111656141364739786128007948967492982780003134831911425     
     3707531362526765611161668418126663049279814343741156232247673034832702     
     0715676654820338971614576568254415096849000638802068037597717623185005     
     1712778101386147710547804853313329416341380152821487309756298429185095     
     1101008194393783422763234246573771417504581508537327859272608989266856     
     9211767395062412297378035912354194844422441745130768082439757120139386     
     7781141723495525685078154822494858584643841361655426624638359650293769     
     1345244639198086753888517484309037594736007904967034222956157300179617     
     7627546941277161335712320388573990575047056083681584036609061665641185     
     2713247418728864634195889854537683320084325684289004127137470739316906     
     5700773182158783670721672519053748012598062009242043044502759217062699     
     0900460458501274918331878131236815783743028098020739114920027825211406     
     3109005141569773449371340593939729168719297238942528236609078858046180     
     4860059169917032251300677377828381530656051783204819529723751127857894     
     1941445090782725876526729897510827600709009768418323138176636267380097     
     7404675432818816344619888581006972869225334819441438937815599799865302     
     5745408546895965170313838732094585877225166074913312603123012819024245     
     6893407826610910795698031966097065145945991803187640469213460553904559     
     1950988131758144900398731465245200754673362711601811934105034535979622     
     3791069631030496007077068376457307236214809592338663535108005206553669     
     4995792560250304172774315560493555497506172796810049181828799465279908     
     6134385765968564739118444981252812035122683872446721528169450073267634     
     2153252685731011739108581426693166522987588776868406068132601982723092     
     9213443247696592880267979898333764510672864320395131829254367945592905     
     6666123614433684942624284362956738641345717180259019408430462703121010     
     2230387921775193239351726852200014293141102550959687491849731280325440     
     5185090288523651876832685929187215473298303617884774346847806767871210     
     9156361888369795925875433624560871940936260717013269015954199269808568     
     1788549614074792781537736817993741044752889527365004717875880502459335     
     6411666094331287465926831303001193272654623641183325151905329701275958     
     5637917664276774145981285431162034224758833975846347810961476555934983     
     0877835714431000611614734149149492817730350679718218657616086548184527     
     8613414762971797326333998114309349964835441958923847931877498756940812     
     7345505241991791963977067296339674369109387781483866537148568336136707     
     7989703754096292196049990165706146309498057515711470174161001760703240     
     5343471197964531678927990229977450895672521229989075219943801665729351     
     5445654427507597779616608096060319063564173673717220545745239818243997     
     9463365880469511251113488882735089328511825675240366874676530088007522     
     3912823028948992581890341284127623765817180428339635212827248935511217     
     7125866230277894157147374011525669505747591489062249398340784360853720     
     3437256893679285178341878142616153295531388173938514809332026786054665     
     9945008739442161282705101002992539813284371710338998481734208828663232     
     6453345640188192503232942023384522684337870086132743152207529060212270     
     1176944304128248819646503979517919731894057848096604793525345111688753     
     9383347210322818870557563712320287329203243477419587690957335579050711     
     3166524353406343284094436668110495516656069703543942379099116854971302     
     6865637539604422866399238464760494343261981588369525530060147848249339     
     0395092521246246977294487121356430207549450331521067240561567205072698     
     2094847793510772662139901530835411785347842280322618932832414758074105     
     3022343005408583852427297249624876217788738691073817188094330373450354     
     9598892651063990583189572848777448646670897855432339176202579521709199     
     2769134048116765164644813894739038749426555519758036025522810128383793     
     5443417267979303789678223223526272717037187903683286551476273715851559     
     3850528282459475439779532214817795964034219141069391393547836896217796     
     8541252590626090058747289298897906417072628413936771078024610512527876     
     9051019769586204045875263557545651672243539442936694864346339983220505     
     1793384055369885164692162105945661870613723933546619613018585124275663     
     0577123187829922815779449168496876498319476088285084103237370212988507     
     7381954935249768563077148623255275961373402606908403752005319044649844     
     3164199649339408177791991120604912442081276369598659393731350261721467     
     2551174414895221561154718496598041043697183847803231784778464081052801     
     7243739653087751097977474092258687225258336904772138712641925828584215     
     9596739413750153264543156720912826963612632186035062899822791972617668     
     9037468822955876903562288945141333544086541345956968211061450002836474     
     2301986144407743705033865550223671100645053591760552752945256524039961     
     0872765011495007946777240833704110606724177800961121247064975263080597     
     2351682125269650820698500366333383778648762834539429635998543156533961     
     2186823921470211763399238102314659419969134941849831385423401946875295     
     8480733662000605480967142176059532375432632232232708761471990094118627     
     1559791907380061595655398070387605189062116284878198055072191567810144     
     3110856591259868925867622622775768119038284423150585503432986094930221     
     6491008000000000000000000000000000000000000000000000000000000000000000     
     0000000000000000000000000000000000000000000000000000000000000000000000     
     0000000000000000000000000000000000000000000000000000000000000000000000     
     0000000000000000000000000000000000000000000000000000000000000000000000     
     0000000000000000000000000000000000000000000000000000000000000000000000     
     0000000000000000000000000000000000000000000000000000000000000000000000     
     0000000000000000000000000000000000000000000000000000000000000000000000     
     0000000000
