     3922215351985004513569019577632392090983516219518607326649035814434395     
     5048980610326515027890368597199881415596335516771467314551154968509319     
     6929924286685717746057972185500210620017330951906393734597322196154325     
     6911142550636736264641857359743290333889275200458406873392415760799163     
     8757895263333067252445986355581634584667605681409538842683532236614245     
     7545271817758958831484148504550566066192453267059162920229363067859396     
     4478519282402627581959494214314852477862990662990119929685946109723609     
     7699371627737179550303254697938942323140685179346225959984320796530584     
     1196004401977110465608368953216777107908395954900326183952154414936766     
     9233627877440524902571661892262842834785472428859014149208429773511717     
     7372448489574726756011867247285037867576397446098101364331262425464858     
     1908192737070546006460827629841178387458644618552795600862005863716179     
     6813148230814477663048198135402721632748793566833934480839046368552821     
     1599914778680258753414589733976764478969265917302274261103710854595252     
     4024912843414669052524855199623477715070663375835447630565932032545885     
     2876918437811027085772918693537538104573482005801222801271000009307351     
     6516331573712140546982606944581153959419991028998009522622491165281010     
     9087165016465585272558972995240686757790661024230676857626533832093901     
     8516754373835931009570934951476407739125387505217217876591432043319238     
     6070030085519394964908585960541863441897181866733081283971171145983684     
     0510076578997438883577951105823977744555367908607926298078589007496581     
     6388816264489394127254284584678695407794811619855110357364952830276720     
     4375052318264031048723625639786642446754384886189295892858344181825227     
     0236389580881593885023589287324180015628285571633905147032438081306357     
     2656894950322706574168611288582462052100931883004217031086920201855675     
     5670643744063390455720044640144222675292959433963058190290050456713476     
     6070471560917961994946666326936954752494771576779091691649171199128367     
     5241532271883389623714147396414171911319348195387339937490175737603009     
     5411659583472950356096914274507876165910968363388892235226269351377502     
     3915612299826667471113913435880556302077118476888635207609935422235624     
     0323151546726598291582319170422133260889330083512430840656660513757165     
     9871515982301156301452730810896606414197618447363676728090481132394356     
     6479371021045951648923533155904017277502590222568647553821863860011578     
     7825633558799945941475116767515257537024149494344703186690024661856293     
     2125618013710210909141245218142688343315826074535209768974735638121085     
     5659259811172419716519698349907135280831344257828435738083146430381100     
     2941609842316174652737951494069694073783595318965075490031984897086274     
     4498079119700997632244384505611368189352062806478437952639762487833397     
     6844055899757303047765502423632477778963356213612358105451845719620516     
     2242409461607430071849466278586945645275610812791444369340438930422677     
     6625237971835219662836806593617836980977844733219830194201179186856048     
     2915673846666878788830996561211301960584386132107617112396597759358255     
     2922021198695445921820040715943031750739352299946220365839264240234167     
     0598167599988027935276133996364635666140164024550441796105050121960828     
     8536500828822219356539343061578799151754097638022615699667466628581786     
     0041018863937049021957767115533777964299618420909640464336843577997222     
     3060813379401364985458610975672860010620694431333295920726741320179094     
     4763224366159634264605304757290026005173175625943700608183601821453693     
     3757212700013196379790334844206144008919346712938796015549069247569295     
     5752280703006452893311962963713861409956150353002450181414440802982749     
     1543092241078220477461197063521938195766951533797754445746357756942475     
     3695448351429319165523743718664016882230635250931452206909509432863089     
     1804227891749415306723945474585261805457327854519069067962155820175252     
     7920278657246244805297599258346702399816350194620360054831187811782961     
     5542404124995153515622100409244113737775228181567742482335215040924342     
     0800435320857420424843308974035299203822579568455275264231088151885294     
     7927368875355183981315831563131137175350057767849630773441439535854484     
     3218198899842135225752504799072536348074412687347496723030962400207647     
     8504990623944103498300873530679251283750670154986456571478732571725268     
     4253351158048614702571661725074361974668447474319318080966106508054981     
     6542761861535904057111350721853070258495263823607818190888750665918134     
     3028590535328229845389199731982301860795476110718182541820391870113330     
     7713085791282508029706961502743415186898583995965029452871631652538431     
     4369486765092382589010726737249377008785341993877792859209795350425093     
     9890622084744812305066364163730652079552840173480983352419493799229526     
     5883905074259214384027426179527512950540736136360406033149376145964789     
     2197379619678823282006398824670837339198247744254832685913019532844395     
     3893356741003163742580708605408082563870288828710135056747114217257098     
     9002729383198569804822249900489703823584193650506104050130467747968215     
     2641183251803514056578071121986383833768733421866236450782987351192256     
     8541310773195508001677519113740761181268047217904490982091804721137382     
     1707992851026890247665319475451748408428583472077849246285423587152984     
     4191458091836446320582783667357734043202738630332349650382061239916730     
     2699798304328853071540453928736856184376123027535015736169390963423664     
     1346564912447727931976991201340782329229980468598050077098950673004967     
     1902687032610552843450805614151365992116685920146827303398908472319962     
     3217041833731715718296329274189644045792410838289048070284292707701209     
     9261077229381996614356894277488289310032452985493234939264634766129466     
     6297952970587131541968540753572478160713329496553262201224907964629321     
     3535272498762865360403067840853392423701154186105931582886512511834633     
     2759575465791113866804810854129615849457432345446918239478176411749995     
     4230104382161531418951188277392838408976699522584131476795701310621878     
     2273535750914084153365515522242443078699893896242503667253150938260634     
     8166317100874454187256333015987460347349473186331153822567415625819224     
     6889867025723553607641798443608651610845368535949107108160784945941964     
     6227102460518275786834751488189328886755650764893414109119730091799078     
     8296521078028572059723319063741779194112578558641857125773325370534490     
     9455685524178043788672191712820165296320111887530564013072245549039710     
     2365317996723378917513661851044035463921578580348108393051792265906468     
     4852903836576943359318302342204572976683679138608511312908116871855484     
     7239801012824175674597501448177516828962041240685731307995552673023931     
     9367069070830251244440162880820228447463439021508536672167278165400586     
     7109074907184587176134639372984223754326043180148705476349987977320078     
     0214968648999600946994535829615064904698406341870898520373871664326848     
     3631215413836886462939245163064164240339332569431005305568510696907817     
     1222424651321930540054844663364371603051361726219400813391155918367351     
     2458329929354712179609420751343896169921105042401890777027224768882099     
     6325113774187713999941476099554944516478848564687691838485459972076176     
     8844146317531871533470636426641693750614632077045515809421500858743942     
     7911718612466474318135012042929437556063843269318420446973271642304061     
     6460083582988507146767354025907740287894920498351771675867262091860428     
     0478428516967306678275033019831559998568554924654179545419346487062439     
     5098583203787541436232738449182246444795514046919438052596550578490970     
     1172577476312161871551755395237601347989795024596508931591562567225500     
     8966176326867016529595079451590174708883887394883952464745400649847058     
     9370681108808546624406171788210106221043216196016547151953787764295029     
     1377777232239477365748408677233325766424605691016383885390340207560356     
     9175067789911446389406417492059455748849939501339831474574327370325400     
     5370564964117880009289166467464014484343630753515963755063743849078968     
     4182779635679981372416903584908461763115925236457496648955626195156693     
     5916494270737599424447934907933015627297257996343330617782384374094938     
     3568900388269336965428650711342224237900049961485990748239700806427584     
     9833174107489109583625553960459533039712180330733185546602932932920405     
     0532490183256157325065629516791951388801247030609375967124529608479370     
     7525559158274626761486406075605377115917282119660219065601791412094386     
     7709473468548263559409988696878868170748025828950143746907778914263372     
     2392820265200951719175137454605893187213154179701787424419148106007214     
     6321250362068436146434427834896255295423648685039951924754428220120182     
     8153615963371254385666620956977652808429369418573973258877941757224075     
     4289515532707988822894618042519654335550039237786723661009547576407097     
     2129446828753619291461655685008665550761047313029338961223069932327832     
     0983518877432230462943522717350436623194564010432820934171338969335116     
     1839667314306803009832177958100355318265644339621580795109002315296424     
     2225626260256572396708270535654590495011960219941259132475016719060793     
     7517971693988621248272383781566387346806801244649974268367994130729182     
     5851316289854787157996349113140591027611150358261337197509688034576917     
     1318643386823462672229487720335168639365041769041227770569922041225108     
     5471332919462317748900369380487070349056981372820179727501932909758158     
     0995447690170586968903340475112293379717026730697994178574842528613734     
     3706200099808018341395867408202190910016649818748544361557140731709019     
     3662406652539616260335587242673623813167781164110728753589782629416090     
     5244141060716189897031515520211699888194993405106011924086243460505701     
     3656070409110359199691040497941224141168923025258727338209808982883351     
     2027151633222467043695149128722231974991322089473972192606630842976835     
     6936167892963354395939085905209758156574409539348134876293363939104159     
     3136278208609073564434298849257125077083676389740970046495873675859181     
     4384685651093863587880564520438881114764875395309240320000000000000000     
     0000000000000000000000000000000000000000000000000000000000000000000000     
     0000000000000000000000000000000000000000000000000000000000000000000000     
     0000000000000000000000000000000000000000000000000000000000000000000000     
     0000000000000000000000000000000000000000000000000000000000000000000000     
     0000000000000000000000000000000000000000000000000000000000000000000000     
     0000000000000000000000000000000000000000000000000000000000000000000000     
     0000000000000000000000000000000000000000000000000000000000000000000000     
     0000000000000000000000000000000000000000000000000000000000000000000000     
     0000000000000000000000000000000000000000000000000000000000000000000000     
     0000000000000000000000000000000000000000000000000000000000000000000000     
     0000000000000000000000000000000000000000000000000000000000000000000000     
     00000000000000000000000000000000000000000000000000000
