     8805068153907702085913236976662188343119672078998949531927159187261259     
     8657780967740282394271885649393297109392205666802856493938923735252369     
     2560509381520277745380891129363903167528299240716932648105942991816569     
     8292182021255669642114078187940483021735912035576025653404715934394573     
     9603839800147476748775166408727625717367089928097003453736038914732589     
     3993846109934422626832311700590735897147704868788914040668853227271667     
     6129523145093831001051671916531621048595351242387347099003381763387773     
     5446006640930072798967379872655210072556543968753481149243251994743693     
     7977760015683754899458411009084896438939898731824749723132231627107061     
     5988985836780745786308237076669685659189579449951709645979873874934374     
     7254388683535964546550011971078937328872204493102785349773131046941521     
     4947595691539691177311447124566075965811853572346800859792712117359260     
     9906567246193983000152989011578868811262802918438596354757767846086721     
     5503297208269546690989357388098641488368466796402587677409518975972800     
     5492646679600217833996856352989941431676108457199827455048464830847385     
     1665183874678971792731696208735180839495356489931831931106611513954247     
     4794242744077375726904499837946533771908745784567605046265978037529579     
     1438007778216425195603643544393228512928703532685181071526272374007407     
     6958969838955867745691856238992914752805160962632900787239317387126903     
     4240600839542673896944951707178425605302583647152925816108318211208704     
     4713037195739561047369976643451909019507063867201775002276641076669942     
     5689505882083046908533343622294472552818115120785096476056445730397597     
     8512909110275562588865957874382729030794280739724238528442209552683156     
     3026653700073964476675749613037432842801678353299434794647323873862274     
     5428834717917623109847286668179302015321840004717205678059224278937693     
     7770846581223289516746393180626202786600605785351385472507675129018603     
     6257245043798416844421736141449952779529032830814859992494294388473417     
     5725806528690480101437758471026415104147241249462617552436590678314238     
     1751020156766750827159908224462470181445804402537277604624902632572549     
     7285052232875745502134121879858779793844961960388799809151425716396380     
     8610258356986030917229103337397654518379048178485778109216599077813293     
     2466757309162236913098396953859007448144663090646804828135965929716498     
     2588963401124161143049367241656470463090210490519736484074234435232134     
     5406897641230251832172533514682382933638610314619425749622462487066713     
     6569514361878044965646518842724052935457844575378082067191970484781332     
     0830528631097524626211056904619662687620677559904364726645973752605749     
     0265541332831153891753031205310017841268860361549613499568411898574819     
     2243115694261186379138208617644961296607965611885291928171411148867979     
     2467208713305470869295109334335097515349625479390808324319064363188592     
     5559508121151504744857294647338632047309467759262660077419078744561126     
     9493456807073806704733250538418781414958275244193982891346925959401946     
     0489050728081898582241100273035848511525965006844120397972122407883768     
     8169297079763658118325106111482770326374814315411800572211217209066658     
     3967684606151679879683838298930175719781936414197879750519197449655063     
     2773183347394702267807507877734220147088138665124089851122764640608874     
     7401673467432046750110079690569095923035466895662666975629248829505395     
     4850203182120645932809644237064329160755701435672709848615637858302972     
     1143644362639119106751837329656865770002076340937052731885606689753345     
     4916993493989680933644344603007284319124691486444224673578507143869833     
     7191227674235815740226627973755307309222054847096371585041498790243565     
     0748551249266161002072771526305537637214917545600958216270772463959998     
     1204420611298314286150377183477681397202629286496801113229230142153506     
     9929548307119675348270720342362472340017566486550229826332363186559683     
     1127203889856351978717056633964482516134992067426961057056992187047788     
     7837061025681505561479343733323429552840065589439592237591886619371780     
     2291749230804787370047312366036450869153001465587574649869376672303548     
     1531290008783179465672731320871736774289999168576987154155222034772516     
     3447337785963946962473040321467379157943920924520311447036615641071798     
     2381623709789971207641747248455493054083678886331593576074103579461462     
     7387762010655484471023687125097467587972405043541571244048282043249850     
     6535489825185086729015306774051228350787316106790260663692837452818378     
     3448238553819451378617726677384879499641235987617749756686785150966161     
     1322992343397638920792287645691966702772415367759455193956666381914544     
     6766442954946885125745458739387558504560029565943700688427147292956952     
     8050693416896012631411460487823978890628460766756907966815602726039031     
     3853597052039464084830429123563502348502299444724911301054549042921290     
     5149849637319315999220224623867324628110188474281501615390574625214544     
     8511631615309459081385957916678887906417842181706320218188548610528587     
     0657517703463121075655640398818224745622906863335027770333440253201930     
     3883168473615716871843046342288922738055196640998798744532300061590760     
     8404970347984442751236638039604128347124801951475205578361020364002018     
     8915831273489674734507918778318740202798858092155278431424209620299506     
     9627187935625869525054263215307208132032401995081627346063112143404095     
     4944546028554848624830130961014510574769568840268463829735340681699738     
     9880467786298731842627230974005533766783779075422969426993616342038759     
     8385342962193428549248813765302377945768418787230299797909925808506505     
     4700308566760334071284510882562589910485441660190106642358297979111106     
     3406011779833752343693881802988058284315464154498273757863813067478449     
     6007717768093029836634363131996199375452950119418933194095881623263557     
     8961838044825104533343159131340277386338215496918966065989654388530738     
     6573980292294217797725823995671404077389900781072178322988470437150728     
     8146539558599205862730615536426052681575560875960229193282714136715621     
     7031261420201043186730392336905991577025394457755856920593140169076847     
     7287142477147229456604180027407139359962543079394163970067379657295742     
     8170473451050383215003358357208471832362029765547310375361929896580230     
     0424992230646733240294404028275028433590359062004083539932584433664862     
     3718273934992697628832998287884028928423331859005931170662554596161930     
     7752513425772868262926445268036031261840144493339130666068265960307285     
     0114658636032079419207139555758894196906546032999391989329351660671978     
     0576000338882743970658636851938043934655797938097481876794669109955968     
     1779354159828380509800926166083995813078533001723235619975775975141655     
     1945716261607451089959845335275790939976027155765803190930351063006735     
     7887450173885340269723160596811293006583772403378137916021489497616119     
     7532728315343094286697425232121549113605890068883712854414904973856569     
     9271627592387752765108862427598581461551593568018475473280261206869250     
     6629004915568679152100693283289936562015944895138481089935829889059515     
     4067045192690875289210078091768869241369174436357168756316617099473951     
     2137608987685236577536233217144626966860473403810930487790850803482853     
     5096587304551803075853115754121973356139108055846049198428892813415185     
     6700804770073075777074381116553941626655619132088459796312484193868820     
     6727002729837924593815111276282194550663591377304086410060213583014259     
     6340345777014262251680592041307104476563159773129167560462052688593906     
     2315661402687375406489453735172407614911195187915271913234529329965535     
     0599331816679974579807758045570116215667835244808740922018674517787803     
     5567074329814743482691308114449753055263630746526433889946106322353195     
     4251850567614711181951288172620660925442188493009051675542138428934714     
     5511113244798758911879221596832152056110601772661390613595087721854742     
     9213348382699056061791339577998469170212538314288451018234390522727137     
     7490995302350199207013384000114483090344394835285288107024853192702697     
     1979399109307625944327441158420832209333693770792774419168182278989013     
     8721538469967070941224671995772783738520600908462851573575397054535659     
     6875002190630341757355159210698261835963709418188341134533370990062340     
     5411807992136665894881951907964850202248414506481738164728338848990725     
     8498769807638593594114942134523109085343762467634676198856294559511577     
     4107471765547419196589945381157984567890904345351403832037200064586512     
     9875508130430268057520701440000000000000000000000000000000000000000000     
     0000000000000000000000000000000000000000000000000000000000000000000000     
     0000000000000000000000000000000000000000000000000000000000000000000000     
     0000000000000000000000000000000000000000000000000000000000000000000000     
     0000000000000000000000000000000000000000000000000000000000000000000000     
     0000000000000000000000000000000000000000000000000000000000000000000000     
     0000000000000000000000000000000000000000000000000000000000000000000000     
     0000000000000000000000000000000000000000000000000000000000000000000000     
     0000000000000000000000000000000000000000000000000000000000000000000000     
     0000000000000000000000000000000000000000000000000000000000000000000000     
     000000000000000000000000000000000000000000000000000
