     3362358021847458479505645856403792103373271207374895342444130136079800     
     6743933158638213868240113838862665936494480520732575768979597650164798     
     4699159918919618054953914178554982831735619628828754068685029881215216     
     9530722483711622678973052786135801882648465911895784390077839608470103     
     7922565423008021926817657424210105840876933052587390138411617425092658     
     3870552324435083490646054074746111375448576522548563743634301225375053     
     3453377063382952699979004656405200892103124252816212382723438298301372     
     7355916997335896146368411627065670423472566685502130544058138282132692     
     0733242885887856078034216657591742900372380470672239450998570903702195     
     0228818587282556738085231572647808485651559976022484812441250163310286     
     5637956064910401374274273341784164558745632275744236785132994697857397     
     7908685423648937111338330189876464619180478311025987506945172952048540     
     4196519750787947056982368270629466048424796024401666201501275799937858     
     1381846583325143154979150856875937452193801042979747031276941136926441     
     5213252655734717821046722837798196884888495340228414561843387920022258     
     8174512435188610440923775020666760542385337582958377626716072610455462     
     7147383725017500094231595979299310803291333435925307279421996069749760     
     3705513772255101715530576552811284936446556605685742562375378520553648     
     2357389024384068579074885235801827157119080089623661511359647202783248     
     3320815908587215929203216568123922323420003114625039960837975621532453     
     7970602755121192473668260437039092513906087041108860499370307100712037     
     8110447523488583395085166735927618727697895077519445141647216422253669     
     2306758182371840520615454107779892234890339618747401565513250492405150     
     7635217025430759900253240764241793366529152156689910034121199386263200     
     5447562901672630794554051911697697933378281304015979118928724110534151     
     4596039466100396777414266966463981582037833025996919592274312007339521     
     7616860546564097887541804243498443573044932432780413530748905916974500     
     9918901181799234791468946059379550581151284408470299326478579609068973     
     7232355419243271882563195030703427756206278648119659569338547634322243     
     6105691317646016362451701564792773437565697458787879849814750290354519     
     1851950065323778940376374917598293431927625752131542642056685626275126     
     7944376913524566150185019717109114377762181660872203571153753490997605     
     2250496070934501920629297092749847679093671672223941991073231162657020     
     5793492359588431731703733751223744158451335849857047894532355583358845     
     5222365800825058567857681531991281556532696318515903287634648722749334     
     7119539669710223508409364644671907331762827047541897384570432263260187     
     4554868806694974655587922413393290758766242821286280266036502228101421     
     6412060167678966485208416057187999453769694228082932098971984200957590     
     7783119735047585093218390567831197671678037593113507535635329845067138     
     0948415105767827195292155218717330099136554882788260799386604790402293     
     5153684204129249561252896895352551831543880974069690643625213403661243     
     9003627717231588984582327606996684167370012954415049054421052907007712     
     1247248709974347224805218576841204614662506123118951737308528382502169     
     2414021196943335139456551476817099653450394483969640633704864982915516     
     2121438960178754901316602732132270209473015547042730101878634145385912     
     6413920539473613833076051590690259444821561674678776347022850284696746     
     4823494318953407415617748880595028367766099111143524003893236559529930     
     9038948509129176134687466721667067469523392316356570821734455215502841     
     5864960133067868382005783614914803341912135419296414924560405275933756     
     1647592521241750141631793949572706182419891297478106782080046056743342     
     3560162814483443896609393340043249590598171922868252509945207323512172     
     7667858349776416105600196703783068717498847173839981497535204621052025     
     0585045349292253917880484489006917058913907802611343287518406565585729     
     6370738700220517204254271985071987252797272919192411618541645778326125     
     4591623702816327021061371850411717871954882851632466468473839858638133     
     1895774778677054084846719825784745796936144319941794431038980591372677     
     0460984427964316236161771207793089404728947495892819589913431385063177     
     3642232474536424902270019422396933172566227647801446985049081638595980     
     4502051082219609060888727380729720288534839501425813832839325708026061     
     4926080840332679976440247888430562227986698031459285852711788173902789     
     9331463102606720764728420042599631217121921577617991395403777879619952     
     4646965598527894169881574652971584588181709972814561001313156926200495     
     2905783379013046631581386960809766097412658402523438031909234374059405     
     3826230834989813262452181783030121831759450512750876365519169602733592     
     9707158685162469073136446751972706285165819174991829492602218557019902     
     7952931712429382426444834489070090914799537574851668998614731830591422     
     5479344216833010123647280942470413119228377442191398407385642496170919     
     2708146580162637156144728719374075704957861833989761378359279900804093     
     3697961069018421064279195498447426409602736308907666051155066919314126     
     3912683670610902102352007406755413523973402852385006904101565596850025     
     7150613919090474401241578399841893407471887049242168202403532802753480     
     3813759505870343642545319280492287823323664060658604325259907120817205     
     0362303044264031377759730645049858252461959821060024930542415467127675     
     1069809893139533010232168824570920463393784069986787282772332554999363     
     3956881249065448592165872003288136388876160786949505228779433654728386     
     7109541983968844760109256834752205851059558679717030317544014893741314     
     7483541453909729845947203167935740048902868283578500203564430755719238     
     5606775339094220623130012782061181394792697703199226855110374499910429     
     7414142867521508740761526197808470453958139297868396526641113949856590     
     6749146163523369619185662467578158145359041662982012699831778508407714     
     2844635670713006383100341735830951684453401948358070329356876355648780     
     5722767356789697188324474500035921656403632857735259330782096477189742     
     6412646716251443426941571428057898257363711670544463626719356333633567     
     0289527109084227367602092794575464296640204750104930489491884864432112     
     6573782073411422111753801266878784510843741785385172866310725996447276     
     4829249062231798760132703787710165473111673355151153035531554796609623     
     9934285918748270220032735850056923163803031271556197607587301217395908     
     1070193219385980083834366628780408599472031550457568201178457893717660     
     2767508724937570510598421910400387516354957188333901091489297168963269     
     0837860798855769364460381627798852457686795271604119523355803035630955     
     6220546356845139590053974523336904674529754481656946971917036656881361     
     4782216820977384066246423564356292275325713709838404888460623333391247     
     0946865961099736462013845678084243927575407392191067947172393575986587     
     3588653286590822486275829341656827387562414066404031252064224018401220     
     0682206622239077570413232747109006816978864578673130999828925823364528     
     0144949017225990230676021739624653746906592748599551801753620718381196     
     6218836146689023356749496111857305280834472510920651044316147560480697     
     8413042909662699498876714811197765163130546296690048175799356448239736     
     1512855976357914063231245806558190665776774549902974999007595089050819     
     4235968665388089653153788873248341377027604912638268210425795375146824     
     0833410513764683675944037000322795300435442003853301764607615974245852     
     9270353592412936029715650013961452278056253246003718791351462997084158     
     7093451563464726193166854056011051116178385346138841490598727152866984     
     7084094046424973763827211743721880655075033546675108712386581438567776     
     5066044148689967255517085402066132206941160225822330381038986671859912     
     9110845624696302732494284711149969849212171558776675022800609301506553     
     5261109577180514722774440508611647701151786400227886023309119344995366     
     3575791099552976614459733196042840166353712028326209426482504709122187     
     6023533418472434416196585555574401950823213814029863986689260208048353     
     0225662924830541971048728532675071788600365756027619763620280467465720     
     4970368070316898070184159937765067793890157412527899297224558239197403     
     3433918387533793975845188547223775762268113380720475498989743566446606     
     5508284896339922676997267179893144931966350756398213422806255141568491     
     2615932199862241417180381349288669889204307264133415020079372749105268     
     0694307103667285436523850627314988181682001881215888961548356610590720     
     9077705283957921601814839909964624283478630338936844939818936139424442     
     8649480873453736849743229843694013215320237738032547047000317195923873     
     4916415237295756526015537511820623064104527195650397545071323867330810     
     2812150509523005111618234416723757231466589935513219575148508258238464     
     0000000000000000000000000000000000000000000000000000000000000000000000     
     0000000000000000000000000000000000000000000000000000000000000000000000     
     0000000000000000000000000000000000000000000000000000000000000000000000     
     0000000000000000000000000000000000000000000000000000000000000000000000     
     0000000000000000000000000000000000000000000000000000000000000000000000     
     0000000000000000000000000000000000000000000000000000000000000000000000     
     0000000000000000000000000000000000000000000000000000000000000000000000     
     0000000000000000000000000000000000000000000000000000000000000000000000     
     0000000000000000000000000000000000000000000000000000000000000000000000     
     0000000000000000000000000000000000000000000000000000000000000000000000     
     000000000000000000000000000000000000000000
