     9398764416875033956856983018014183616859287383042492262070460082607604     
     3290311326819961867540338196214508328579091840091123001148137256829296     
     3799993918746780937309859149863060256302522330982202815358392828367395     
     5864120620290817400953292669334231224822562875875369733747474464423360     
     2463414995991243331292955740538907335625501711390488918830117379186793     
     2934438864349485606260625222642548878799237236908772922699359121603008     
     9476827537182020246200293955817895950395692726525677842515904390116612     
     0620499469650360620408178751646328759367008953584915482964997164357701     
     4387757167506886970025422091679759545674816497584589334252520320658595     
     6703335349509262371498834271067196052730391085855765109649658733522064     
     4108329139541100415116089377607322091292190139310194233294028440362317     
     7951686305737300641264227844890210780735449770803107944763253165791875     
     1653638491919460522211217698457978124170190997820379795222722740529330     
     0604535339632644482943182971177632007283810044862618932676026072270016     
     1270252404330485986356291468261533802515015236830067338960566314367338     
     1782243194375469448549675492576195413168416457898570265121409133652777     
     0961661452598378103100462884528559153301049724494616389173115812784690     
     9249120057114336446772150272000000000000000000000000000000000000000000     
     0000000000000000000000000000000000000000000000000000000000000000000000     
     0000000000000000000000000000000
