     4534255818663294265055653169120768501076507956726430017931840182501741     
     6581747137708586559702217452083502832903030817467252169208175749768657     
     7923440012362738839146739082436197489652321410312010691180086422383756     
     9425693971913997725319977517847054684243165234963217092614572336456938     
     3485897893483605668911714717931152003047615596610418852268124089671848     
     6652115590903233383636122815133244453433246246475376287264721571385510     
     6775455561407047342826574499536537559384113630341322781085222230557398     
     0308654727917852990328652747058537956814285724482532326936257933990747     
     7129584739969740830676645548379838531738799943214592885633211340203476     
     5904233638914386648355414306205992508955366133352287754240662604247872     
     3672039418379501386997767709132218294820708779193052804620219942036651     
     6309561528204289014244106157485924190054279565453237900931847120119569     
     0005154803532633390936120380955957827454589401655002298583492140754253     
     7488799984556561572748050776542561221913691038683454421708583773940543     
     4092566232243246261213214232501814403872811171168196430435580615406816     
     8227076450926598712248024685092195233656497603786367488464902732699950     
     3052676433119595137244314384825690975682351026231876019546949762822878     
     6961915399615548957025985571040457682054664090037019439167731881719613     
     9985533159586999579806520916469101109849920080883019310828916012563354     
     5168901676258625903219125502595635718174360045497080114054520745059264     
     8366368049058877347269666924374039160985381619053034058263262835609415     
     7321826762302704436203989497047285826562614053171650859970140338867508     
     4547999457166767927125421546831904416329413335474407112399643439413416     
     4842980026010311797231249132005591496667109903369782324680968701028544     
     9796467056072278056918069428439623117264221954413719214617973887448898     
     2611539805530825079965789628538842359768194080363349645824406965840961     
     9998556663350976232735511079523481707376376921547318406845161489494035     
     1832572352429414647156414849371896576467796166678298433907690052400237     
     4002673952914644777818318612514062541027430671292874029064910974209372     
     0413297491202039389175535592770158903842743211866316211649637742384898     
     5401072739129735507742802194250732506388056736455190048232766802009665     
     2459993920359413389996619494152265808241740652809144907572383930437469     
     9752831898411735161296306234977164585372772958873935823793902473239994     
     0761503762954194853280824638914137672484739863574346998273036473344858     
     9924458703931062143324969074358303918574016465316265689534589407092604     
     1088075914817449490241177332604234201329431512616237177524743354249683     
     1432434458870832389190153428562391771629708708973069199501574052120918     
     2939812395108806289912126634104051286728355900033334337172578810087331     
     6877428640575508489513587409126914564117403033192594993874118187795889     
     2397540582163635586019001039268492856985065668154336085649098857299129     
     8257305165442808176482509270578845143579813868356952044951257385501327     
     4020670146809927494398971459469660495360212005133458121815698864273255     
     0614039787565390520598820555180603580092042201523138054426232796539661     
     8510445262669536991206765904383559638752126795102067140379619942584242     
     6810059467998756461052538052496644297547780493085494483361770295140442     
     2514663693444908077639230090300946003486166676739240892961287780098287     
     8641363745394898712025217760773706540053447417873672536171417056559269     
     1238241110471020988183535590232363057222539515163551815277438255481647     
     3841206954579235467895741255714613192310777103661188396614421062115542     
     9967211332781075092730887574867745879558384085380247396067651195835971     
     6771119739149307783757847662192656435663164995667853745413994864877765     
     8893526498304404967307338162247997472302764288162604178375144340115678     
     7100256370250980215968544674854517070627952262121266085205185829018334     
     1377695443857821158778866011385286876457235748652888085261016608155723     
     3199859142254779671574661543529582228355261987703471664331007326670359     
     0815547691438870313533747498238519530390319947905743773323547665114048     
     8337365216582285011074248775496822380926108582422751282234584481133996     
     1112203215089567826011301242488372201575998970384693268627500250626863     
     8991668416357112647449565105931490108488287685239992186497585919083902     
     9685614270895464193093433835523534375947430362617938671941867702805453     
     4204959010036925892852487835482628657767047597934855966767693230379093     
     7476562495451348693676049390302176419272175034841317597219914753790573     
     4155345091916577171892363779095303738065791436847549549344448695432267     
     8178750218355991081732773858167251794525318271790584814181186869022013     
     5948326246920886060270855328211898361020049485229207125906056988025734     
     3548322930201811748697981165560429056825356524430919524015882651459371     
     8554048781810302947950556195059887562719158595183073073337969314090385     
     4110122892515529264081892325483985152581235409893431947925717486358400     
     7794341427252594010794047056098228640227901873998906438485305087338460     
     0419152465239209629365456020600154087003230421988604415028246392497779     
     1465306223308832269047170185806352815178992599590075306557931957763360     
     6679597323244682921713704081599615455610529155238670225434284804410272     
     3879130892868967108071218850519611015734334132748291461281120433981584     
     5913846927659847734380408145043456027705838008294732028731805589264707     
     5316633747789555943377338471891799217968101546614193172911841330957616     
     9357988347103509664545706277645754635349040906393650121004891267058748     
     2877157241268130031548703360968619107172617585638017614518287970328355     
     7051070946230268214291679051661523540246869180434076587418059950529110     
     7256851519081094051276346441658983163343253072451751854467998360118549     
     9930308249939218356412835698012396671530672111547847967295517096571121     
     6128656171840359105102182051322100399359274419080607024844249098786602     
     0345888563968627486681706177511435034231883391653933402026670066717584     
     8138986902131019134754459481701163250937619993277465453282908673722551     
     3583954129507544809863059783919357034857493611602113522171291286984968     
     0445842680360441303748287859245647508753030257322168679514784259165328     
     2189105883699025880427967809532783721140515484579133170097174121981898     
     4041614580298651661175480640689056074923416688991442163928648219897275     
     0405318956095714313201380640090339806417937306692967034627428794764390     
     6319046678506873766925300932850924794231712406673589739113317027844705     
     9292456088013307416964539854323270506758725611993100800184718187621716     
     5199722078801789623751787475460417101629014830223824848200168652400669     
     9119442296147643602142324962198220043696315091580304304966912070349456     
     6773235349610303309679126571257495402684702140832472297095617834950458     
     7193220861349116685846051312071995239924781973920074557672048114595430     
     2900464089435668630176756629209487665136789873891103119266850641476211     
     9477850906507353762851265106833388059963405056296536016624553086269516     
     8368181958188934003437736018991292019338208644511493795720448214422752     
     8000111295045793743677056418332683052489824157038067157221895997483069     
     9109442654301937936138048650584717226427649275229415702944023313564720     
     5559066096165523673474169412982686744120841726852156651382328038977792     
     6054298056473866531496702775298599077448578759870711517736753027668828     
     2665324394447526784839370094162432418006733662252827798550341012349512     
     0092425371878886069891452441673256335245824679347161697960799217975169     
     0568628561377161116905623588892098575322494270837888785620087945286695     
     3566533371228630790543379307401233718781691049570263367821756525920950     
     1083896736825903487427074951255860717417201374972665730719009165422766     
     8945204619762293292746460227108624582547162717177269988456137683661857     
     8285464092145244527290873691121541068649555252656980340653814117857851     
     2385407791570196248949820466224552933283558263365013883660749718622743     
     1905391969240503386045238180321255666515253093213568351680955376915464     
     2834271891160058584855914620883723260524630002002693655733693802799773     
     9259129143976065952740290400688670929274435698760261748091010426486848     
     5542326581983376961489700931230439114239886646609985188785049246446174     
     8241076320928884829259071053819250139844950000494744926073107509235389     
     0250346589480613070878927552343963673115706793091982394231892971487186     
     5469185008090257500660066268297231510062922113398110548229081844733920     
     0636556894446750324618781338423890826703235959791765426000893150093773     
     9211641202397029518569024585786134101398941391678318557497121989489172     
     0295340752424173898699209051690986505381308089026348859466283452628951     
     5102277898355694750569951347292816152898298666249768328809377941532402     
     6847302249469376069058660310499496922166566441431824412910598497207195     
     9397040955489369987240579015961627456396234847265080136702745826641819     
     6250194932317159433724915752090529044379821811514356488027256567888031     
     9176660479969204345258696985343534192437768023812231901262384374085444     
     2177320911015525814401136250111259793202990810922807410850256261234953     
     4096452144640590101178745404790582032782292283378758056882537581421840     
     3548748032005298367644929366560849635777303576738564599570305694401575     
     1315586700190996777807267752787961594745846241836141679926129004833771     
     7937371847680183996428419193383834797069785967576227363321008066724922     
     3285574435261399976134349597799088396583615570838713996814696288857391     
     4624449720423683205061362284632304590417326417792968216195405097378435     
     6958874107259756597078785902590598554340394093818795825548015684354782     
     5554624571746038542775389667864982090935680222801080227928535369991005     
     7748166789410760890859113831579551416870116347695007606660196273903627     
     0732764639049983778456059188837003189315926802572594281705631628587428     
     8576733316716059223441351334791771956324020493557274982147734975273639     
     5057104838615303754564645062374349996618143606134842953960661653804661     
     3035244435075457296921609007993351395111268115141606816232538143291819     
     9979245634958665122946234022862887758964037699302274661734926630241692     
     6293216513382977505094608923250939942596704792279355333194807412471192     
     0601164467220959309992867100710422087088057241703557304838732311708127     
     9527468005754328197759034084787353352216009577360339603019305100323409     
     2912723620202426134259313434760034348038459632363936905456410596518283     
     8993956432293845459674664389547564025979935455126246652236794597855141     
     0295730026045725011741966924157250060206198145629300817926390921873505     
     2499592236192966034395869629822291677325558074998505763481004410558661     
     7584913279334165400789593793438333269001407905243242457749327891123214     
     4090089149211050034244506283041288519636940254936215310169109682528228     
     7298048895638000395579985779086056984473218740665684566242587045197489     
     6213070822291465000510317915179370578462824617565050063787140824010415     
     1870538639147206564874681053107793842928947443605514165968751544680623     
     4593101872142815048386910596108431877745718290161057275020063281723380     
     4872292495157219942178011370643255619483564018773249754220723248021463     
     7163479114385784498595740468885452027587139957813086651521670597479288     
     7363460562276064672367406260671484092841898925911512752722512481758182     
     7855385403467921765525478021045126950728933082149336730089894999966048     
     6573999400479398585886138210033375651973858083637896509621304057118716     
     6246408155238874902600452572163242250810230255843793473885833372490007     
     5010338689213277895915859837196501979529225255950545444021052861122157     
     0608727671167658905696427026946996142353342727994730026322579833957163     
     7239715864432422634784560049048686251617634873940410139836973119014406     
     9477610466059758088155607160456220802134024672644882830436433169372183     
     5035948062422070206959506483170278323477759717739826408261323540579620     
     9556488274398538075625613025955893875715667094008904103224069941577228     
     9220198588760130008244151672673648938417469745387245673900615952220462     
     0466007012271192147350523183547651045874353708953861111154380854822811     
     7185108941841935967550676785528030086754619324412745016912200856561793     
     3503835650183427758945002451614732943723027035058400414789921411223755     
     7430332087431897530463759958621419897844059432463618340723178981457343     
     0324823755925722265202837423438795781253780743926232274724411030984125     
     3659247634999000598685789884050813733287498495981659427489908934300934     
     3933108603612591263646812496556995000389112200335578596342345606582490     
     7063634186035472161397323061200692277122379721453398974714693072214508     
     4544683581773121035237055199151642232717015308394802107152808854309135     
     6474588295893486022916386319063103685856622850834869987023688407107821     
     1056327694721357947423771235680030122000638943302960070658826654015908     
     3859188661269755207392471359313328030447652680062302353594580995646428     
     6272473435964247337842693953892062441987232727666932977451874212807562     
     1832098183723266762210172379424263760843950892580781081679367380884689     
     8070760739537996135878455788236672920670655720740107412412597983998623     
     8142635970944063071847020847978077694851349782754379182234846063963236     
     0130360034717745082618367619839197510971758959142930543885913461195185     
     0725837733501497381313998089239266874281732313478091342949704145270870     
     6831719606031034037714256423516038135996144135618871446357986355748793     
     0957203659355475863655996796072100973583169903725454476375095724882178     
     5400420322060711849027004718728471489437030740246315435447631567652306     
     2320984525741414249600895032097009677103925091173939814650707807626934     
     4241418283480462231954271330994168350076707478133668051322103198884970     
     3115417802880394589326140731067343141998705380447158270991182372034360     
     9701486645584987745785672730509186766414263246431024286928548043334213     
     3853003935465418309942805470847745450482656982306853717550644431419375     
     2044802763159730439866979595160621494685752767164668465876858356616308     
     6541288684030290181686137690408943885718697210873314600561366114128201     
     4250651463677917262766090924270460411304456005263241921401245322986420     
     0194617759774015861524019844013110735910453859611674577478722261070816     
     9180256875300380169579095600729983639788114497083952231271756786762906     
     1981973966137829710929447002103696741520948444911081919391570893126593     
     1221993604173797975612890458492936763919816050805373537952825321611913     
     9308892959236107030521187373899446346482158788998964175663859372577012     
     5119625368484891011510932912275485065556248068867119953045930844836141     
     1713970660199281053377543664204069444770996281884676333308992188123419     
     0207254746541135982695495043259881842707205693947878649220658576137448     
     6016232825964676846867153630858656773573108865713087117241494159897257     
     9330948936983418580884961133500428304185400956842881808782139849551725     
     9132873559343244702699127515715664218400074139334380849496271497648307     
     4883547107524942975498485726511177701757662784028743181368144310136131     
     5494087117285592032991191504416664063621966303657874968013785907056991     
     9550048127946902917463198413255023522741916491639067830858551470638831     
     5514826408432620261067931385728820276065425267625372131545025743349466     
     4030353869482181396173946521577133230361901233785571327053905260724044     
     9246975268344985102884104590474915827943966649989981920065807624558629     
     5301859608417587031978166201513775708157507275302229623204434128234726     
     3423698915383226046878881394260338853643197219309025592697308620022395     
     7148930918297066549176595641943803131356589356412218883301579810274087     
     2305927849920023431510490422845070045001102599100872731294087436015717     
     2205032393450584916715008448907865483648031462721403654212151064691886     
     9909255911670407193911888475703856468576318057387600037060446684066472     
     3230122324526716342046243345413633156231877586768260239706556323240229     
     3147573529246311937287234938912912963915029115424115401966090311123109     
     4404580390057901687227266179124828737221012083776512124257653940493800     
     2448472248866966038682962475209084485366152997198505081086932794691548     
     6269741105935632450437598833838251951380109837851726753657948078693193     
     1430761499350260466473098980117889447157623539432216870912723408328680     
     9492008608062977490072212669928009815852537928373546032220938629000973     
     5445746310889845278822067984686749041690369591685532603712684245978565     
     1755202974864506416509791958783499928444130267485440815591003354195831     
     4305623423149516355520875723898178320445453770974047737713436919184169     
     3917102328770599082582984071522133521416914257400200989153927105474256     
     2232317239899299768695452514872370824904223583967568304974997874843209     
     9955933945109711534669478183795012320447275869565674749016932531402327     
     5374108448355503443775182806241608678535046030596088999498078504762956     
     5926243444603274689372809380485200077072785507981014986596367085426905     
     9277960447731112598166038144193079402165258198317826369785908887819406     
     3843187803336826597330574640767339676815911709091366031999400477900487     
     0265505258992799125275374592908630836075830770286503977855377817369736     
     7473600078646461355286508754828590567468353843310230219216270761125717     
     2949376714378796857520752074541832604006858056131089197034178474804010     
     2584524594149792951208653852408086253654931435490373056023314274845639     
     3196254762901486099555478132446612698453109402691615460498000204405768     
     6935586321193476603932258949352404363441715099835305366544531633413533     
     5195887936620188246777120980944576758046060583666346751236522311656075     
     7958434651712523345924019988519146620215846433028225100427155863317511     
     3981241391774350329722575784825214483147421406937733682900709156782402     
     4370011207776805967347485477575858273042348322605358735947162882949339     
     2831855821961914983252495612472749853048744767650367445294529746034361     
     3535042255138877387393440560664893145493890443353879248677529676643445     
     6555026606552006712341650274375876743876244412268591918600337089314157     
     3724946831000169883295604266327339952407783127143995741437764283382975     
     9817884845435049206443282403984599241951517325176788219288610546082463     
     0310986523490910601749979685131713857476513276076201160133290236184790     
     2977544155437579225668167841822813540684082505527020034240605621539340     
     9498391177472427567810712404334427050479939627695097649444030364453596     
     2467664859537933222696971921389255579926528000000000000000000000000000     
     0000000000000000000000000000000000000000000000000000000000000000000000     
     0000000000000000000000000000000000000000000000000000000000000000000000     
     0000000000000000000000000000000000000000000000000000000000000000000000     
     0000000000000000000000000000000000000000000000000000000000000000000000     
     0000000000000000000000000000000000000000000000000000000000000000000000     
     0000000000000000000000000000000000000000000000000000000000000000000000     
     0000000000000000000000000000000000000000000000000000000000000000000000     
     0000000000000000000000000000000000000000000000000000000000000000000000     
     0000000000000000000000000000000000000000000000000000000000000000000000     
     0000000000000000000000000000000000000000000000000000000000000000000000     
     0000000000000000000000000000000000000000000000000000000000000000000000     
     0000000000000000000000000000000000000000000000000000000000000000000000     
     0000000000000000000000000000000000000000000000000000000000000000000000     
     0000000000000000000000000000000000000000000000000000000000000000000000     
     0000000000000000000000000000000000000000000000000000000000000000000000     
     0000000000000000000000000000000000000000000000000000000000000000000000     
     0000000000000000000000000000000000000000000000000000000000000000000000     
     0000000000000000000000000000000000000000000000000000000000000000000000     
     0000000000000000000000000000000000000000000000000000000000000000000000     
     0000000000000000000000000000000000000000000000000000000000000000000000     
     000000
