     9169290846389196969956957383763627975041370645266056821978306085353631     
     1579321716621907789251826728665461826419683018983221592645257214441488     
     6992894053699616278779685288805310686712145348996726924827056059142822     
     4676623281424910035704175598209263216405731243776223225293834250695042     
     6225275206069330316907705365185640224905481474572705383245566836712262     
     8566406774275908041991649429376918219018764399984970080959386730934449     
     9143180331093578053889627413545977164613625686251366123831436764925169     
     8025325982496406135601829050970823044215205304322901583197970051292061     
     0127408108702014934226733592326806259837351586311998337944578464162094     
     1326225484486107181067503426673905551358557506476784762075092738672900     
     5858427875227563572528901645644738239330845599481985816312518911393496     
     6256990511913625043316440420792200703561026469083163923304134198384654     
     0509391061716478880608820661734790775134819331835953384848135797979770     
     8667621298767516821137002962030254896896597594232233333614285106810037     
     9775289776591547627852879166994655024366341423780665993481814750629606     
     5703694034127802365087137392692363109658158493979706737283303830731146     
     1329044837761627886444837685969430515428222616182546400438070176506323     
     8897114513769793276333649829349101243706523656957231065120183877214545     
     7666484544955894350321226519610844657903782190436005114515739067655258     
     2492981300259166614487764272432516004179167388926666830490638078026015     
     2711918232050680147115478335502095208318760592895838303330033667578510     
     3500376929129778585124719665016770893717394204104653719139493008903174     
     5435636362884509768343267224504224687508327151437156145923352847273221     
     9471006827406271483476502398252953890715443552575668610911958012651728     
     1662729721532305520893637075997821028257680845623442390494778842688673     
     8099925962598435872929789932358190768871640479947910655649808219686493     
     1817815577117267693764439245145662099502609144538944107919868949297170     
     2544729205191489551212001155653802846734717897585187991780065155907346     
     1919073058992153055260883151645695834417466882827414602865085434716735     
     4319756285087472012130579705810404955442033767117750793976023807696624     
     8945552787613606741157287089013932337219745005757465354110952999981787     
     3845078987358121821699125081889466857748029641744358233623699721770617     
     6457081477489036080849365469479674892467041700026618899416441237475404     
     7238308645966973962406566400521404083840499401547470891725846879420385     
     1161216393164166609027355468452911105504316040389481186610129218481015     
     5340072943229964047513534854033909440492286901737966547376145880230929     
     7097505694053880709133422418538494431910358948182420685251419183082272     
     1335366070853091429714891091966584156841778147721496493585408640390477     
     7629653255086791149146405760206787807187158482534826215722075727774891     
     8981377999860691002372024431696949970711082027058336234684579913971194     
     6980303322711993183681448238911253143241546314332024606479433708375856     
     5970067991078941362720894479716930864722175260942465773165981510819068     
     8815672234486758068607458017483964339169061809130370380768530863418753     
     6879405772412636948397128754177470074335233164299346811842945094242440     
     1765280892733667168286384888788027215377375970148660692061450017852325     
     3065184999411695453732994409219740002959522443350417555516184279234815     
     6114628820789535356460942093941160178748499448201592643316228242461410     
     8769514951762267535724442682485662328386740049101889765976356790662133     
     6437151541545964693255455353270815882387083501262587895638249394635425     
     9070339657251820811575266851628049487149425614701574496935783085308315     
     7197383681899394295466390959950305151185274507263633562211382377199476     
     3524379045601047044656548098776592536711882334805125381886203526521857     
     2739229997793270784201940163445909874153186000357722916713252484691667     
     6598099009912654926338840586182722621459125314036013637641644129718069     
     8215443500963169698219992435503637097092947496111199073704135577338650     
     9314589473020079980604688973394725261859974661925771884672705210212564     
     8053856736507461913846555244865142333122923882882861737611603197005931     
     5988824747268156623222006107513385055895749246452264760869219783985563     
     3417693998021475375938256898580175197151139050837974885400445983314359     
     0035051290135947191805129408263656411674455607927327351913437877251445     
     8752648004175404484883433628666250946245315042120999033376046083070951     
     0192863990431939246197863154510965074997213221039084576556189855957059     
     6595538849219800642917260352959689322479948081903021697253307787058038     
     4164379820217904017672792152981967808890962773791633859236519592570349     
     4678850894956264612133992154572644790256531509521020383422186211793781     
     2049116720853815703726408345702831754383497324559827896638424704191810     
     1859278171218110542943394642066855103743175748467448023202913983719618     
     1072937384726129802128286598002607277738590357351562655269922679494985     
     3058337616812215580062216530616522758055884866794908779394522010490299     
     6129876779544266376636584034512000124251951928245321603454412083792702     
     1779294967086045335352289830739358894206961187909262307401749453935708     
     2024335873654015649748454037069246307989482978298989061998361478712299     
     9837503711050775087698880789901743017214389638032079749924707408774016     
     4865598475478316878660775819343147479031881480575724510458235416040570     
     0592157590319698231884566245765240367777464805202225169938120580367384     
     5026598346039891790547650415420545901996359892253045920703634870005529     
     0130158224840258131310456821880702517465761580900740245176441963105676     
     0279420712662013264755002963498032360387782647036943663153268566312399     
     5135117667693686031684956195187821886305615450019102135611244295226209     
     9382116547971410240740457006782203593023420993591511743312688364548949     
     5754775435348240174479870828397432068838236322623133509894727555901084     
     8071933176870724808316501777093215280273862131108717082849878643942776     
     9671320044619148350878316746088268811743070177000395660318281690242618     
     9580821401430223011362764883679869148161772522407259505009741164880128     
     0780120601438007561244892212088863298076488385156735374261249447017235     
     3260477878658404196490306670709414887066144386343667171618048202015294     
     0790102239323637381406243522200497266373329452906299747341720797173362     
     8268588088750176338859839086942327181150640449854693950941715073219827     
     5186923121214296944052229900595752711323378297522785433817582298806907     
     3503780464106250144219217811338277477434010258696254933400014167849802     
     6653626370469677553186504347685396141970015078740764570270438085237366     
     8650992334047965045795858986486364588516668680445548139683083008266832     
     1866066949808503916131244821142433582411943086808871444925465850170201     
     4165594711105137883260354338685538091082511071569276932123477123068780     
     4296362817065474097494878067143790113642503106082469011305792313862631     
     6509772480839917621468006298246867753252710286786360169709664405796816     
     1968371204692284237765406545117257605435749779065921560381692419519432     
     0740435722427166807681316830843342986790245415209299278627885270261559     
     0163038177875022284048711587720539120283893746095039465926985661265478     
     6797174336597979288938234877576853695818504074208683202496607915843186     
     7342995939682607842908750680159876585166203940452570194079470038757318     
     6844081254940377235072379269352622259443705670264320635613906177067930     
     4413056344663537175644277861284855114680733457117862758112822632576711     
     6000381433065442002475889734267331438513002703030375711682054637210750     
     8690357558088009507233127379029668728185182549480129934322473301178997     
     4630999955998203881790283505566971156190157328943584382049560256174040     
     8892188100976822149633639425722996403126077390409906460527537143446224     
     4649760539815751246711052593644775695629140867042828726226354926890980     
     1974994872591304895714890895040021064669570038832487784913500104367422     
     3243017609789970828513484848127888461950056028471463047917439802545538     
     9377894726956434343119734252519823162594268643856297902257148015009592     
     9933855940473078735168473026705473287024183990463836793260502540183573     
     4412064351331507445963656080121136625712682249382854275687963457330881     
     2342770419904728583090560316205305386179505129356014193172498041772130     
     9863495544050317204738984867511763741616344425547340277565269212477772     
     9180973214380507514162579247875115737039285702597629513641952675842139     
     7591280493384190103502284917397995586570345859523460110693748193547498     
     6373646368033935498425570770563289185294329050096742114739980042584924     
     4829583253813609521790636905667988257477796173278717019966621174374888     
     1508835787913244474546029678953306052600002505470751208165706275127364     
     8314461757558820859546685531864414157223113978376796355810192293875312     
     7470587632701586743119431524734918249279782463445577185955354667122416     
     1196873604258350252084893121473751912671954695651533271167160399394401     
     7564086405679342386423657230644484895843319318573010501963301911762078     
     6971875872009567330212921191080543867274028071238397963142493788427030     
     0431071661961694923635362434747099751193761678116948286770515348681765     
     0607343466007415299489242221770593642748092423806695120629128884946507     
     5443007331998956010181739652574713716763155429008104631887723681115411     
     8853069940565013806189012185322226516255535361150918196021204256254279     
     4311379916467025238027368355795546112171081428790055383574851265054430     
     9904168656843547916666618775432639214932823706386253718778995075501883     
     5632401523900330380149233376330086551389553004620104140773252604490579     
     9947092292391337520016945199995645899592288964505578111784326708238661     
     9230191449683599661619316371588837223531984610848255493307614333826817     
     9988810657916976498013604967113766223000978716962086976546966904025643     
     1646416948730096825420091545793188741593188855708069310048650751296841     
     0488921519732068755720621063857220129682595936514986859354256186171713     
     3912109521743891980339686768470028014225273814264179243629227792190269     
     8194446059931413404296595744027390337283669862382505968415232601590336     
     5564043875212487382416992141902175246221316681100707833634650277052576     
     3728931199243946076456780071612563332980467254085631963237486773166280     
     2059131443763910892391321166549100111391619389897432050431873181844719     
     3244490077260165437979625861864316178237389142399507968450455384686746     
     6191508615758442423510345537591805208414777734084223741004997455701466     
     7267724226705984025907537371740415536257099345444369164093345043694537     
     4540367609545899385574324414934430723723056315287835944029261033188067     
     5267459196240025302331384085913393656161762073883747048459840266969227     
     5896972046827377398267729718648206664344799419446894319782513770282172     
     3899062887708728497877355649344923080493920539215581439490823183368346     
     6575102484305736923736282701167495733131761802084892983674844168212531     
     0867474604661997655333877571153160554922990265959064061607897204912178     
     4759587114987139147775708516163447221497871264190455749617265786811325     
     0945786169295077313934700091680784267766688378546564039071500908188729     
     9810566199183899779813932869440874542060927367502959676437559430412800     
     7818580994239636206056632238206140180836352273829360639265521006976917     
     6758160799800353597225028824776447606749581627129484530829464688045999     
     9224935560602093386511415902442173306544420226594577238091662181724591     
     5059596938720439203322331808327482084115566084929994367452752118473060     
     0285313945957537405563148278295030341681828444230285667825423675098293     
     4121338028562331721812829297059105433267720542356367638357901005687325     
     0499000435130349717652136789135126337657490233911156108476700714233262     
     8160708057555739256178703958002737680382797939917958985638817412948147     
     2008361607760876968552488151673708535029186645101860870958374059981876     
     8201244097469679425107328806952607035584916055859440531422228461619726     
     4827247910305569190438446345913430995466231097214558874802023975504259     
     0872558477600055925058244682578645327112681116482672094648452607007326     
     6471597095024575318401732070406100018917917069655073214549903488101838     
     6501539781567288024304267136663214445978426163612949924260636662151984     
     5567806016897795228809234292790761590594245879820323219372305759811387     
     3269674816849861513171980604917692244333369897316074899240612400599042     
     3777689115779951469189885859140844628845606837719490403833528002199441     
     7787760379503974631369451352142905463597993850462938045701597524345586     
     5566556013081131415133346610588763888145229202341546595953692079902024     
     5061458027735144151813292635017817486984446311231409535727798697561320     
     2740700449262105376927803593325497074594623531876359284697346169446148     
     4418143853445848586199222497401970375012957974473137451159454891471355     
     4972600713561159316045681024378477412979474392087785859548988060246829     
     1091813921393698691562437372341851296016671538414057437408501119373595     
     7464650470464181908245625778040703804870772213324472167282221100512294     
     0562740755915193264594383451636791648386925308660901940876403898978866     
     3159024392075460771731571297105588038265877004105439591952954154465423     
     9125740433240493137504475006876149795108001790122753270042710516305652     
     9244072265899997067039738477039667562604250052876023724079169559489579     
     7237722146815555004164685851415629999512804796329216036947948850678650     
     9630426878847407576241867201629773992074861534831049010610903917461078     
     0366282846884819995701463395266844908192700258071436230283220242439555     
     2257665939967238954571671682821038309394658080284937582804931819205036     
     2549434353011110205211346050909470889106425164966976951856093334282329     
     2086948037289844337942207361988534922142713396754747266510142646028141     
     6998510043777702762133182159480981124793418693138862788085853225746432     
     0000000000000000000000000000000000000000000000000000000000000000000000     
     0000000000000000000000000000000000000000000000000000000000000000000000     
     0000000000000000000000000000000000000000000000000000000000000000000000     
     0000000000000000000000000000000000000000000000000000000000000000000000     
     0000000000000000000000000000000000000000000000000000000000000000000000     
     0000000000000000000000000000000000000000000000000000000000000000000000     
     0000000000000000000000000000000000000000000000000000000000000000000000     
     0000000000000000000000000000000000000000000000000000000000000000000000     
     0000000000000000000000000000000000000000000000000000000000000000000000     
     0000000000000000000000000000000000000000000000000000000000000000000000     
     0000000000000000000000000000000000000000000000000000000000000000000000     
     0000000000000000000000000000000000000000000000000000000000000000000000     
     0000000000000000000000000000000000000000000000000000000000000000000000     
     0000000000000000000000000000000000000000000000000000000000000000000000     
     0000000000000000000000000000000000000000000000000000000000000000000000     
     00000000000000000000000000000000000000000000000000000000000000000000
