     7803019396418109670749835934800040105723943770373208703399325747239667     
     0638272179141117802934475394226002164644216644923930930542069974053352     
     9828443589112978094315790589459115326726585869546644590908033098153851     
     7231508405464310604378293099291229890521388932930957179890246861692968     
     3649298725789878591044607288580929317186557370329623751243356733667202     
     2631132172394927379718554144858216145432627533050575069768224634069083     
     2255601313194083567077195771008774467562535210991662941513310630521141     
     5534808238214119354487138896428346416620362562285626346755450802268665     
     2096106294985733166343382741204598232191740006115120381344621454099472     
     7517072850281583390895632649773474510740410379010953063337096640138821     
     6218108038303959082870681823622298165890145706215264744515400093699682     
     8867567690980674705602666907472420819186380161990644490680163494011932     
     6953626104432673400634423359502572784291749286881950877303493859390000     
     5193635961505511874095737089524282287181004287361183030648712876831410     
     3158506722934736540499576237686159292393026624492152037090070050539804     
     3154052577940607631605461850727528918498782471435470355709178426510297     
     6812353506504018922069306372422042799856444605012939945052823196186767     
     1902073503714638709802999886156065797348018055886010130170092306234514     
     7010664744865053765810145919175522369397470781837347149552194548192480     
     8830053284616592128647476922020434305806499872746360355681243516361473     
     0855653311130219426570655986015161129200010293054908937885833367227611     
     3154396616037967357520836791917741222194535036761172734453147238057493     
     3809671127174298211097616147818115042139722773031799356420052723865513     
     6517406365400691604284604845773791330376289049391859575615875632242440     
     7097515891451331313091023800682323477309669201657477248145598744182670     
     1983945393432781651547862106815553655017774734689523256258224071982357     
     6655603572048984460998051952229007006356892481491678624694893810650123     
     7904954406401340035100878716927600322584974894794804248826473130173023     
     4799177792882685436219597006520988894437439076151384625745145483537874     
     3173779575914582777988931069508064658567342309756802353615450586127512     
     3297781240589431025975766677001341218145931789266792020274017605977997     
     5316345131376985545797353346447452048890810615568632494411964198714833     
     3739639693359029358483191617555335658740439390537837278371270000828135     
     0363744292988014370688595248054200172932704271906213058054912758208691     
     3375176191942109380168805421592896145041713510515495660707036535938207     
     1399563720716902512665655073536026606391572535966437831137575236900215     
     1974115919972077365945392888678820451427823751011433044070565151530349     
     8967636467865010729125745333611060068091393974354597916847504277962677     
     0487989463924458778901252823396153394107247545572609993304026911021649     
     1710148253441155890473627126238117673242634540512742598390240465670284     
     3833296095096492115534999152826400404104598236992441273046229744165869     
     9116815129948096261922043029535054640935595413022601779162325260035004     
     0652345799634303518689881545805116166347928162613449359605018108279516     
     7795895544911674738365417806561583626553072071116102320038246665301001     
     5956567555565606194735777205681435712326998368638864797275563569418099     
     3909328108951649375667557171881716609925999916981384199625643975055510     
     3420234463747658468481183427777711156436933291813532578441646150433612     
     1064154696962239781363873994154778140588176184111189337325080180262015     
     9407738701527473049159341884250615828406484555263074160932824143353719     
     2683279174597708562677247395622298020068078516325310802466858334510435     
     6741158057995812126065862186744805980816925775209978305537055294644656     
     6348667228650684703177648076154494395245419746455168643084328969847477     
     7226865557917593999696022944527417709171203642415872077174044871151794     
     3606650158493342016651189756518333818511037998572951066985967202267039     
     2003511809184880733986705243941174377448108850077955071770471775459656     
     3247488426809196250171158069375764933492890959053734582058845825326883     
     2282514752893102626261248658470743161469247797099494483980065008796825     
     8547486172934994354914786465564823661252810424096778474325036697571588     
     2748575162868279809371838330473729431999089951345932736679469758514659     
     3327770589640781801056779352414447791909011385603543648156524690528843     
     6898473643602061173637093575629404987284115530261774580206282400966312     
     3205593667987611880760654824284288412001158599072352521851187366038124     
     2388270117325422241615210134418992334221904134185064882718412291242381     
     0471362747750822534749353191638662399220092962465568035647383543879836     
     1408140291265494011107382506173587283767560913459007344399523346142548     
     7886267715992957978621586302713968268195387966922871231631216384190629     
     0259390697604636909357367336307547300980098808502592693407077090725652     
     4807199358064383630335740903404621222013924443460240288634347052783307     
     6513180890817531028951238075086312396228533818119617879660769767003663     
     1615393949653379694065155350178364105601313013537492931604521613279833     
     6683454781959108400707048577455892102733424161050016736745262011285867     
     5752740829304685725252296875999468026869421370304612439392098608873767     
     1790107071986097011089535139454784020589088293893169052838518854871418     
     3528582851710103340263591611604288186571067792898048758532296888366798     
     9112048427476801546515659682983814274581092453457932967134906646473266     
     9098281570684802863948199518451110274260804988567552000000000000000000     
     0000000000000000000000000000000000000000000000000000000000000000000000     
     0000000000000000000000000000000000000000000000000000000000000000000000     
     0000000000000000000000000000000000000000000000000000000000000000000000     
     0000000000000000000000000000000000000000000000000000000000000000000000     
     0000000000000000000000000000000000000000000000000000000000000000000000     
     0000000000000000000000000000000000000000000000000000000000000000000000     
     00000000000000000000000000000000000000000000000000000000000000000
