     3413540783326464641488478020739939592943798181425967583805728061852498     
     9652011628690259704104242973242251633270361153391291923003453266519159     
     3774927163289859143854404537568592516810412781160953102670248549508921     
     5892278592667257552120658003697744099372441123470125761638932496979055     
     9183680402534172257660509631336986371919515782561288016628972790564128     
     1075612314953032671538486101838381270644162331251978965762708409882202     
     3131268982785049269053503051142825713781995055746346229395739778725094     
     3180370477555799890300955274901369633500722539133267167467857239595240     
     6958766896412017656010145726204702605849684275911630396737852102712309     
     5697903277544459039960476175279084840335457760719105282553682261559852     
     9947714763769280700724673564897166040467918539006613384974806349740859     
     0181949253497710552632901150841609450107659338426982158457781937438164     
     6897009578595177487660118553318489745194590943979508185257266953878031     
     9575088909523438411685701385355129324027058750823526694414348808346487     
     7769373704938261218249964984967134323840143373935952925027819072840300     
     1642465434692345043540266117724376600831525291681392133910501735566103     
     4102498308610166017140576457677082826568385440755819054139189420522488     
     3836062275424195429352020342362801463158768496329399306042231245536031     
     6818668236797607741207458335470955274744860472198910848468989384906683     
     5859167668138553216668842248729208028500551980064285566254786439330663     
     3234627246742744328067675581851281367487619978483725646713826167967016     
     9925077498611027276981577651954077976812255096078385467778630221704124     
     0635729262289708641576363559462306582422097834569645137372910202906167     
     2012380171168556858804759205753406600268970975558784841083209735638775     
     8209712965290383060704428033266557694613106716602366398460807706441540     
     2837556947149517446549871457553800289470989935799026390835361045675999     
     0641488381699422620476226909489966942578999385773033221837940235137838     
     1626963224999090609614851493519956675320477579119550443650266431231301     
     1155622399978997354566430797128709487432291014695611441601218311798680     
     1397440706995886231523945917715625145291107721156914780677527529069633     
     5170696434291544688799587104760757350812202276319416434571314815169498     
     6010425204521286551482854773068110849464650296636576655849006472362043     
     4264138082066989645043106808312015456973456345405567078718126902871755     
     6974716308476440047108215111543410724066797682748193060095347556652630     
     6384544456541694041377989642584742413255683455936630503634951043178317     
     0832730816356605095590828204344816455606657621478276289859519095451397     
     8556958603644224125197000094573451006214322636155213121586935513039428     
     4782905706246549111891312324813657616881009181407698788880928283696229     
     9137747256818829168955476989220224938163996446814391455494068224007875     
     4703405830041858527215251722259787817206082670395551008953056942106673     
     3736269531994370359985499397103474152183098437128549721563510675896623     
     0923974599609592710379865117992951674912346899807538681171622721509569     
     0368438899274939365235862767717245729891263595024561269258518511531514     
     2846377751266710400940534018829549977935237455664316681430294903746579     
     2084104578649027712624646483621380174726143065159621747905539725141091     
     7756191469603929874559351201837988141258074813029038087632828754089897     
     8827114216333789398725467319624871111795648205756892515997513143947263     
     0572211329296169820821229294594456173502718161554695946590100774827560     
     6169047580680662321033324772911373618061704549880159907234831698168909     
     6009054357839211438083595062212994165705774014055737503442181615618356     
     2382695271150358918065281441149829352213175203642587336545526987605325     
     1118204695747084513266853195059907258538798408945563194079650177188233     
     5406744592532336192641704337739577994096780927121135215537545211606078     
     3091353049314326105004473514168097844276595527340711914126763589260088     
     1011167021237116531811156788738848158843809415924116819346547744788541     
     1896450150495915119132507476124335302909982847822181764612356516611682     
     1297847824306925532445872270491942877455198189730646401969987174724764     
     6514918302972062085144946112145204839030370319185951753093172407369329     
     5115737884654609459626587692280727987810476588656275148310006572516694     
     1622447253843746843687200249191194979257276620855792382514083646952313     
     3009506021741595501830004822557630409750765583293554989004660508836659     
     6704875742856765840651693933083940114720577737725211712868374011144565     
     4720847614886930450918573945077851419611965128034882550579100389039772     
     5606422129646264781799414196398957961323036875138076175477793817361714     
     7382910632233676130466999198593411737946702299014310653049951658334916     
     3707284789916173271662372759192600389815553702996983466522101573227854     
     1453354816353928868962208188074277304987437857364939007921953594495939     
     0834917814818964100781690789981425287225974509931428955950531259314877     
     6668465084347624194483577708105065701886025803546710199148091621550242     
     5591912303619224319261568542672077254629153001632928611391881940086235     
     6488694017999211987368944241342253444491897052847486513164150051739480     
     5037074319999853855176657107997341149370338108084251782251215454780687     
     5957603337996655605508019267014706113915314390186284788798979296093036     
     0091947059648152875440109091567121048225748007346721653522544084897942     
     2023304285451443960603956937050286320506612551789335983337729439407441     
     2448849376437871516201633549211133069336761976060545043552109984149263     
     7308652348215394043226403111350344213116230970391661775121475883735819     
     4674643068385530134562765806199858710165084148101504466592580113768027     
     9201473394884840572242311860636586353289220917327559222811217673171821     
     2888189308695183656941042879156290085438184293254054398907123680974134     
     0348473819236440429676435437959891345395469937911021713521766927115375     
     1044797821107821015967336667603885452524602240578857975841467741793011     
     8510010964219647229073039659978038621239181117971740135853900092476238     
     4136793941981935127806986601618008078455941122584386027700186750241794     
     4771843012872162195841279783360299782906296931917537294510093687642573     
     8632286724256179374703846967321663049646082439855050807276141511699310     
     6232217182584759856226423933365727233010557789120682159235289903654961     
     4980620844476680374801265485951438847778352604305128050658396836208948     
     8146319976774557287436284252908358794080901246145309384041711056410684     
     4112050217122041259303175122511635743402423960641064130333693378499265     
     2267582089618819606366735772017327842697552286316716527046627640584600     
     5690407704398143484535204103549281438272483725510176405293768413032373     
     8865114047311834164474331579737339844667533481182027330454419958623952     
     1147369369777629588691152110702754435458606359760844039705774115921324     
     7843634424579763269926033241793752753841086461752782900848264885666360     
     8138907212368039133355413092721957021209723383296895151473083855970021     
     9009414393461297264082968511570768827200835165039946083355661867429555     
     7591043141852734291607271025977902107714237640236282523667358461748289     
     4198447840285975137974390493074023209867066121783378931481510214351357     
     1952138948578246769011543443374973254802770570226910003796220309937727     
     0608511404228008518691972860985591868109133782360076512252895074420021     
     8987760316389630975604530459096354856497095639040000000000000000000000     
     0000000000000000000000000000000000000000000000000000000000000000000000     
     0000000000000000000000000000000000000000000000000000000000000000000000     
     0000000000000000000000000000000000000000000000000000000000000000000000     
     0000000000000000000000000000000000000000000000000000000000000000000000     
     0000000000000000000000000000000000000000000000000000000000000000000000     
     0000000000000000000000000000000000000000000000000000000000000000000000     
     0000000000000000000000000000000000000000000000000000000000000000000000     
     0000000000000000000000000000000000000000000000000000000000000000000000     
     000000000000000000000000000000000000000000000000000000000000000000
