     6244221252665424021850506773576279847629768636649476625435846922864429     
     3555929936074508729179012275462778994750037801753999604711049475270059     
     2049251345412232123230031809335696861848273650528553032204377379071877     
     5622605757373622413557046358210586587996469766698316620461999956745506     
     7702539545128552249506422548334997584868520994405549771334321727253486     
     9248948429469276508347551573899039807782620121550835546206107668029145     
     7102216205126988181540475542217056692838094402826052925291629108501546     
     4200223304916584446879015332351206270515592919049671505225423123115866     
     8441725242530826074922206303792182616805400598735475156292538609360485     
     5731550315950455112663562808797493494989262621633368053385953395880265     
     3662420354869719112123273741009126506584598433043148746334365097488775     
     2627787095708105607069654390380278237158255731963221429212842663041057     
     3936080898404108101745070157019594945738942839613013931390684513229549     
     3069636389399934899176429375832094635752016969063356793241298343298794     
     7940903628778147558288239979397957408195527991117797371411568964669988     
     5555428197009185324844234757421571439068341853657629258875404450151351     
     4348619989409685933201435705430728003250161089211503897392720435588927     
     0366435809477549806772480175450243456000010505772278616403378770048670     
     1792395481073562068364780831882530114655307221002240532870507542230972     
     0812334596264027064011879551192443238625472799831915627244532328521314     
     5784050948178945291325907364998237961016791259022055740100674871187498     
     1792887911927551847551143108417246773292991383682749972581663097514907     
     0143057075098078799746342278537745047827097071674641768793163157625653     
     3407457537057625209400797452088435165395871945244155578772116775083655     
     8583713534769908365322819317034856314189596164242573431988315963392765     
     3544006808938581086969454937827839169189658456789050253346606927871006     
     7678896374146136671281249083239336405706441930541845750936678920827948     
     0442114022403997561179030113547919167078824319112726678456466793080960     
     5835968066174066927232521660976833493178666914157338468219594834569575     
     9847245938022710588390213562176859753316821673703797465471256000769029     
     5098730914099116754050722354144609668956759085530310777133487560204245     
     5617498630169065840159655702476510726372352425607067970856027352102939     
     0112506168624822155493572747558703849733521457747879355523078845942444     
     7114478100432607027496982356809634849141691666335089441583314654050844     
     5553481508061901783603516054023679094378093662285310440478691833008284     
     3443366422631442261470610716809203354852585294598851167231939184172033     
     6184609762875938591655181845309394843971775049442745602373727247450028     
     6878369569729230863832939196605257508431624712563582961914431525814855     
     5381407847197835969377053809968480733021915163084816624420737116477158     
     6162652618724815801751897025588728941516976462767179021519534883481769     
     2508339292663936246777560810042421776303477713488772402145677770689068     
     5034681855923025189478943072893477063465604087792956484305326603800657     
     0038760847873697901021104064852861970870181415659143634417420549437078     
     7574742036068594300052289928796478389628641423380216454773366329523975     
     9628436188508896024244308366466540760058765904952036101964436872245109     
     3950633765412589639559111691768859823269543734809381476064581238105949     
     8030264090748331725938351031151489595685477106613623592291847293961580     
     4896783283781230672036445399406846951692952957659992789910350135707393     
     7195567280792661740589943585688060287912176718631643896753412795653568     
     6635629321081269191793985834802220159571478271523567663712926958890557     
     7094896061051660928569401401342702270818185933857845913914514215846761     
     0972936430260858879868289068672769397180497335856025937900355772161165     
     0409006307043505870330352943430660624975480890207304711112765438025633     
     1420683924337551117672656100349459025261724270129420733077334497993274     
     9298028726868667504577805492351232006337271064750799798953233763472079     
     5581123314283102922669868232228889916400659262013458201417187026019298     
     4783807095134079339392838188648709086542711609545964781539042257870389     
     1119895933729641215362827213039634952367933065748313668237352035739253     
     1396245283718724035507796866008157984800196020341612884495035598062344     
     5610452115889535893071562150690888022909005840890292778084737141008928     
     8296965297433226638737286506918403865807828866265450253542395744216799     
     3740137452051796548838567910357745739816608841844021068745651854682706     
     7785369664173134086309245226503688450494975996704522674343655474956509     
     6590189299030211102394989819363746955465390689874448770438061829615471     
     0160385039391622633513250120373348857774146278157577341623766390269679     
     9548281652177698722054588031675277662128282642793199795154839025407033     
     4815568553868367773392762613666294927593604150407165084943667195193411     
     1287792291614519369767952725817158189284331260756715276915190919202356     
     2687915240929417047773778868525682490291504010910354634845856626663198     
     9628172360811909393674282399217267674178269761564587189709570020168563     
     7012342131659095999992348756134258233667437432657089543956422618121774     
     2883178655284383540006694712104523885661822150412062850281073815560990     
     5915414855475084982782236957572427751006047438027633511737070080146173     
     6076985682494594231503019800629124023159826975868003041112982535753052     
     1225520018220445262844093398080961353697990330695118111103330427374552     
     5738072862476819966188414629920061858925855329597338182337870319833692     
     9622833323815848397370329782444219726944023512616743766023256064242934     
     0263769623288878063603805617194875823683304170444528438361552991089593     
     3291144695322032603768772907156466936900727194183005431454822315971098     
     5913779913531548260346231483739413555884329740222907795810660032725982     
     1706453315376747186259136925511772277780417735093212504432175549605688     
     2894835872763891862892320270291998688045155739130111315125736121124500     
     6650168334222380288766460558778228207559621778413210223365028953187841     
     5516711581122926665756473944760135952004719407569473059071207431084474     
     6183928607805227812547862024736168239225227362296429489233425897095060     
     5304339801984277204237930571511438818944847915162803161039409018106479     
     9589626928648315918386264870376688335050672667626533794059523952145455     
     4558888234648750723581727166829745859310791104850979165194583579483447     
     6328539018427185178150817663206400697174069501946469902190268641481604     
     7885414799652218945613801417194186349271612463659667421813794178101153     
     3765230359455007389168131936287462837534829793637517696751726555212504     
     9880424591021615203198624811464207056827149742182980385641344505249949     
     1845821675747116742514052214442834706931025204766450121475464150329288     
     5000609836373076250764516169588878042054780987582664260229184475689295     
     6848709669493086724963700256637945426006241899368977045838004748886958     
     9251990853556681473347137185477865378482299351817337986496645306609299     
     4846865715165623417139520146207444876045706781552609977173732783707420     
     1868047931253817954788392187996393075139500835843132626394374464090947     
     9470284442377720241916535547071429456882227665214154493841496952978607     
     7861103285246794719641191758424768632604512202342625870273024474286772     
     3392832526509961472973526198474032825730892305417347135433879984989558     
     7198744572620299047321324301209910693529089511591652806023015779406266     
     6771795180975406771535347536986102548890877519475342204298666647839312     
     5276986415239348107273159186343566659853668399170135220507929743585833     
     1890017711347839141192233989660513542445649117941935067278709864690458     
     4926212000301844432665024551599234685070844516883257945608638622577699     
     1730379502993642917723615070458639061689711533136338838965943166031376     
     2625202374028052057452115766443959908208571288818262333689740645771892     
     7013675684699977690072397445827644969394851302022444958204084505724458     
     4752220787732245944058386491137464301070602483190832789553240949376511     
     8008678147249651305493555930210131344671442392452286731131654684476705     
     3946539148482729328363299467456292479468195351019900588252979893685716     
     7934983849809802292483267517914678697880342554562930690389025828172344     
     8379058032954617228632709558525369303296694989368147233720269266974808     
     4153951485454642590507092460512911602542543972657163592820437825959209     
     3146386339013424945359601358515634847872994550131140079301613811281749     
     8860574072863629549151117135254160178951909324945667098809873952992408     
     9209672397375903043832393448810793407035452827844165408831183945843614     
     2054235527498870304726969567734467987836962012173436210826069495545063     
     1573078624690930797220969719177650730995912724375935854982153998403042     
     9482651285597123808069126857934277307877461208769900901048379803938868     
     1625866808023414714157161037875404644540902055108630533762993497597298     
     8445625046390685536203486926795043173020510811342942542226424359330667     
     0557417220785681973190063536343666827869597849878992732835846045037675     
     4497391231182313362285685381361496291626987830083006888626969629215886     
     9969247041435911154345943991978710760766682810040994383024897986354390     
     8317087282002809190936925209167031124720582192149881565745433775404965     
     6960527989135453673457256465537369100809844894867376536252977109920340     
     2770902614218554311826009824682775245510110856581640326036797555950784     
     8416404358872291926363840177889031458065062132831126933735749079673788     
     1081791272822825706740803981565049202645616096389529930676111931637317     
     6175938675437185471435767505207263384694025525352099787536578369834103     
     6773802336223473834628633594733005121263515015957612634068556631327710     
     5104677124715176497307095953661854287442430345657609113282690043990789     
     6990712899415414111821088807536432465232590670822123322098489125606487     
     2186491764648073038750249464000512543558195545371537256685551587619294     
     5886242330165763241666550341255027637951327598406979586400398649749223     
     4489921982892241170081641732258862560111245945740998233614162345357219     
     5720889763420334540724770509440717257996196780624749435821573348951738     
     1096442892803084482598380681971219044504236743465593411794830733870484     
     2933451814604181439690104043403966884570475859490930977017925845776247     
     5058306978145882171482882064062710125448109272822600401694287945199743     
     8887739678541207815980925810360527438948468473896279750416619696612726     
     4999093784535315695837198487266456927886792299639767954786030052841576     
     2220262301143525826307548561659656125408450149428252340640356821817659     
     1549113942832400621280447740120322931351700746869264340315366879533163     
     5155055409769750975803176004632628289457398306861274319237221421647790     
     3215733226291408678503475811954426870908853149273255149820100238627308     
     2155544298404077726654346605338896425487024832230676857620634484807143     
     5157656013576930172549025105345433301674077806768138104805691332479588     
     0411957908188728114876582732529900062907233710685705309609663113395326     
     6524279891299267052496048015659287563304591374176043871088058912572549     
     5942101940198949088651938930977844448360229375485650127904830222155413     
     0474458645992880971609391571190677227159095001950848770479557577262170     
     8865580907204009409753929492005741011072020325846527382175021611924065     
     3234247079192166400000000000000000000000000000000000000000000000000000     
     0000000000000000000000000000000000000000000000000000000000000000000000     
     0000000000000000000000000000000000000000000000000000000000000000000000     
     0000000000000000000000000000000000000000000000000000000000000000000000     
     0000000000000000000000000000000000000000000000000000000000000000000000     
     0000000000000000000000000000000000000000000000000000000000000000000000     
     0000000000000000000000000000000000000000000000000000000000000000000000     
     0000000000000000000000000000000000000000000000000000000000000000000000     
     0000000000000000000000000000000000000000000000000000000000000000000000     
     0000000000000000000000000000000000000000000000000000000000000000000000     
     0000000000000000000000000000000000000000000000000000000000000000000000     
     0000000000000000000000000000000000000000000000000000000000000000000000     
     0000000000000000000000000000000000000000000000000000000000000000000000     
     000000000000000000000000000000000000000000000
