     7722151311736354007145731415020930545165708852480064072103003271993533     
     9294063139799412052044522556743977651961564547761322697442387802029870     
     2388861358180680378354776157665981830016271821757131613600380739177970     
     5089978010933035301592956097207380037825291147971642754914697588011486     
     0481918815363608538775514123710883888324125775475489685876042998099232     
     7312495930012234883021006396959460552553367165151255120820577914307114     
     5677049128631723197310604820829991682423691101544895774538757927619915     
     1471136317760667167975391232353576185360821670539606140338042761484425     
     5104874860695324253375414463489858316881767093504914197837410114071384     
     0846980054828847187514599145283655581272704930230428548220139321291605     
     2704349422953603827136863031998147081672059731581318437970020951909947     
     9325345387956987028943315258114238995297317758030962632847521002118893     
     2758567983744946302235457100341619985457378647688866299849986057380466     
     3354641003816405753083447160042576593619892940985445395013136383537381     
     0842922741883649766518301894313413893199457308374486550038023769968719     
     1858067535656244902368802386821812847138594052392988007695946021629804     
     4818515833911135506579831917199864204243439412652319497304979651935824     
     6120330251241872148145874935265073207922029405050568869133648154585024     
     0096214136715310076661768843179790791208754592362299343488170644053008     
     9743763795984928534219245236739723242476775213776949874349084517559335     
     4584671823999948160426692816103707000462145957909458854204193694025060     
     7501549508311025759992995902913754630170621463231072217490240125817421     
     6781231773132793047081923820711712004835243851118038272207528637648080     
     6402737127209028294877644948833553944420045039778789524570497482213369     
     9064618300071654187858888832238269184914136650004408024811825255729740     
     4599671133776022741520256803805877914628283675706980774108490715503039     
     5800496641344474583005750732075983416959091085168799778107026983152601     
     5855751312690233002920397213513742394381551528308691993027668704580068     
     6706556627881784064275790321946169268942461960924024898054877584978178     
     5423654865214268602409378178707407253568716069315875658861589537609877     
     3152125007520259052138239816284601405306173772389338119848221863991999     
     1278952903245020273767857050624960194057862934582990129261822385014586     
     4306470574472727114350507666724437379052629013488848827437065221033831     
     4250986359036538192697850073596795548817155743108295638957123648380005     
     2760378258514230727604702532836258822963248615075331285397211180311680     
     6020255609197073285412410230121425374341654739074175715564410875659604     
     5732121120839740565690124446465846306931439230721858823497481343266532     
     5338291499926226766324196337029954404883134557208843615902438088900934     
     3313237520663216628863393993428889798029838848064708232681436392251780     
     1349451783525223644024038617796426867881725215602953476771181077534952     
     5563080071792458015851096011484871637880909481509776854308241591442553     
     8213488225666024389727928243084128242870385684105243620017340774391594     
     2516165913873105729985343714792271615109252869979733969842965896146809     
     8964058557736656531169205073054191045494553032691218991590661673252133     
     8478316413434650612832359414314604490591272367616844456341188973590770     
     4816859419201954549719157701738165692793543615635426790751090359822912     
     2915222725497736258729902322971832764260578837956876689502175612045790     
     2258857791796830466654193573843120562493570688177209579313611506391912     
     7036900447981097023064129189215902797696274127276252639275635244826357     
     2573566251787361924280598890016957420718908600910569217447156776811229     
     8733041973607216117363334785236390452339576355947844089918746210574213     
     3721437180792956983050898045000637146132052379082104838536974739958334     
     1481364928684020314326045688019523667985387229133829853390664900687902     
     2355303968049230977501679561402920918206440856494112896430640552822927     
     3679405084707206965204850421773050046670166955088630488803104016430760     
     5984746235368711115820744357181626675413646940780082919253636695698537     
     7173571506593452158804668240417878570125345418658293306499412502698690     
     8018923442315094281909204389869881978114646189088324079126086288007530     
     9058650261572916186591507307420277942610821713486377333826629411925167     
     2387308575045944441046222564061048462459046274327800494882162800829441     
     5451392000188698621454424024703524947380790318177721755804965932450512     
     4992498963755342017216053104780551160361814263035057892780889726197493     
     0300238772640593958595545186215765538222211424569036844012560171329886     
     3242241421914906551225973684978820195876098217664792603370668125407647     
     3198014070007341817460810761411200377984818304180782388639694581388581     
     9551438355752223867812043846177795635359702636250288384168872392462631     
     9010924430076224550367131289924142332444120395784967452202911271719064     
     1057298200206115889581992273858679046061537467716025569830448764785846     
     8817266577871954949031972551025450819746947913048630426558611355320646     
     6650568963075893639040113065320105340987967394891406121000704559144468     
     1094241737305405232711601262419158790149163286034662411850909590531991     
     6119094410226548901304801625618578592395551030261941324905804120368955     
     4417522929218070992497916282557873521060344236032771350888562856768360     
     9583770991696826296535705932325437420126350537685682630430285599736987     
     9774772044282146235101196552368565023011531812036854499462910774495028     
     3454405894117563398903369345328019266100100112104398582644610429005258     
     4593580525392349268894490472534454409225478200050629734779606517974405     
     0079729760722560963356934975649715041601687005507230505291374505642476     
     6600198194592522655031940564660699905520686997112520959854500025341810     
     9464780938248970672149535248709610476740483812661945237931277186787537     
     6983350405728952039727999623770751380843528742139416594301509859031097     
     9545629758497602441506008252406028902793229063370752015227424873938553     
     0443681280819478051125442474598503065881603566634878263793476535792288     
     2891323964816273591144284111875462106804391270285921087489079469502674     
     6728754699727015328253456755989956474070102240008957501107958821394217     
     8821041879760059713360751049826920188822105788936419458632533316744215     
     3792370716990978677662107075555541836045499290047411186884133791877790     
     9327488706822170681038220944756333434101790699879481964199714576969135     
     3760950761237682409446343362230728036785853754446573627775598889722997     
     2564496630623236279178842043209256175418606296736841793593135520797125     
     4715159142172028768870373666054171075055488932178959802669818444543496     
     5061680080520862798246965435515339385059628050709155136732051605119554     
     0997450823708398077837774973799222830237017392894865876498246166736555     
     2660445489421313574449598046313021365269675980130140009656643654955128     
     4642434521510869039358056712499250063155747490745682732076371868276149     
     6504685625577162230625240094500156343457466482287597260315108526447181     
     7408384583178928118568659526096512656832601306540981150601241866596732     
     7956017717494809148255638013304162546970902010913073705261900114421011     
     8971338663930495665650976002709586413235194620816864123180077537286283     
     1015198233344061844811354907413865349298208646308037420557206375395783     
     7777429564209951252524352295310261070956647764736016471140881106962556     
     4255505805873213039946522149325886894482430571891784865233863157152507     
     1741576057969491755275179994262258081885257394343544055300077607514930     
     9770717788317985608731344684304933408043203739192650722476262359518805     
     2442503147370019530190783691453093861304733602895321615377935628930714     
     8779582159600449001552065240938775894665400422768726426157551799271417     
     7153679816825135016792326538300994239438303037288621581933848625698445     
     4921642945120189218174898811669972789852207150706164671604900015310274     
     7373489278732948386434020164538161813629403854701605552797707415864620     
     5745215142960244395185909336048691250786876245835369005085714752446824     
     0538603398830944735240770870843862194354547546597651066538815691368766     
     6038758353032895541640473471018990693301148192427120196836897055194382     
     2758482956687170741602642458382402854955726204023885078162571254081261     
     9306603328729720926293199105040126269071527447377566880043264691782802     
     4248353735678504781119712153619954985345812220098534284001875271883408     
     5708565901811088977723408422066702293812006782883834524276237208065627     
     2632738418390953427728029445014642887793790245651629870776332259080467     
     5964435359410217316537230413155355447953593725808601390369290804862034     
     0673091304979473842904882786765527988410564392364522100864252978666565     
     6057154655928478525678329629842360400950863645617039838759937497249246     
     2469873648081765873288276763068123876478883903726957186692790879012520     
     7054325879240096338880898122959088397476354606673251515236183335817858     
     6062759987238070258001300595191034148695191657342844135594562570598973     
     5691056040664215909982874410819046729716875694478806313539466350444774     
     8778956110854608706015043195384857436767587803968707395587448185855095     
     5903630159615267451280719610258653184000000000000000000000000000000000     
     0000000000000000000000000000000000000000000000000000000000000000000000     
     0000000000000000000000000000000000000000000000000000000000000000000000     
     0000000000000000000000000000000000000000000000000000000000000000000000     
     0000000000000000000000000000000000000000000000000000000000000000000000     
     0000000000000000000000000000000000000000000000000000000000000000000000     
     0000000000000000000000000000000000000000000000000000000000000000000000     
     0000000000000000000000000000000000000000000000000000000000000000000000     
     0000000000000000000000000000000000000000000000000000000000000000000000     
     0000000000000000000000000000000000000000000000000000000000000000000000     
     0000000000000000000000000000000000000000000000000000000000000000000000     
     0000000000000000000000000000000000000000000
