     8616801442810612367319060690374469577280964479146182572817077815328545     
     6442001406091778452069367564493405825176513638690171025535065051976777     
     1494146213241934375440393015922537555897936374638879825807430477903203     
     9771367371927032805572736090582645824053405061636211797452254273555994     
     0490155975161054470652393680567275918523278353021055163740484097285394     
     1665895453380779639024041137359040116456516985223984962693924624950686     
     6446843130221848226359489554554332839930260577046940028517644170452914     
     5321479193370129885405649040139905050628590787639182972963735323556684     
     9928436697612158473396347652608316714311381107922726781032498820156552     
     9166542621649830124011723286762158706722876828112227322956215460055359     
     2984293750584174902646755637937683301754111688179486280092502753508446     
     3474711633007906361863383152240471728015769131023293918608011516016923     
     2894238577127435377663331856671767674383199789843524522736843427751443     
     4941027518797435013004216897475128193635733629281574715003742064693530     
     8327301056606515867669888871020251645458052731208652833498187081939140     
     2559411328787558060841495173531459104902155678879770461350871678762924     
     6357365156633857977828421995104814249628457507050821798267401767635455     
     5232917455479790215075676850012352019896343192467888099312868923916161     
     8248696948715950617927152532628051767455560055117145830152126109877795     
     9406908425069135198111230803741809588977691117241039388826105527784617     
     2256962118726162708425484060737993482133424607536802705107892216338428     
     1577531671743398091810890049930798094991388396516874529850354884609462     
     5156311032247409050731717262814056108678886863305874081923321909429346     
     6184721103076776371545688301529273470855472584426614816681415433329712     
     8731332259986504843326376196022370303811102474808840412382870857931320     
     9010141471187791882983405017732867294981706515765487126273617637721238     
     6951951117371597841292503663723850697323438653974690259709583661145292     
     5115443911104850688531620738436849544775370547128502885881651969375673     
     2821366794210624510074852160083893969855780113521279894029814252900132     
     0744068576240995598251582773250420314941627474447712871960984481284417     
     1696753541335046687283129219938293349100489983203138053092721535808482     
     5617796838783945288510521217419980802967445484441260172226940427413721     
     9296266397054802559107597506194182214771415003213855806114516741093073     
     1437210679234910425344250605097323445062860954870909909931696682725909     
     2039632587308563473078562623806456705148171075064526960044107554236058     
     0816900356417927950482977572335310963441453626058979210583310815165962     
     1104567653413698447226369343782601972178559338290150714489448372051471     
     0547012474372328458088919690698616846079697339499356908287072842679090     
     2079126803033802410549845444321774503039480933661294536704006547058547     
     1051633987087917548442334525106046624766641333024137343218062468510599     
     3173979692000713196056912008840822693243065556191900323077888452769134     
     6933623785919945367815835280273365679037580359369880043520239224604031     
     4578192123945929849481851876700362622272511615225787361714034612839589     
     2008806507033460019838500613544123145312325872821399732526174245581225     
     6555799398932552069044300425436973266304839593945168222697211316246378     
     2131633721813749689313847143264821723165021098450811576990909613741680     
     4194915565996787570368258193818920584514345136757180088951173146153234     
     6137221636883393369696422033270612579072137803766866176355412915077424     
     5602405319623158493354591458529412683728503091995610771902253804989493     
     6382650385231254509312513890600150241096442945154144897560504743828997     
     0692276815243540859065647583254429196434948139514157717701841709324794     
     1620505896907984518667510916675430815793925508227041282198982875287340     
     1056025653122846474837564068555375779865537598972681292973587922555751     
     1429189569203628793510206244964501493882772107010734198330477573195546     
     5193810654492499506195951579370706735897207065335318461133489330212196     
     3261846083853510753917196866253135793228171417154328600273066591605635     
     7113280843174101497727251596133531443865238511323142040220905237019957     
     7947211485735903252085828238845334821627919941715120001493809485545637     
     9160104270436804453936264189563088821082906633804229391715759660832546     
     3648501958686909868535317869885892889125355654070672413318661967518621     
     5751274229426900861358184616230466015106910051443465356319929472849022     
     5895863061133734443267467191305811787108983707837942894359200318020233     
     4202182261576012622327200498106849032833445077068914472957312081481237     
     8369161345310958059986003663442943263922013136934425255644902643217483     
     1381935021519228578895327852743456773081655168098381085597914639691969     
     3261636373066375225075799791914487556665403584559576621809285735804420     
     3929029679607263608571840879288630359507116678601619134114863756538628     
     6941681404372496090132712983769002938932579152874045782913570370246312     
     5442963763693756321199249040369095682564625743575688529479923941099795     
     0641048800014202366541537322442553494156903172435069027941144143651377     
     5497003917233656003829865544567246796073200458705714108501926171890946     
     0975533561979388173357802584919188733266672036933826904894861831647731     
     6237101390183296977638910838277756832713071322600351774575918189090660     
     8103025242314808431617040428640435137510612805535997524132859667082840     
     7058318392590582122702310359188143253506088145234726965794816614607391     
     9582135104236791882197066870680862683425939017169160576818792100296528     
     2470890775266147885210548520373422821242463063568010666461583488136337     
     5461473621239791875693294307904653589101211837131149053836706318492353     
     6821592332869869247162913767689236000963928999493994807516577580190511     
     9680638199074426137779918130574118938166995742491831422694721760139272     
     9433329159278335440191871715617828410650156093455360648579775474163218     
     6724727034690103891329799449513483054356704394930606395574122645984966     
     3267003414260393932160478952054721121152234369644319590762185051630263     
     2240384210298727836916183947169008189017966763261595546156163370889638     
     0824720255011367324572921612589538153051750796606494569866358062017756     
     8447821662494424768156802053134161932195707967906521697030643093934513     
     4017515823382919815470608395298834351849085650938333624883836977828983     
     7754652898512557218056632674785531277627832866116881794059250939831174     
     7516636887279067247341601111508513025261789514154916026803148542623019     
     6190553305602710670907069690706900739345988572363995433861165003141975     
     2042100204069847023475979639213628779454487419583799879878761723568643     
     9672380203063222925787901864733205532427825595500165551922635841564998     
     8408603109908848178370132366802335004025738652072052944478826969851107     
     5551029297787395354176523831775795713126905149726190594910155780778321     
     7970917287794915606597733870741514818164304016748741532588015985938858     
     4623115863350956424734326097093258733905814833491647636974826044496930     
     9489388061098702614188836013357527518399475824874430746601486053460325     
     0494071705844113301559855025064177819457667888664249787796643157791195     
     2268746771613699158168605796580107035993007774306416280866867206891989     
     3949938037363974797724307514317128648230096329413077565333744650471205     
     1345103356478800284077031430743742604270101571781562051948286386107211     
     1591166754670784248044239594674698736522677185196795213554936469434377     
     5532788744039590836844326499852943145442592201134365895432463816197565     
     7879835672233179755411785597213334920624715315231365382579509610433933     
     3133858886201516769815760947068304270798413264594598437972069181871566     
     2126881783601059324089392857451992252040216433237015208807440377958524     
     6192422842279936235552280769339592018857296512810498255243726012619866     
     1428457764562488071015207830634583839204419834001619508218538307633073     
     9627543909927152968696046413289670099092881727190685446842723696134519     
     4756354048401889219093045224333073036611152971511524540832080762516016     
     8288110311902554976402194679188398680991226878258382185600234503476797     
     2886850499454957507184180002302453579768023220236186700940879977012284     
     7047764523500532557946024806765122801901129199025293608007623328146954     
     2130426581633228315652897969026698383006954845114687791935927684950699     
     5599654845498460188228185300115924891300949984798845991713057983583007     
     8503783092606394780115190367419677596519353686116141786829430911817964     
     1019473001527658340127869333275938534663004039459264682979228181253058     
     1316456692699810821032974821587268374088499897037066134557722290208317     
     9968307276634146897085467733711749807297059372434223527834536945911385     
     7259766519354633268208979457288232234582394418905335200660405447184816     
     9410784283858319734665937135691336313181437956466186186803883062463854     
     7914520174550745669677744177580306180467815855536261445377489248962433     
     0232610345243014692234697978296574868361319605625123204735025919897197     
     5685040703262146185748490252837971071932772465326158656187514514863139     
     0793693054528740886753059026872722038876660632362644522662256634600313     
     7718779839278733907987940820526342445090359600170201756443565838137528     
     9254017244182598232271706466099315650153498759773690472181147677585408     
     6803314449749931557369455294584371009549208931454198062101771171733387     
     7532905192270613593198945958876219470620172061158373344017476848132790     
     5451933599647641530594754560000000000000000000000000000000000000000000     
     0000000000000000000000000000000000000000000000000000000000000000000000     
     0000000000000000000000000000000000000000000000000000000000000000000000     
     0000000000000000000000000000000000000000000000000000000000000000000000     
     0000000000000000000000000000000000000000000000000000000000000000000000     
     0000000000000000000000000000000000000000000000000000000000000000000000     
     0000000000000000000000000000000000000000000000000000000000000000000000     
     0000000000000000000000000000000000000000000000000000000000000000000000     
     0000000000000000000000000000000000000000000000000000000000000000000000     
     0000000000000000000000000000000000000000000000000000000000000000000000     
     0000000000000000000000000000000000000000000000000000000000000000000000     
     000000000000000000000000000000000000000000000000000000000
