     2132221466304274470712452351459482227739077399739156097165914234096323     
     3727123440131162027585907742320478866620403790254764670288869456417615     
     3192793902650468870280719386361548166039116177549132084348662215363599     
     6371355017777389047985004531578155414619514533301392433063370002106864     
     1233783065191085282154973891257940911119298253949798329792880890005433     
     3011314686641157059624245816591392164275763542235491489835301946413761     
     7666430970699360069331312798081369841162388512364130972692435990163291     
     8182547625475200615002559012514282147610291322477582193053121897937258     
     7313039311240953053918653632379238589371473624717435907143867236197302     
     2389527091177824695341477395326045468393684222148984660107701710421421     
     4898327147330417314805376715299507368029683902199351229414584462301130     
     0648060267949145059324629582954241875371302169547640174194968374715797     
     4034857613658065612290422212477094820829234433002816628941006901856544     
     1733025762254787581085907570393646226744145451466518167060421700434415     
     8152616780188238039891835730236633443894823941049531498685740215167190     
     1546389729394839561179788219735010623257694585380500455918586946341868     
     7450995245761492925668978848994168601900318601353142213840546157061383     
     1220137134618300282317604677234389024904307845397588128357896810859540     
     5052572662567036825923244134001850758268511684949392565156217276807723     
     5703687090546993311532846077889667938362571053656025579471342724031311     
     6486372853914365677060776442368388246917132350933204278866099262425350     
     9986095943962516540075106544595090363109423289859770358487566715670806     
     1606181977571587873089936016258922036514898147871294250231043962669704     
     3684192821462508315048466963326245361533334481616795622510541400252045     
     5462399985829445364485877548686760473029199669519764923982531298900615     
     7708545895911786780195687937970042901318771901714756899467127426885496     
     8352455905041709817844864422631239329197003479550318183302247666525865     
     3227336503107131268983042818944300045425282584180867840053265485865957     
     8425649489319777403961001502232798460181865026995872511965191521774933     
     7944148129047130224886384951457822332959670549125196046534411154796972     
     3723807373831333978372399839691617865897955962013256443400794867570365     
     8457919034690745396173313448704290457857583424031690189573135805627460     
     7658181279400165284377520164284269373719706926556564256125523402101460     
     5724000407360846521026384559093399877783555687823015445262594813725153     
     9146157926483156291941079447673680040259551086755669951883472906643298     
     1423811873722709868459117288411895673779989293154368159757323543228391     
     6529148268355846553652964649332902099939033055753780266287759622897887     
     4765814623741414024620481124036976870860224086120925863840768030157117     
     8705355863161957261859157993374976601370279585102743195435404853728681     
     5287257174591224764288609680510166423789918587670010841986237965917764     
     6088473093480824916343848352531164583567850940249149921729658027493179     
     8427124474795421937219663179486140619535234481415701671220045655706188     
     7680632728906954460613978370357107251104881332588912813224212279570503     
     1214005458093529170272728978810402793581022277324696834884050443861638     
     1091608187464074262547046450600876648333540588770774711071402301194582     
     9196698275936026589523751992470485653543495662744692646191807494378173     
     0842418384532662404173582804764634270300961047799278022669413915810030     
     6945927072531075945540397740094651902432422414883143509003061551232598     
     1484689537924434337236622928094901104116680860961450814388316208846796     
     1598297970223975299583803366552621463353086127277255796604981201792853     
     6617104395357944235655403715623565552611708899715285424769794828406837     
     9899108873497186716242081438912529430538425389133699074635870793564652     
     8719814877549656757802320285006967871596432067675748396912287785771703     
     1507014472744395765973621350340576733532177705831725271092372629437216     
     1875695207038856125741262129146290052293551783230795388480252496886505     
     2871913110536557472659393735004917523508781227187796738477041271062362     
     5635917940231640705992883979338293849668245041792403270089410386750959     
     9284120819111509950016630643064862801754638387489136098537417648832149     
     4584849232998308927017019804220904387577404889228427864371935089810317     
     9358896737618225728921933913587408919946294450650684025879917288688660     
     3687821603046560955814141410006094564226256545637224551550570570834474     
     8821426614477251663520554615510138798737314764417869810995240372806877     
     6573907320825652608686513305539529189463359738491996057985705906699997     
     5294065894335325816699526528781021988810963397192363261150088670022323     
     0356828257433829151384145028045056332745808687051319072289332280568750     
     2010808578785171087243168877616067089624062211725528757607611105060618     
     9844538602724440963574046090215414874877767428938771494107417524935109     
     3919995516465754651836295618875621635349056147870034880833764307008000     
     3218199974363766234416434208858242559178838847070371831881074107714217     
     7700039995015580666076893873612270362856557105176002030936541547835854     
     5202712558976726212263780797542499243613396462336492074692397169191332     
     0439971466340049925879906654356721675937625680484931463224783936500219     
     5814166654792892901532220681892819245311653335616371137225908934559142     
     3716729260209462103508111387919279883527176064935793179554846915316817     
     3300696958679989564440705934586760833867316072815341112739280396738727     
     1133529302473657212651739368895256211492373899653963616437702226362199     
     4061116645254889064170137071599712015892219045513852211739372319376721     
     8034467490179753340324418788786177619463295452645059040105244024180060     
     4440944958019611111162001430544435562949209067541853550073525571380335     
     4495349795804134312136892948291929399290484114775486234106974657216553     
     1794128448817785686279175551555502059261857380427589085969299644300602     
     7885442572538963802658378736126564636230524881319405506069980382099629     
     5631344498292131976257601445273061070839329536053045640742179392100312     
     3766293162585140311490943565711956870178411268671448706373545114765375     
     2127342381363548369652218033782753938805729318895792514980470461017504     
     2668122691709505751895745494774238344509868506371530138822793337452087     
     1690361409423729179305828249665153033511801514043185443673114249178037     
     6443453461983133159362768070801767268494830939036432829872642630528965     
     0170454447802948363099021638793092643456567237160144367616152506316871     
     7893816996075563132008156351018334574245352765682930929545042198076172     
     9931070212943576747545809956540977775999480544209557360929905636494826     
     7887793664916780126573260233351472625664199125895666960351382307113528     
     5884846172854945559382077097405928431808987392776774588910239736823621     
     2100709066553274489680702257617648659758118093079344608313439919958795     
     7968046373893317056412950299613195206526571315817147547422772326059604     
     4765947889842893301204631096855635171548882109943338359320693789057491     
     7849224624075935856284795120046955079837390711972376231020636155364380     
     9378700519061413098121352318038234782288507650595272357455801250623222     
     0690317726176942196691984498974144616090645413670570133886147165411940     
     9813709426809569687302639347858337857115827148858055155887012147450247     
     6642427832530429645583931648419725242995469454168367548782055677236355     
     1790575827446345106803739236660586785854960703895471399753188994643481     
     0011256664281743260233810006925953918780662854096863672365951726209170     
     5072724656096119246276737214208134292072137811707229461795684536816020     
     9887449807931764164739787807007019283329027892993831109962022483789834     
     8485435798549462116963425040125795358655315507586117220324913933743222     
     7949933195305035001599312623813632484410231955536689987864047432825788     
     9668297770947172039175792063764378881364116833393832440069115647311342     
     8397951564424514980612018817137216009534620685761860173385760271255657     
     4392153289387057777060552228090532393753040033001063389709687764493351     
     7112194428646699804284727267101132093934885013030341968328600275489480     
     1122365633456889995325932201719457294870438283950854397574300801454104     
     8081032202596357024537897341512383938320501486108289164981860409557146     
     8159715978833693978281549674343839082996540575623444947742455083695824     
     1746274528074972425531972816352276553261358921613115756375234466079441     
     5148987781876740281636699126145940519271788781362385938613733410550866     
     3151952765795645721458058922938208921545915536243632075182849404381963     
     9909148601657824361324647615202127951023919311126286687350083688680614     
     5930728532739305502425305336922873693097822483616440816125712606404090     
     6079937352271018993714015894855894755203135557379175410263621338213360     
     4100286061654122369980173684795744089548519444382711781769991545957416     
     2614991386066046891963060363588773607008716094476667005420842822316049     
     2359421190180993207144236917276609762153316382696169260434755211785020     
     1996173354900023729128629054357944569114219586822539938594306880145039     
     3565743743837485560332395614881016529057307705812236220284027304854461     
     0785395789513430681621455642708534398485961944977455404690863737230206     
     1972121719560532274845322041188368812265633078964837360736574737847542     
     5501568909029697120005052949528002506865429930811153813754462428210342     
     8313333450194571595487943946557746044451675529051344984812422411564296     
     4568408173251039868543691045173261070907161181034103703301579568718367     
     5659748532071715216690714345116947810040334263917823081299151134351859     
     7522283169967854937219889698126647115921550925613227706879747271160877     
     0904471837259989426424961260739134153789717714232619178788907849834850     
     4458216327158021175413616007102689342696911392269220926795442819204630     
     8246926697529901893806434800314244104933058587004746387278977303377353     
     1831964263426983070154633417560522860610662380054881518116029455561283     
     2539987288808662446866867219644653540771426928932827843193522425275157     
     5602444149937178336772141231004293119754105432081702484033100021075066     
     4667951263121355972026472705048330569924120031625378644514895761872942     
     1725868762924906193824246982151285897566417218599140505101560650558023     
     3300924853390514770038352910066597113488871521231798776570954258727819     
     6057781289059805596959423523274372917468792228592314379481748372251201     
     3528823380210517619973035691393875939167585373043894252253094800542332     
     0816985325610024593972734168162086088562033327080946021294198400393447     
     5561212862220022343791032759609600413638314477238090766839384031149841     
     9930291860531100730134053711753899192965301929205392785187075157400518     
     5718419427912371629206630780920516473017501166212101154171616048714009     
     0536102144787229991950185197026985877336858151759059875981808541531303     
     1801784556246850785012032403536726716336911986366090842670389929994571     
     4219398395284091072656966851584694827985772823605265266748008676819472     
     4045848479975195890214391052475621269854652314331311046049990978538605     
     4092300343468574456813179487373911895727374643553775858969953439361959     
     0294373573136057951339997458953625866595776763014138210545430035460580     
     0904431444377184955452482421634985757780769041694517979510852471642730     
     7736197816289524642039701995477243591846861720762720940052573587532864     
     4626746986709255146619534573144689914702876247374131396606832359068728     
     5585004009157593328971764515625856041744554180775365311427852624015941     
     7277201209398644395930489194220328453164509272985939699405471499927803     
     3086265824467306414329060423788550744879781411943604985228960773892595     
     0320686098399681357887012402919779834112665560969748055169592653068696     
     9087415711386719675822580937293438345664141841961237959086809426235294     
     2108857401772346630879765739428194991015617065807605114774337581750613     
     7345222780190441185961207275085972775484242858990873877407131239705435     
     5952553101250783853997907673109405032722289732886417606953889216938378     
     9742275724921262416558704595046211880035486372880370782327417734088032     
     0988041561072050783354538392755117493745672209531426424905223292406376     
     5012710954970908883979533555273096130716050535952592448526685744077051     
     6284630498913437093303468995821782209433391954426445236892469558394441     
     6059857354654700365410104859102542499448976806572444465521619853187253     
     3965123228407933662338341347614755175669946604653811487022005745293042     
     1456457219865087606233601644392025956378642615945820888995694559149782     
     7621597763804413704852418592710066768421335703602783050767806153982079     
     5656454252703661312709037457292181315449429256421582106058678980144154     
     8572465916557495822649843802621330854860706382684403329237470385188644     
     4391735125242933675103880680505434548841603048086922260070751933380552     
     3495895198451852639346002211648838856952184462545909218916125156500063     
     0335865934980036281319708183403057493866654438095114039894701280438635     
     5675658622090664856321939532291174492490297187180870059325864781324175     
     0319329889145565460611698326981978573721452601309936770579986781363039     
     4978050181367014911665579861595355102321487470294531525274493321281919     
     9897350412208816096086950256722800449494634561017084533041333754428083     
     4252796959640426686563885804720358055002192809774006122645298502154808     
     2280789403678122703930015109624291521394093517091414831331211592627725     
     9707158779962761470055729116863137134296839106230931551500589750852004     
     1188139860899707682166683157979116023709013741419774038804126515052123     
     2114663734058474891773056681025424475716704168625821459485192785240389     
     7681734872105085956221493683316193955290160102099837345305661844908924     
     5742866659321538887156901538225281507177641931981687652883747837347352     
     6040748321475433452657467522454833313621769764107072640808962544283330     
     0533657948298065023434801784998885917802459036605895480377439113637011     
     6586760786254939575737163017544058129282941625142845814991456346124580     
     2686585348201187326402102632009981023655223137649432302524920528493193     
     4835226017571020340961193584143606289269022843423652838280370425926974     
     9956114496106891467777239579215280388041138714362079688074165106004607     
     7779160422202743313431116736442278315286540295133682423207965189372541     
     4063676252176961976633597626901745338814103872728258791689183058418623     
     1993780499940485690502436678273032480732219276103223634271680023870182     
     2851574191580977697532909714187208051736348088366337643704384363490204     
     2307358256040915632929770777564597084697008546044234913637520838072900     
     4200403584973185532776811900861000127279297201420277381710610685050242     
     3887890675276685696184421418824650110610827506330105010932137161882058     
     1185507048476300219955836483295103452543645973705190478159091728075225     
     1128297805387617388892520227220150690434729890053253096919620726499186     
     1325836284273093512924447263150900311206383351510697339250239636403658     
     2019989617766667342102347752343381943833479493957267467704324010842490     
     5212207247442210626086491472014680116796143851844474488566326080857990     
     3822331210342011303780280202153594483975323264389012100259826009200089     
     1755416177881938322627701705409232038395820088741313126161731662124272     
     7424758883431522676821320689375457265906633491927973878475336137253010     
     6607582430335575554648021182708807205766318965466768423656298930605588     
     5858274471810005367993076476241804953710540977084257180504998266399367     
     1628692007674627889312341270581743813006300862194291241130612352329485     
     7411446913879601101704090861074095384205151152692314768456687237169025     
     6146967487438045202066510915630041198395363754761597614677932137120401     
     2533684470925805113051027081579514663607479019753266050291472323845438     
     9927475146578522592064042002374533779895524510244668610419354257032528     
     3463055155489431595192428093939892739846337498071762630540037882003995     
     8370363415529870293614663282275298883514999593226668974920021274310979     
     5698156827417401847801691979998082519634226591089882511470702062796752     
     4927592365017944681079948616408052286297244107966420089672592933755545     
     4256640568769309520776748968436406504306296893340727467265453122963763     
     6246901295829308338142813727769351284304415681275100427160784301533789     
     3775704654765669996241320601619521437356874885850360684669871345322448     
     7985473242007956835863494962357996262847131019321380374548114454113148     
     2387805359068286390225001551528368636735654132048108894915597979585346     
     1574751185101647636028172105353511294085948451156633079902815933509682     
     0679453884767137741305486137374555240682666739524957473889166221939325     
     4157133223518052044149913586200632740311160763088585920999637487080169     
     2271528599916576699504592275360521110917885661140988692337061059916769     
     8521421359404699113706388495280402709907915640410726514505297209561784     
     9388011700456585701069545623746485281270551832242804440057340630465267     
     1727573762621260545957672956208140735953068357443248128095283126138027     
     3312097334372429736459697812199387200874524901968955072367520031622366     
     1119577593087834117082801361638879191052654628612029214618183338230641     
     9585142761097923690410830757132868897539162476971751752481939809055266     
     4640069707028900968461137642792711909758667274158704385918884325853335     
     0820998694832516513278726212325084626286501135771167377681640366158252     
     9024821383337736805440600865062622430158002308869451795786985967132196     
     2776018252579685315047470773648578198928004212847489983495683367896745     
     9380894488571458672562083655865303516637042327059024128770295442290781     
     7624001892746549549182576400335840704256086200500669002337222893743243     
     4694889444917349492005034165198662964924283294073768227927477432486354     
     6046506009883886998542573730053575402314688802178188457902236697168595     
     3176674547787087587779869854053242802671396861362309643057066849249037     
     8797774473878970602151621893332879930415387961550899096833453908059618     
     9514594992292971131338537253686132043084492500332400044923475866566426     
     6520065750939882037202071115737429180241558431749627719039093290801598     
     5461301021073754001084664563051129619764349380689702358863624360583283     
     1404045777204854987611735883320700007227978325235792975924375004001381     
     0253711104355796208399432963905611559178456377006786235566798044488866     
     2949087931906260153292638049545316667522985535880449870734555134820026     
     5277964842289765514927164357624483640178532261376838807528555302113835     
     8110675570565467587869891630788358351570016620607554865249655766408918     
     2083216960855356604540696479039996322529989165183139354859964308981170     
     3284155574249304907229551107031529724063829078057694753846816673406815     
     9865685840571347504333428964113112004001512103273046342359006421143524     
     7333101474218003421598405440576063960622236507263212220283589152132541     
     0644343525795943579212038196723455818989263335768538376117895474959144     
     0540892357984675208074770187118727677587542423957818776467762943700779     
     5147097123090876335708746222413441859577530958036602815532877924329560     
     5288129741385052419451195621000533609265324188762054265774748120138410     
     2442945127571547426990912315760390501263329619814498538301576831314055     
     7655003137725606433041745301780699635554983875372785446512030104313015     
     4225864835308002493621801965724764431416768607704657413340773135255257     
     0652698276947602215500530772286796240999552581594324353660109656044522     
     6393082817264429024779009447839256133638973889600770631099802228896790     
     6171457892268385706102723016376426394367543709943639170800065522644079     
     9844590727421016586683967213816545137511963414596868302407572864735350     
     6149193354274464284048319902348352438221254283510992860949514523621261     
     4725157214529299105584895673376694060898986522216210865679539313314702     
     7465991935594858296174496726510130878855653159179295464711995025670733     
     5216123452825027396968346304021503053791993838141969820342169170544739     
     2392531764142736839413058980681968454875263535799094007098366004344114     
     6690949305711447878547088641692944492569551691826392893290342954589432     
     0577870282159408433670537549871865787761021256900074509734132927974535     
     8974771265536000000000000000000000000000000000000000000000000000000000     
     0000000000000000000000000000000000000000000000000000000000000000000000     
     0000000000000000000000000000000000000000000000000000000000000000000000     
     0000000000000000000000000000000000000000000000000000000000000000000000     
     0000000000000000000000000000000000000000000000000000000000000000000000     
     0000000000000000000000000000000000000000000000000000000000000000000000     
     0000000000000000000000000000000000000000000000000000000000000000000000     
     0000000000000000000000000000000000000000000000000000000000000000000000     
     0000000000000000000000000000000000000000000000000000000000000000000000     
     0000000000000000000000000000000000000000000000000000000000000000000000     
     0000000000000000000000000000000000000000000000000000000000000000000000     
     0000000000000000000000000000000000000000000000000000000000000000000000     
     0000000000000000000000000000000000000000000000000000000000000000000000     
     0000000000000000000000000000000000000000000000000000000000000000000000     
     0000000000000000000000000000000000000000000000000000000000000000000000     
     0000000000000000000000000000000000000000000000000000000000000000000000     
     0000000000000000000000000000000000000000000000000000000000000000000000     
     0000000000000000000000000000000000000000000000000000000000000000000000     
     0000000000000000000000000000000000000000000000000000000000000000000000     
     0000000000000000000000000000000000000000000000000000000000000000000000     
     0000000000000000000000000000000000000000000000000000000000000000000000     
     0000000000000000000000000000000000000000000000000000000000000000000000     
     000000000000000000
