     5291532027401227815504806586605326892579642542517591254377802998714072     
     8633529068395831454923205220573428507699776267651751171305250994860181     
     6849739583712831160515164074965814228289348161072159341558281894202878     
     8547993343797721461646055910045843117687633567134003549128614587043025     
     3539886047741219573844888153343507655317670384011504726848843625201352     
     9107580865296802182920724791843983678838146182533409533448383481165906     
     8241031535665078577102694823670901932445412538421045287540174714904115     
     2950279682937034704676271347505037327109341265482543241126064695990654     
     1612229641901932745777094869566703149307441838777084533034540068849856     
     2469985869853196982331628396417262061569360057516288686153642834347255     
     5979282989710137417619899183990682723152008279634406685325864629915720     
     8765703612019303756244406841153727323364939192748601599096861988540978     
     1890780123842287727900805885392010372627410407077864852971940795836686     
     2784677632203917279866369789439109280060193918973783463645084535378596     
     2947523822152846593726972339364541219328821441760725870106876028058716     
     0031733667005020231214897626329988103723014667112263353155439981704979     
     7843406446144119311714401065517855344651584424795545765444118286643338     
     1475900767340770331439120009676751631713395371731541417012011575992462     
     4651708807100642361714206470034175997104382886567516657908591445245155     
     5631352152941520180795422963819693105553618782701939441897031424539549     
     0788854799225797386984631833320108953714481842406972755354196835481597     
     3990808599247278073053293800796585956452073101150396595986872610591306     
     5821185532143243421861401375513994025412570272022006325557772525066681     
     7423259047891268164730317329203471678528209766910694874721360730784512     
     5505506051890540159888170641941245481604897630560425441532223892558251     
     0082149289780145576152636364186042000855311020951908425075295337407217     
     0233667803631013133012887129953942582946575699389982380640060989406681     
     9144446996169120035753936142971248340381190300684102695560632231002157     
     6014098402137369020499295988508175524545232037840171143909094078406825     
     5495246381038638558603924538934916444411216092078670223073330528393573     
     2492040362694487873171410081346482232906631595057087101306863676776070     
     0240588535179225155029524960497003089600525412023423874153883950430078     
     0667281601802321540980149693998387653638418945029850714475851900162853     
     4547377032265617125331135609575293931420454336602606419848565803587521     
     7408000000000000000000000000000000000000000000000000000000000000000000     
     0000000000000000000000000000000000000000000000000000000000000000000000     
     0000000000000000000000000000000000000000000000000000000000000000000000     
     00000000000000000000000000000000000000000000000
