     2771761509567188156683273099526825171240039336475966386074567472793866     
     9125968175530189429363979775520155988893386594185709535172879844761191     
     0682701137687680653305655978092849174662515049078036684381518382833859     
     6324142571386053469144507209659957645277966066743314051690851070094916     
     5596846620448513584232921468973459688954010844473935307490300260254737     
     0076610122188008462055431354546726610522592731432391069179663987095952     
     0898038250963116166360668766121140201497514434338570088815595969062236     
     9162881057628733992885481531513122013065945356647142389446455259449218     
     9206440448933856421001823424632932638833900348872948791166145586966260     
     7895032158338649620785526658195110593149456282038903464221042394791867     
     8492183452747873732081954499883238418526131603398475025829475673165553     
     5835686096650193883811944317777838892472304687583422055370937638271075     
     9180502775308095402617497282852637731877132865008086344141742903487403     
     5306726533925316907597651755944213154401659171823614588321881902251264     
     8905668072657481392915672665236389139459781691259686450522775008766300     
     9425925773143261411062799156278517422945292741163209850575792439485441     
     0666548250040752803793663631885536439991496549342624200816207678623039     
     2480555927510539065935195776116590033694189849528771647944457414047323     
     7271098653314644568138304552194594607401748891961001369490389333126004     
     6874439375107266535861301693041232640878738618133865558462495615820338     
     3652522814814611434477863578796314939706012648453644692446985328545979     
     7919140963971683040576416013385223225500900909351266112528285396855353     
     0154750635980243218778061070155467443108739841250812758087133176984265     
     9519172719586498896073855864434323431063452177016114387810356710412237     
     2506013738708928431412727418465026284757563245353137251405915296468647     
     7980347028356716107237617917168258777717165109193586269893346355542609     
     0236859936299625172614305978191746523469681028133181193687628845050929     
     7111694900952745588859114659204666539973224294921467640320483715051632     
     7439966254389161285878262140329037121568784012302531780893677564097031     
     5200355881700284191320116174671463058385036188546627645007687053328246     
     8994293746876821191233368167205065678178685412047487942135543058270165     
     0008883276174872352097548474812392416748382293578417674142984557980906     
     1012080792215121286495887302843275274981479731779622738892669820350770     
     3692846813435226368142405867343826413825835972436649077494401875524773     
     1790525917083999737112667672192469102049368016290597335238897338308565     
     2872162078959137650880537718963230626220221643615142749139298953938804     
     6576892398782203336784894270351812708741062400542510497513512984970735     
     9903494931987587165185868656750818979153524853480920489603025178922835     
     1621312806011069192814549683524690819103372831657100560279571458218635     
     6465231233018482059791714476810883906721131052693979469437678300138900     
     6951987071882454554637549811681496869362779298100437556387728523332262     
     0083142850022613738464343047241599155001345469177037599042237466324038     
     8930887718078539800766247771441170841356464490288227150643700342129847     
     5862142646175458012145155563634642803790435860163371811741572519492041     
     6499430697911086154590697149958278100364200024848298509834901600377384     
     7760631103187459056587808404062205008426352540239682517486997259216537     
     3601624930568293473664141350275060925789002068106204205844941828251389     
     9137444502769354077349389229882574946048334344095577456279919915210944     
     3830612029421025400626816728912768417366309994430654351987993003099762     
     1341259892820696531158738870657260862918298427850435540444696935630563     
     2854410646631197818456256402980008132802857358395259119675971144038685     
     3187784553733008209117250550936621514657382255289325071590650932175586     
     1104302334947764820164606884019237869337615811865868885445797585574774     
     3683938575118769379219983078266252936645128959321731369441948634001662     
     5332033790643006935095344258492764370011451613314256469972519436085903     
     5006784695388686578732895792152419797928608335816807362538452144732032     
     7457482692179223759311609718515648592855726857211056093224831593167576     
     1198072972159349408711375302057844371783807491024104284608662109406238     
     3127875172409660076067013179643039184225523559523078061930738649148883     
     6895998353862689390875230145747933163606704065133509798926183893894758     
     7765546021222735089318374446793153688689571758880529820289497068082449     
     9558346790328717630386902101412597798776692042211292600774600895580426     
     6613500989746701092087651902310648294410590417863555453087852042929528     
     2336356632491523530361076338753372215848007924788221148183219454580543     
     5703110845766059205945495675238673606050032677933293912916643934489193     
     9263754792669619411453123677602514293434676967334627947320924707189760     
     6837545872132002855123718459108683001858520256752655565298582767827136     
     9208531462573993992425069443054571852007771755682735907534402634840354     
     4017568816180547419180515428816526621936042325755715672448933586466159     
     7338650304698850477111101694669552830705277948525487695962378060919242     
     8263472039301297274236651981716488499109113927876196276305422646202923     
     4826347321118879736156595072032799797869871490024092289517909590748234     
     5154818434142255086353045297689825200746116831130436905440239065151462     
     0055030532352685431644059154177078585016129741259873853648112431835118     
     7460961200574374321231932978305505787874450973534469710157891031500615     
     6898839445495492013881989512258371425986530768377674663026181076048455     
     3678243343809378197162702850563290996631947544885858095293054205040406     
     3487471560549782071206163110530937941320537341433755701127607254151121     
     2590558536817960000792105897890386769422462877999037907734772189719289     
     4704375988759689322998574108390900939706574136540563710996650224384308     
     4314377590033350178943755649569642361396131088369398132862063706377174     
     6904845614758986027080156747720193893507070450648158104112874476465101     
     5587949369172793237648224421076510931482691885544330356548967446981692     
     0903266183287274703820703916717337186072235425945015428260904816700830     
     1767710388669323942795083662160034794252753137252829252348820685193855     
     1491334114528546344134534767537263654018487268101829548494482683969062     
     6517023956366121812149989549931797045680443396082147476751022171136108     
     9637557881050482191698162324448687205770408224385616037655320893120099     
     5746646003629769254490160982461026103833024024731890379971977480963172     
     5420972709803138340239998936533227438753715305261313450865321315657183     
     4286523104030063726763857104177004500351093374075966171140858797954244     
     0267998011323102187947854627214157310407688905519920588618589622702785     
     3070329142124401188766532233546507642851405816524705673828271863832682     
     7974636876498384222521049807585174191159268530296010187957616097177106     
     2672897264007180086646348488249700288465700397162937638033169986846963     
     3635023038963580517411781025142243345450716132468906242527745261392612     
     8523355799737684972065448866204347988970499948652881013061141379746013     
     0519185280653957507597130673580247855382074314799134350236072900773539     
     0085703571260056937824723669709915219981180824222249922183132223338359     
     4777476330380031250577469473683465151838294351839290988468043095471637     
     9041800582715950121912337344149581810029782405599982810882166068983379     
     6486966154715196147696764891906903127261500126140120692771842901706645     
     3175413247559432226818238174883259159894204155135066982934107188532230     
     3967799087895023949785570225974238399319201463453878608982951385594878     
     2127249563134364998834054483615399305135994456188574489074254596737415     
     8415446757989581204808470665639418512972541023393629233220605106013972     
     8446393405759197369871801778738780168096109360695746918169686080408099     
     3729823189085568533387984274230141499132690224756123368212154280484187     
     2101046555017792586079902175315683581415021180526872433761929082214177     
     1028557323644577035184255625901795732167568890700710790431713861697371     
     0073492083505356043134874232306820630013187586192954947015851637247000     
     9348190661402161627360852132185448101164598670914395296671733561067173     
     8080246370510929670155992404670778864951021109281459531744938759097325     
     1816763880554751582227724497510187472822587926443237262126309346278908     
     8414394056147036053048299961771661995467654664668546214909218911122355     
     0795052237396738314040169256040384900742905412876637679631074993050850     
     5124797119131995181131601773238373306294285228472396350970551024500045     
     4608053999776909122411017573916104879463797648945312955615984881400777     
     2789783496824119639895436680879013129219547121315011470233517453018562     
     6447166690869541388277287239622480619612252333916499546825506986616327     
     5359468752553042220974161652723864411543508331677914015243831123760789     
     7717424537214447098775015353271258236994113931119110281640167257407380     
     7036548208341848413396850874248159046395761592292279885871850765021753     
     0143100370567863196537114977666383469007498674843650529490578255938771     
     8859563738945332593038405747064797923670485818190715506816505743696168     
     3902606290687488675220103265153493133803767306315888740609436832780129     
     3811713941134093440452928253866790967750071178670473053965587752782544     
     1744881114667463468276056200773969680082307469597868132446981783976706     
     8417252269503841431875696677920206351127562749746537591448543232470939     
     3956633061251466858176322847176004087932932175328629440852423948476827     
     0482017603181550036512113446815378988240778144997468771593394863302559     
     8692815653950883395380026503980461711727380013210685169943229853418507     
     5959429843646527018645782060703803209573845807617169447218169664407174     
     5218723568019364683923322147074484276407571171026838866013260401947550     
     4668064524235271340414087357163037370650667286517235062763953303531323     
     9879669788098361262656752499262308114517056742939163479064898772248751     
     5873417159868104521717833397235933808992601723625633476682244040344392     
     2545449160362160100428782842804009078660014660840116667417206857643169     
     5506071346296256046556348172840463497775488263650373078028262892926481     
     3184355498358105979998523701152911343565536951984395526588722379972803     
     7926394747459442233012227104683174521937379341980134726381579261079409     
     9886177465223857476721492113720063917713323907092121185576620543804983     
     8558426169793032962957864442032235477037257618240573072342131863650591     
     5263602334765710402771064453922869467249320075122932057615743210959057     
     1933089420326700296034477815723979341268970649949852246479880509099119     
     2255756461553687241371339116605277243016632955439289078697891575532494     
     9287891227858028781407800564252624185371168480555600710996852486305826     
     7728193414705033368355489995809731892522057484266123149674090403211428     
     1803718107924748670560469171705266212757552556638268351102466205415136     
     1432877718416823368907157919293778056957153372063599036162791397176868     
     2259737123238909595537594509146433437630372752315561557012295995557100     
     4644389539329968344653884241821311475091506015352633984998202440496513     
     3198822862119291771609730908273412028784359680879185876328969952925377     
     6438598210407105851483946874726177987256587523230601742695284024652577     
     5256423478959493072016954761741878866468728032389310117959170463326457     
     7605169381270043950109700715920882107576804107982081578408051856874789     
     7792069771696585299213582701612783293082885881499084575376246935181322     
     5683071762554672169138260556486781035458404683771811435918636256393937     
     5474827540169661496099818902982653847679300304698100489662605238185144     
     7571460084518712502162310925561891046071991266023687131533509353385989     
     6331325986824581558398094402020794393844749054536945108882305830175888     
     9990837461859420243770280790988324537981727544285601222680237538892729     
     1377967851733141387395466735845634374980343401840036619588189395353600     
     0000000000000000000000000000000000000000000000000000000000000000000000     
     0000000000000000000000000000000000000000000000000000000000000000000000     
     0000000000000000000000000000000000000000000000000000000000000000000000     
     0000000000000000000000000000000000000000000000000000000000000000000000     
     0000000000000000000000000000000000000000000000000000000000000000000000     
     0000000000000000000000000000000000000000000000000000000000000000000000     
     0000000000000000000000000000000000000000000000000000000000000000000000     
     0000000000000000000000000000000000000000000000000000000000000000000000     
     0000000000000000000000000000000000000000000000000000000000000000000000     
     0000000000000000000000000000000000000000000000000000000000000000000000     
     0000000000000000000000000000000000000000000000000000000000000000000000     
     0000000000000000000000000000000000000000000000000000000000000000000000     
     0000000000000000000000000000000000000000000000000000000000000000000000     
     000000000000000000000000000000000000000000000000000000000000000000
