     4776814675003726672320350405242468653531088785386413524258366668493816     
     4662994095196408791847530368108140917847912041917955087233666922398470     
     8361548680178587441253732791842087424860404109788026039310751076891135     
     4421564781485316143538900305721671367336172097271521386933936241693107     
     4809534172329391971002736386707477653194507197825064719525719086171775     
     4047061202208258808202975752522033216489013844815242761419622734373164     
     1248190620264525787727961338788855428435040901927137079101944698774362     
     2045022974542307924837068549407194683542918442577111308615818617486444     
     6913800628964419342336131832411571949553124534907051800538187962649792     
     0796023128137654695851595653446368165470161716577536709294160856080840     
     4843780950816652815173892835168600211222171274950610727087938861913008     
     9110242324697372355013858846926640724120533354343062361880266192765884     
     6927007405906929213012896587864976572309190973881109660751285739113051     
     3899428313202406440261452287815071915343200907960687872085355531349208     
     4076077102120400371832808398332768356334093230905717430374624126867188     
     6778765032836280812475861622170123771200715860100764555283613789105622     
     2528575041596455719698574083146476714853920761395463093426955162196577     
     9139128342344812337867633446282521712390785149180639953379285960502039     
     6381715919533593871359067222395956832206075538474341023162788334174117     
     9011734047282324283016861816734659856422656713704026241255450902442284     
     9578430349744764861399050225040752019933015884984260546849913621094087     
     0679258957022162205003686491653085325497675673514683357996584442510040     
     2931442876388278680932765314954278217336377979819371948501227037759666     
     4487217803394280232125280623351087888239819854243259940906260995209245     
     3531139419674290336390408558627200640862797759634233783317212057949004     
     5214914842246662196601796952989958676376246405424770826526857759223050     
     4942366814524389608417818497531868088311837178935582233463583450299440     
     6082955365904904279434775021408434186716328820916353131410689378643942     
     6662570463355447397136182668090724120653039062939701622703091717508844     
     5813053016500446795361675687674740032609436559354664295137125377530710     
     4413401302444785083645197009061771593883643907408841737282464302343658     
     4917617559711944927072999789987931738830207870697775301352702433426624     
     6398741064774005271559868561393829458826457064931817445544452062243383     
     1055437024504978630028913289220520335578488786674339741702887170391941     
     8858254797245674693559163002274921777350603494973678250074209442466259     
     7378767911044482324673011248932451130097904402141432932215989358082752     
     2214769149473822220530057901717758419342031759257484650558392020324726     
     4450885819919858768636851604210898170263731218575531233343718140046341     
     0045631700345664155824287031955122857334028984881958767590671582420063     
     4535684665700257688743161635942573553269823649494447594105753045875945     
     8295692788097262209234417246330013018855526375641202476741339329120726     
     1402665612824842858374944582398709709677004659559346404851035554985986     
     1827511374213400260960070573821334232706644400543396868829442947830744     
     4190916052770062602360085961375590060110080419449343613389299261270727     
     1055628281869322133860528926483771151979741029053481295211789360241974     
     0870809719109470959150970154228571174514890194897200072796561149563855     
     0093847308178461154713793284103967193007375589765624058364021180373641     
     9837932412420021648182735917266071622418351559621935621796183720474580     
     5649982556012247730519290318998312218386124490895002560448530990490335     
     3017862707988907174194929356974017583599061564715708484147805794075610     
     6173386588160000000000000000000000000000000000000000000000000000000000     
     0000000000000000000000000000000000000000000000000000000000000000000000     
     0000000000000000000000000000000000000000000000000000000000000000000000     
     0000000000000000000000000000000000000000000000000000000000000000000000     
     0000000000000000000000000000000000000000000000000000000000000000000000     
     000000000000000
