     4734041143955357145715802907091745795799238087246181231978094880803066     
     0458607346998356507296810958538176546091239231641583768975027001015548     
     9071722429116620724903732031521417428131100196248041451143922169324967     
     6131987500653724637700035299664357941162740647201948672739307551053151     
     7152104932251796237681761561908559771842155218041844699681019601912641     
     7904270367821861573877031300717958159906463502693007535841287168447275     
     2302614479596597840331480065111865923208733054745943193508568916040271     
     7452364020557727584272541040481634889587478631814266820666827095435362     
     5880158754103512059000037953931363631730001014447761974870121097581031     
     7647159990267363429637495135654628076139586345041552056792246067922646     
     7318479361573797402680836144773977054082064809627506479477628393136293     
     1428749376607815812777791083877925719146925012263958152253946811462769     
     4911645053507163882888277779798152565852030731592329868716453944458024     
     5669754236500127032182573404077783648130762513507548772406193068128309     
     9541960206376689835499127570479543039960584684579612563313236792537948     
     7548306165347178339630355774279394090725052008512844910075963152570759     
     3900333118735368766557328788944744596618220676165970791758625751632188     
     2787060792390089716832325002058760911834175284031757585512361781533409     
     1505627410349736611397661181272162642252196982678258230736692403206165     
     1002122420765671446435574565851986392810651265758879161637254274897672     
     3542534619813225080377729470836007299481236626026051735058666776354025     
     6506955927510532826862105940551245334740972029506735323997659886211657     
     4927903679474320883208005213811343325809754333672276781171296937667174     
     3421061272528431366535545851094469718741421548370689335148565680112241     
     8994758599509994572397590802344982184428430100435128501770948881485561     
     5658365738098008028165590558991570791757528911231822197685292872532139     
     9995176014529362406758012985022470779462185042578373980440848472065037     
     1973033643946759332933068768068467513974495278817353508715511912143066     
     2218417169046391513039693548398346899360174745606005140066193324558220     
     1468844764632398308819386818819066696483709862058883551989927812141734     
     8247247019802798924229183893320293679814863869718947212948661687937232     
     8051192559166488758120625443999904399214876166242150016477594546758638     
     9516823000962310543519075521789064950351982203275095096465629013771831     
     8842558867119247612321364322634921463024560015645590810938654825013301     
     4158746730505513667468798560805317352616402705138544258128250957110743     
     1318370788437378766290747721767042344330753006304912083209144537701843     
     4434361699711273593963680142580871533123059484165312342130018534205661     
     7154750733309492271288193474035195587859417766146520167302722047458259     
     8978627061307264609063385020376119622261121360190093217073036594707067     
     5803205604813247421259416923313252008710461541238767988141808870209635     
     2978169799900162859744748592815137358367355450931325239383018554822203     
     3742062800038189018882557956381113667008959908621896079781793086648773     
     3278706681010483062112034178690749378811526191578728208847714575315212     
     0360946835029841387902525611642580584112077517364422624089679108348351     
     1501921097864056989778826096817120633929085671530155242028998965956406     
     8137166411205934748725484582941595509426806773711977014127500485745484     
     2923610433298237966188416912704912614297625018561121260361373636642645     
     3495129908517673851635077124890957549098967709889113551524632480061832     
     6225725924503516255763469435655068696263663956385125304443358605202401     
     8707312822057270476195438990704009021147589788654414058975686940943316     
     1572557527070087418848732014230174705908324266569506873353920379209344     
     2010797603253588936578084182931572041300589543522300082274610237388842     
     0431338135751647262229666579285703403237727071072043782797317312639780     
     1348063575226911888209710210346047326400325421748755992291077581034576     
     6401438581781677316540096577250281137448986859685099672400830917162119     
     3297576496489624672715839183939620434337112808620355447663739448661288     
     8349069915233942264414853428578957195898925926372173789822600490414057     
     9402011179291970247840318402157078777061236773756571154104029166845920     
     3769720799484632909908305816172907156841563086293508571463134018965583     
     0138265165578045167616228031680962702785091239057610539036341706815116     
     3787597907534198693144702272919360349226160399434821735635691338357069     
     9482603126260435112014232356194455595935525318423044393393065211811259     
     8488106341534925427199102929137722953977624469035225933486933251639240     
     5966787261923700514932201790600787735483920157680285872749089767903109     
     8696579545997561678776655658635690634105985810851507205717170440700713     
     9040895575768574578535160535326580345120656956074861380131112490366949     
     3960448219261248838453085657178547705496053321432123492902075123891664     
     2086134638762085749414495684642630848327142583996766075528431990803487     
     7043603360461356918565366624495331353046357180591377027367119043026067     
     6719604218279815804765355014342455213250944411659455217182824428339017     
     7953566632093891531342870149002922654126329910450433387419179004468792     
     3530389738775697941912825792609523655867189459715367666298350326135394     
     3389834637936575242086907925474367939626834910425554080929716437333736     
     4837251485970955799476938938851457356504081731686624647985123172470364     
     4669912473260893889128604517444591932362044053029943575119513338997384     
     6876577689361230694425154076840961374754899380794839248808929024449888     
     6461236252945296022536387526678840810147347276524233269202861747769457     
     1552326127699270636512032945776502089808587537915083603964286022668929     
     2182012168281796941091131249596509020908291671735270626586775042425070     
     2036538434993999078636545442365034264465307569086002311371039457322161     
     2439062572643038995462529163438847948656213023182310597803865865201894     
     7307098431008180414424665245081961554427194436270274965216733986657658     
     7747261039557082466558674161099527401002345258227045635033795265147098     
     7485378202802227642532335657842487678825404671957949416778158446830854     
     7479718888869476250518367861755369841575249102759879101621929293114244     
     4421437238726976599067621820995812228370563683903897736714121587699437     
     0555136842840556244979905740318964556082519541539632114269123085003832     
     9571795120171387912184349525941119577414418248837063936860047150921692     
     5863802648784606159733380785004906240037351635804543298803676742481124     
     9953397965034863079300872834187608523402326195317460371919516178378892     
     6549521447308417755229253111841995062069264414994569869002453397776177     
     9366491917172842149477005282084192510959662354623041393393341111863057     
     2441647864938143493656370573670977805475364601751306345165434129856585     
     8502468769151188873921435804418480449990900016182934741466752563944361     
     5926740386535549040433202510833082035797474386441330257102399802026661     
     3686402823511887657184816212806322052899550304000759947994493869750967     
     7466331267503248412487137011937232701821424114968092322132621224785379     
     5425357337555418535854720787095720940642936086964677019612520115438407     
     0301571827545568092717800334732362523033034231015564930800268624884061     
     5709767099357553477537949367027536239023741593952908924703064593623184     
     2872803010087078082261924370394861074671274017584106017293371436686015     
     5082667160477683712302252214131509116924785445334597894766893401599136     
     7810804919819998504155158255866997704310971689321183059442385987573397     
     1753044898574866484295943071710962168329998518420945557838541724198188     
     0129420289233758706784910999743984192328874229193645828696948752098877     
     7694371041964484212109899935689858216714231354610344562828757729373068     
     6200583231909405759602889612431313010687458007171795421471070117531333     
     5207110548332533181557791842437394501936762424712425018113725015955683     
     5079501244815776212110489215635751460389453087469604284536981071081464     
     0228183202324663716072893753740663677024976179656072331606892249526194     
     5605856524856758440277378154421773195026584987171455925234049432297496     
     9929134597497084257811095500115588151903645847911695920086630918998120     
     6589453614862288027664739829422902466025075236260976210412025983466083     
     5549013953636969936631209394151186809643235866512003617959495077272428     
     5886328520878338721083616093853579131379804366088900394526266661118801     
     3367400539677985950681097990921709226441783462350416299372077015690408     
     1115313994711852085666498644321408698822550557341811549965477907061557     
     6985853384806207243902845703334636819190253950226013382723253434968178     
     2333863921374783613491777976440553620605210391253161658466676593648315     
     0395115231622485836482134386821252338911396967718245025707812742600923     
     7558348351819882708115761530376113357887614173002839148262275775835574     
     3874549154021777191192705650415383672581883146115095410722619348290476     
     5227717303332675275468908337028000793200565842059059601605071209402780     
     5511604904580946412187422779440703396338113695602732735733897807933624     
     4886923202812289242722246011782621044550016584629040331757596433046550     
     2671222267243288304304761468684655266734045026848770466104741709686762     
     2817883854326528546166681050763485967725896729802968564112449696894100     
     0785402900854865002779859362616282114764343899232800955881632382456347     
     3681139824190267329284413688977316773330719557814176476006504681813431     
     1124898439409911490689408041578427973959329756322353259495662609834486     
     6498414042861215310732471319694299583271298248924572126604761005975155     
     4511305574974238874325339309577837828647383853706038835161189676763281     
     9535659466763880134713479697209676673998780122396751816395257397789593     
     2593733805548759836188784884796637944602399738690396362902879344733574     
     9423561234031869759557679216616785418468376744730733931740438826569980     
     9980098139658975435051594565280099280304909058918592207132956901061527     
     2117829563024373863393356944436100617156905147512764180568016198455107     
     3309400012121959835462539421136262745501580847128508262183925275786179     
     7226287925298327546913336652458527337779871046611395920642124742734943     
     7709707282073339921536249740203816901344318469535473372727363562561647     
     6030066222013570940123444100481989966432088758295365993526526017628828     
     5372317500504359100916957972993378335653664028585155184138504090759760     
     0094860242600794229495885140291471154367279274752928201458104225960570     
     5942340000549950654202035375206134816301215212273229239984185711862355     
     9758698099455361818047499990590841429294169512952356774960534986536680     
     4572112848795538188692338732156687674740680789938597456248910704014799     
     8313130696050685220730653025475307244728147994620797565594628025020883     
     0024102455772595440720583341750764881682709316560059935971686406144390     
     5690637906309260869113008684066105643712081691972015751168000000000000     
     0000000000000000000000000000000000000000000000000000000000000000000000     
     0000000000000000000000000000000000000000000000000000000000000000000000     
     0000000000000000000000000000000000000000000000000000000000000000000000     
     0000000000000000000000000000000000000000000000000000000000000000000000     
     0000000000000000000000000000000000000000000000000000000000000000000000     
     0000000000000000000000000000000000000000000000000000000000000000000000     
     0000000000000000000000000000000000000000000000000000000000000000000000     
     0000000000000000000000000000000000000000000000000000000000000000000000     
     0000000000000000000000000000000000000000000000000000000000000000000000     
     0000000000000000000000000000000000000000000000000000000000000000000000     
     0000000000000000000000000000000000000000000000000000000000000000000000     
     0000000000000000000000000000000000000000000000000000000000000000000000     
     00000000000000000000000000000000000000000000000000
