     2371567945364216437479711889396412526076851912041819114612673860038144     
     6678684763957094163264001609400767733150236806041363398530197198131423     
     2939121312154881840011724730478281535636921915718503227729422728502287     
     0163293203679723864843921446107332438667517964156264454856625429966800     
     3942007639226206462383369129614580738889815544516766714166719901359842     
     5087529829792325168535972313147471673434128341840088509094546273562825     
     4197286657740414975194465244815959557805652442218649105057553660756428     
     7962397240396805659705688452601121488278691024724204340970666117499089     
     2030428050351242235222042923932893180321016783563648030579910567320153     
     8343741581465829262875970451156684435974091287658624651780477575851091     
     5503949074585837978601769794547896546110024921203469296664649880022383     
     4646690582935383238039418634068221828838256425699279409868634391421759     
     0988176857905628380435698599499509734453333328371407564666834043341088     
     6230389600120473448231919129382442059574270572057788201614705278746894     
     7712663978009807900725925932765680594388478319051437040022644809894596     
     7618807854172398718575476659773930377867046276566499859026613837819555     
     5707407338466888988425515384154012002621187347837752812173696879808624     
     1669527979569282915997711702901230769916178546330327733338816038833808     
     2884411500987364926784381327316098057101637828066557128234864200169267     
     0805929732021211812537223326579051395278515534908334750979654439603952     
     5721571896212262694252158221224656000678148319948862493563596456863008     
     3737982992993872883143233390111548007636822976679071791970936845944472     
     5518930397909762964292179983665767077407774968997643149003079129976747     
     7866519842838087333289515983797632817842268213569674397274037187425311     
     0592844387764503668443985444081501870628700276454234458896018043784155     
     6009240107907560741728057061269607279578917864323635609151868833020348     
     3262224559583066027300816901236257454267412947149149225569886696782106     
     3951842909487694781147283493050178634038024546840020295420059924766405     
     1274508132206186641802722312370781285935367557236512884895912792821594     
     8354802579599463457523194312003834580693591293242495438533658522505765     
     0396909906008691380581671122145378006541913684315556048674021079839465     
     2374281473633476372999797222829125758833181331960398654670431549361483     
     7157245076621647490110518154937655566020360622916483520730381305982310     
     5229491831011537639645596377932633036539306095553642858250702943917860     
     8081932250693076163805409853216495441502224281401484062907245253369503     
     1449803298206813113699627190304774706198201337686787819326833769560049     
     6701833413200730522501792513080107575415802452796387854386620322624877     
     2534166883262756796672132038300608729466147189674976067339041029194194     
     9385514027235254359349558938108950620605051687336161458819531223042014     
     8331565915910778425232739288921187961735941720966395231346599231623181     
     9507958224696216302643712589459994641676214987151571786989610009710059     
     4876160519057830345729139190859263248851658118623545234893261301023290     
     5925062357042942798128198902597445937595010730921020505022546373205761     
     7704862938203083254414876260498027213551868336489093526456576813538191     
     7219633319081924212388525072679995758946227380240859499591020639923094     
     6502224399274847042679959485285251661284088955182804947634742721421341     
     3547927952336192175161462692351689562956074631460680775703408300565528     
     3741125703464738328511255097188165367727424914779558477533953943115405     
     9506139322508990707436989256431438644231080214270900021409773446349312     
     3890296577550512626926269145802660878544839389539702516043464462407601     
     2729272053070888273130098395841710143059965863262100811198278180299868     
     6523991020474543219181254957031121835640811982375280702239417686156195     
     9018349735776632558522132605711249219248917768006840631253553760780633     
     0063251848675778822980237848660282707029163101991394336795615902116730     
     2736202827352975599964164214259994700680131452613659765702210173807927     
     7475708492052024882141907617972092918759344327869206485795937375575131     
     3637084960751006195048218756036793713936310906511927530016815832121797     
     2243280305098449043241631801440841492542358108255569528182739630986581     
     8947529844433350309416394937210381922482254580880974265491896772545661     
     9999586213535201011136966223888046628763338464000281703823218677874313     
     3680795916842115163434821199107726475505602712049909009004412776317331     
     0498143695413534552202382528209883781939878956800355763030726304964812     
     8659113996832955421595847611861420883071638348605934812134421592902006     
     7532252860282210651891236909383114301139255266507582047089678340732136     
     7424534712088339342107491062835684533059924973015839626080966378590794     
     6855688397692461934317911160245936720445644430216059302816830864401263     
     9466748801013572909925126451025003660643247734196044406016482981268004     
     9702782661008009117109724910043729749683160933469512055518889764664333     
     9840515479352864368531889366568899555169881575712899319276296434302801     
     8821700113748272621181084551236820458448639904089680771069526869059412     
     6421398742527852082533894239549808926794804847373808945557197494683186     
     8020927358397449234072443872692125325565212048891651828564063772791790     
     8443704896622213403767554807332864312642356193798114063687232369359241     
     3173749814724854403901186704458067997016165287629174281009342532580694     
     6274819900170488664205800299548322615987815408197213662944462393769572     
     6316038890020438161143125529987147297026735352115172247390407619924620     
     9941623533179122602832977042423801643211707404527351613649230532595009     
     7356110164112318074939451488737288035477279864020672586898048622747329     
     9314905460270996761690428257012302122527935555435125778908769003642444     
     0971906616458205511826084060089647473686564002156974458919650114446636     
     6618748252768397499141204336194440126128394194835108669882078875905956     
     9462720131571219008464445298648903948237461292182930371286290116026820     
     7612478099396664026283036612324921894145136904584953692353803928833549     
     7701257621278409986719620122252751475528251782998674717310319007438746     
     8304529294874263162293376938442754538801123624984862432335179374466519     
     2877480450858097504257827054898394690633132103131043962888564863277701     
     9511044251100745695121671769475263725152164913060436676153697679546038     
     5423036928560601327341285762444811280595711179943270678639189857827071     
     9702978606400472167622573214536495459267220311269671738640458943121015     
     6919129398432874510977103978123933786836675710935370907177909434582783     
     2560994172561779842331333365678580048374665880346295596288275992692704     
     2265539273583479633847602717949280216704425315559925369822252995433817     
     3173430286673257938748154051685007626923104924348480165928152684046998     
     8331281948052287114313709261779227766693116687966391393248543571870531     
     5942323684130612648423897094752992155137336476071505357892026235804192     
     4200004542462365403268369730460993594026966626507640784237486879466513     
     1296866474606235243312712976841086426080097174870629278518444892914985     
     0133565680022456510990092222306198260768490223730031484121682302927081     
     9318722633979413983951353522424667848235058528481272561459874389621177     
     6084535896080617620633828564011913416952824132245900626546019812447177     
     9151742351196638681842329603879791140859239873506723579126388372231571     
     1111570665641608759816187166900348954732296152534059293151608242424657     
     3958563627630096388427138666716945482256145643277295642023660750678404     
     0979041983352789364782117963642835689873397605416784116938074148172874     
     5628850520875628507001897244274452224218466777622139419028782210461586     
     3226663379846727598306590853511037195199541176509198750909734714946472     
     8332825511438062310049378406890315796807230753703711396877125729483368     
     1691934072181437346182060620393437622018371274173627888367260957150847     
     3522496173468357544020436010918618373764102169735655761310946399077437     
     2409974127546633757699996103125559598095378040218484387974069003607926     
     1299010262541348542429690739830581585068242698171984267698404159179889     
     8464409631099064885106205079171902004220492360081557698165093635401626     
     6170427596420655559684312149302730048682702068872663450963834247793246     
     6058132137980077440578104775558842128018867139397706787946744746374161     
     2896941230138911366820548358869146750543491954061299350421295593176127     
     6772932392393600989376572086929577274216774521691372608033310936366356     
     4435323298540988974422881448891029891153696180955018165117226680803468     
     1825590154884800321702185522661448779979162145399928890352120894390538     
     5879443068843362395941539235807452844115367933614691592412895438816124     
     5992846235072392237758510104930795724021488749423907706840903098183480     
     4619922621942717344103468720525101942558859141533625398594812761221771     
     7335924851064431582389115505838428409626218092954933022978064116293805     
     4495992061755955449774602991342874301319209633414692623945013988159103     
     2015895827982207407024161556193711352761412161672065726993274826383000     
     2272341655856258219011429605250155777434031558328078315485843096585390     
     7838788698525383708661253259382944067870207072444068280291363057012143     
     1355622578239006972457782309356965821310997429339286537305168419719330     
     6330855957381113770948922946621945014342077230650083627538723232550788     
     2179370197294588994707521692896707968256809932599574524155787188849896     
     3730076971083069355706584954167708598971846294902388562192717748001782     
     7050844048974738348118610388324972945533008943298370198959290494643194     
     1795381145718732823135901686661751377168894762474562115376975402811657     
     9287775762110380340925736712452910609850575762501620856058447177237648     
     2839597759727886631657208822665276511953366615100085874153115961033470     
     3995958978415470274783188483045020703203018926352094027628243093307028     
     8649095204661422903068524231058817546516346740636634512066365903612023     
     4888001915912422645768029492093429047159569268193939899569521070187596     
     8407177659913317544540976169794955690188300992255020619486539806105477     
     8462408870536586183966815355676408711651960531601430536255551585862780     
     5319161754167502095578080613871919375861380830790374447712451733699015     
     7937252841233839850513720908791661519159376086641100739149442407442513     
     4795955563048184334500696507308635200992041949846347271804460165637857     
     9228102153790738351511795284447752702245826094859787448098900111467128     
     2446400988380041047469179546043338795335216048093123896807350249573401     
     8241438418940660607322590005594716472167812260720496670559904412193783     
     9101037030028313817694473265792761814975442514635066794698734471383169     
     2433471736809596128845318302277192193106881534635440801984926417184812     
     7284860330435195881787804844952360473834726295172614585169868069502467     
     0120689159842983566336839974117663956633989777352703333669316818685533     
     2560976097204094871082998347226851339582529562336390806403267842106902     
     2122837728025424505519468854374773644967992421811651946838217311641741     
     0092219778556482085012673134111962044633214636956497858937421787651696     
     0017999447503130857888331546512824480389565230064033848630070595168520     
     1605112019725990428131728519169969785199105535626000082468998459358474     
     6626776776124622225960584602794367739498824691148673288912629472893515     
     2398669249960023719388935925657216858093868221877993322114995489358974     
     0093476728926629057239487632862461825884382071455717042469636908430057     
     7709538345314102949156690586190116033315118808864904369085752363501145     
     1284617057021428608599537013468428062546368148851031163553517839792518     
     9609722812037452524691232585335014535909074391711125723866974145976298     
     2043574991121881064252380523480152209471313231503197494486819370291080     
     3269637824096891309998586769108578873557453788747472244424218077543444     
     1864877254482527334596273614948422767542465663646370420041034157078944     
     7566188636313701337169396203096276769938983105682789712478351424145382     
     5891724420024002322227343483446881424214122367403391375263395655955968     
     3888556686461119204791350296243682437268672168321218749696733859110155     
     6230873028185770470203400974398976658039185977682385104831714201712918     
     1472902522824498645653803764906976003735300226499433946463096185810010     
     9746195117183407881649673854089253307693394189784064649292732281053041     
     8292454049067226143143574880943773948564171118875568188456943985190087     
     2728050259124608990420053801814773456724874751558559238283372116638712     
     3693389675394463498789198289887102597340965782727712896879041400213856     
     3941056370749815327485781543322718675368230771996517914886536831667960     
     7475111020769751199800681800231610534867113784895023767051460867684917     
     2514642936495725235899425872564143486587442032534457272087342878844116     
     3859914082042039182801353578746654046060789797499118843694879158107011     
     7872390032638070213734961635029680341564489018329365542934622859794510     
     4563376251262363232327182441329166780211825309176468105103775528197915     
     3179267703253231026994026004382828929318106815268314950261014430348495     
     9553015957038626404410466557623001623738773178277887662673309849142797     
     2818558342355037122936749074344567266529465803174195551630115903880361     
     0740308810879404492196039161585285715867162357854350901338093878537424     
     4001138604007209128495516656966900870988487360411269931229929941918722     
     9434375264006154324274523256460297299948737806003393781791104795293424     
     6614144891508672892899696905550970298885492279245785760705787474016209     
     0104012387762526823925362239465009877807483712987700613652447077848846     
     9162730780549164819849094159945664486964091154125383683954940058040141     
     6650739540710094188211543772917719243558255939382823623870660472247134     
     4801702282641444023919449771422389362180156316087100643200324992400218     
     0048798112518502211830347290379271024012695892852351512261332011015549     
     7199133478468881081118222067326403369609842712112117256293113539144594     
     0881010566294466908151349974217939177931915467086018032621476358959480     
     2794520552290937518551438590456622847120022849179884934188483021089587     
     4592554867115168536347351114586427451230872804584707318149084682709612     
     3878901161775386754251957662442208990743223374335012383301574266149969     
     3055968243214233211053717237907017266637430672558042095115709225238311     
     8461846704800531597817986832574024539905500415375882261008984945695825     
     4231424098697253176668057613279262089942549812108818246036818726979700     
     5054456533546613944078241324874142805676950092433097455605992534138301     
     2610434097558973737533510266832510624218981364301422277520494302666304     
     4826861640510977368998909951928656169377131168960134649554661164686994     
     8858209836013399887932500885555900641928967707091359096869326335829454     
     6637962010053104501627996921489742955890230049467463856636218197299166     
     9552246846932560392083606016878161289326246362444547865046545959542743     
     0916766078024972927344131071763823259428729046026921023897600000000000     
     0000000000000000000000000000000000000000000000000000000000000000000000     
     0000000000000000000000000000000000000000000000000000000000000000000000     
     0000000000000000000000000000000000000000000000000000000000000000000000     
     0000000000000000000000000000000000000000000000000000000000000000000000     
     0000000000000000000000000000000000000000000000000000000000000000000000     
     0000000000000000000000000000000000000000000000000000000000000000000000     
     0000000000000000000000000000000000000000000000000000000000000000000000     
     0000000000000000000000000000000000000000000000000000000000000000000000     
     0000000000000000000000000000000000000000000000000000000000000000000000     
     0000000000000000000000000000000000000000000000000000000000000000000000     
     0000000000000000000000000000000000000000000000000000000000000000000000     
     0000000000000000000000000000000000000000000000000000000000000000000000     
     0000000000000000000000000000000000000000000000000000000000000000000000     
     0000000000000000000000000000000000000000000000000000000000000000000000     
     0000000000000000000000000000000000000000000000000000000000000000000000     
     0000000000000000000000000000000000000000000000000000000000000000000000     
     000000000000000000000000000000000000000000000000000000000000000
