     1961414538812368139752286154588402462948670069496366037536230618985623     
     2996262679460040530608450589641377293555794571293420814192606143480024     
     4134075481817526633089872226197598925711023487359814014122026148979577     
     2472874695871275246724229938218985409492382959062247528090041072478797     
     2077691661443757419939265625260270363783305291914058861046152919642641     
     7945395929376473458845740219288823045591050931565610483454561568363910     
     4625342993261817730715943423064197054118319803695921213972285467617045     
     6010327232180345953886286545665084232549775414794441502136795974614933     
     1525987808152000180596362008975583187854807335026907474480050510964218     
     5920075254170708412821725400599158164744004917497763322529497252459724     
     4791219948665226704533937247185738650623189723805603286478389368755512     
     2663305357360076794443712895506850378670020158680933356176313681248401     
     0317920533680124839412969540040356938266124683416167198906575078596267     
     0398286591663312947477588941071056432350333450584967180954587105999198     
     2502228495196862074971713746458935796816362779108512414553290033769095     
     4327224626085662924992074015618305077481260868182875845156004166477881     
     3544433635107192232281077115884782627835581932722720123024787191013704     
     8607714449252520926276101474814044324434461289467711198428470996534470     
     7442825028896710520848037458281560482171622307446008493141621994238597     
     1710693506742565151004132856172032521842941395514558159602214837212255     
     3211591149461893688529910158050540238714154402917155884627914757085853     
     5873312868191297919587108564468966128430917929517649548739034324422136     
     6644883458337485897000966915960274110960279710127467952044890761820591     
     3224071592798040272422446233912882532447563035215640886886583148681713     
     3925217458519950547510190984266686688019863633547333537236780918673332     
     4894519927992305093409527577648733465347928605426519060694465571170305     
     1364317822896548001443016549296236937435445233000487756006844194850030     
     6958986178304322120907551905690472417643830439001564837432469601554890     
     4166778498425075097672490909129084173709692916291823890685408287145538     
     3465577000776977909352330507008130615439146817981792772069454998694195     
     1250235553856077003714653292503904830676946466828977962542953260156529     
     2787613645243483158825122792550343915369769089917074845118398620955646     
     1668249593721453639242236487305159774365433544209110522203905067527750     
     3529749100728340290897182513005909314953662691330832291110020608177340     
     5942122508723156684542432825741012298132471731000733572308862010455939     
     0860810976962833061871385006715331744338095757582168890026881614401752     
     6915161420514580857697805748165289421772221903726445697456978881355592     
     9508463523791491449515356129069500319465442883853452900809199752346141     
     2174616898988969213378990910661936531251798529267373137726557541089588     
     9695277100096385917147321576163269311751457567077290938319453725217622     
     6637119152776699091100145579124119091359975385902243336405917818453419     
     7473225206044204566154483902801608111343835800910056024702849945758940     
     9316568154679482029615234962749389588177060563282332647851605895425815     
     1487590612733025980456693510794827447959094394224268674179411182507186     
     8235318937371363875713621361641043669591805873260028463404100661753229     
     5630754923833972506512734140936270717913972582011695969151778903768154     
     4363865360251516901243174303817708831511615808353328435131178118145678     
     8953526653143244881645740512189022461667118455518211179697592424245136     
     3019188093456405937788773477295350125741844218369527361467117955224279     
     8326151046576555134912486186638636776309732969375323235201521899218577     
     3067448274144226089941118769673575824434773883529368920693699535065492     
     5535100010981027800664254703325124660205309636755097860318046473658918     
     6252036957601717195211517639080041346003862328876643101222294124819756     
     9170244680830918230859526838801610848203475413518919955780420821048950     
     2786982380026914619663120191539750102743993328456105021086272628942075     
     7768543324375831616010180471765141391566966137017884601573439823738511     
     9612815585416258749179544196107339498801319537419226188809086444942383     
     3266849926977017313409345038279142777857495081593826111889749189515402     
     2525607016275883404236949972620402903841149024639856273285635533129549     
     4838156594603745497143509868131283809846030092578827092467526366135517     
     3281823533794621569398682351450386582956212040675390759361455113732878     
     0182423584735088993336791424883106450502300787805655650013327762265196     
     5828382329709815754330812064245834032914545080718723110480871112344408     
     5521540688436819221156175951140743940748617572526279424444111142424504     
     6493451625311641667349379829642038855221848433533470194656197339063612     
     8597915197902255998909973260588147118175516430014787503062696762466160     
     8983137667336646245833283469685599246857247195508402539138237066951789     
     3353201951298211769074791645714224820928100794159398632867870884399739     
     1775015590011831319107805207045756484309995166264443661981940013356508     
     1963029060367274158821039729780166138916883884081879103079237366629571     
     0970883847540059230691086864043721392395037492789756037781920279225052     
     7839033409094943032047041425513628736560295945846569616207081474418697     
     1592048468761251689691654164167236055757721966387616823041808682602617     
     4254021789338174170324696086821613712885434702597937701046410898869458     
     2155437620083085898354876273837553680725501941318227016816607740175854     
     3219235505254728035777192787543318901048435867959775838878771369371089     
     4825753870786374046883836985394588156291611783292416961562224314576055     
     6914831547216909989105655662990539583000655285361733750443844154409898     
     6871106176069054076117603925476871128352757158957318987203582537143773     
     8422769871227159285698995383289800394520068771361936851323488288476279     
     3061068366454935190464977199033057186806985826737321417889308093811014     
     1095621111650464249381652239256133271407141803026276905405039477149406     
     4785284253311113858108611434032224518829729419895734588316157639764996     
     3980076349372358142133729131436404288157884157849169634620535563056288     
     7771070341493650573685653807405047253499501640238572753506536553572484     
     8757886079448765875053351030908602157835704433059303742057211459858423     
     0605019369567337740791846007963124162030002942070902802268122534971756     
     2689117055518936644779140874695388154899937432208864628966002915853430     
     2833900551461589593493231268664397032084710587712750269747426942817039     
     2219368827806761101245174016881296856218544121856192837525975157453742     
     1223732001921270760589376451107662856523058214773459670369373511553478     
     2719515072409288990476902053924447189222819596743598724713801163571788     
     6470624586269296193963088671803347625226517337840666168337649910635425     
     0843953418403246670067719805173664081607052589680918404719549011337916     
     8533514082273881072339769962647132961785841710264651174169531273497256     
     7452944673468469843093174799456355321957986685046626507043799742715590     
     8669469525372303020312851719313193632456472816082270471347745590789570     
     3229637153094324647833052707346346181547317301603019639687906234078805     
     5273111676569931216824598008363197503799600838508223526365237696910747     
     0303308815891921431005072297195562008292647062131976759679601500349312     
     8399708897024826513611439555523854078555806673625760830451901323956455     
     9387449095469245916004571072959268254219968835295120451497137317829544     
     2613573062416487833111190310164278191160610235485807755241611450240613     
     7237456889429871711559874199032752243694256782243119912840185576066103     
     2576138580433804301142409841289356820327424876686885305777014080428358     
     8883558619278685080819498327703312070408255816401689365628506123667865     
     3917541423755570059880326979355800798641429867822349472947610483213128     
     6372523096245740032770263907388575962950171113369903359154185558243989     
     7971950247746502305312626168221120042138301329540240390571679667199682     
     7676303607682441888504107665105231691438434782219056834659138905923422     
     7147891940274848606643318552144038307619967822758736799351159654075845     
     8602261710772261693746485597730993277405027866339264683724458591346232     
     4713980583441610301531709314512200061455490043923502301116847320708520     
     3315497972041834956119860895412248263561213978616386408622615841646852     
     6405280470592167293856751862352209301835738066569185301583300601491672     
     5563139782488715230626842107002368366701212745052264301206262835410929     
     0758459709835714344309419089957849299264596631974378636513976999715357     
     8359122460298922612474382571338203006139809714592391936341074421040356     
     0418233446782124122593181855305411429417446935493025420304349658590668     
     6239641167067949316427804812589021127265806482185651525532908405819298     
     1742512614828491796316184002759097218557543016962339968280035014803379     
     5492090498499436222976586371398035619928400082027595841571147936508011     
     6016907354363033609224942940997003403986158557896562487186795387796423     
     3723243737038168376541137019399907897133286278682504942334118619087042     
     3642848104264352355288995999221312457345268053223571085260320218373773     
     6082371988130448671801339480869685763298740302876490218263875434341112     
     6596608291811863800951666675431338176230832754201747527610264047254305     
     7737621074237429795446167983296489630114966163915087354326257783138190     
     6775387613969005765233554373932987034220971950841354859874456699700502     
     4576876707457243282104853459415416072528306575944229625461779427519771     
     3009709062349169331017527343359810581619811613505057826707585256322931     
     7140185488443963153712022156804726352796360782321946770279479951725607     
     8048299508067560588888581913738967392239225453900327585122334174263269     
     8252823449926658903175161824842398336371685789402980517468319048746190     
     1635881460250228364495675330312047330299367393189850219130800198327692     
     8223980703404428778924068874152504510326834510832989448166028193539523     
     0150759297989020518633615045519162971841977932154856473925715456223109     
     5328371931384236099792776313058448687897272028481530621388729707984465     
     1860855480819854577038399807976363329642403157320340295276310686935945     
     2228319748622455238087903402341254427732697248200234597996422674072880     
     8730511846439828867755472264318237553603319313079044880992532972708733     
     8932252737218598161904629213014213662932529796596435375754103176407866     
     5631392811191507287193588065495638829328162996368225646384802444955445     
     3104054566148480370838660572308455122528728357148829276309407481727980     
     4164966947159558766136762346457121933680273528366385827660644351675086     
     0800308006855981528880287238856891412405545708257941855349797881029325     
     2218539103115670198397505771975138408475167671745945451777652394156100     
     4934905165829552372928030114770876779340636044847773153990768782940969     
     8767429647314967672927302039959693074600309058770985826481308917231417     
     2378016469518505563015661762723988292640091549658966688941709422975858     
     6336499391866885947050258465593060806457223880826396290212782811982191     
     6403969872129254505512160382776928690460141788541523297267951556646967     
     8330419503033928024505300005441100673776676405910808454394319898292127     
     3498139848704998677262533244925375655100640723378837554292074459721043     
     7128402238691709550977373282324619488670992066798472474210593674014011     
     7619976772005035205746123567460263257584883723264336168130649370700919     
     5635130060881698063059466462620406897201518233414359663858519457548779     
     2480047308731107800586696800313331212004878244276454954310772555930057     
     5931803052881576096116530652039572564774626255570395210986926910201071     
     5715933278082726630528804112538717300236000239727435357439586861504969     
     7046375216930950696016844382149756359238497641811861945703309036284139     
     1363956382794068207435103252747906622077553730058164243582212831990484     
     3600659930405970001519610997449549209958628961994666018353883871963473     
     6282796480281629892262859725481787099038640558450552572443433500412407     
     9406228251796580105223979778109524404631017627300898239727372836755037     
     0511361746580767271676478796012319903244051650802091125042707628594442     
     1591947447083435833460496561220847528122551443706373117475802539717463     
     2847249470178097970236634591680513156219200180041490977352629555064512     
     4506125240794688767214385554816514154266124255787760843006092562233783     
     3377006788891910623463032318615311080489075534864603177805903392546809     
     6925798000374808785731874228950977626549883217476099672109868415730512     
     6494002446553493174750282322401617236757117192708560686632600967085021     
     6610912898699582369912553831757756293396486944108670720682419263322371     
     0776464562847754725592017330088387408730308050615673389987464027061688     
     0393746095350037996604556683470210384943190666247345636002774208613189     
     3613810211434290442581002444401490037387759499893669597213523413645709     
     5279952910627473153010552127348536201077971427100065890708196490669866     
     8888016257076419651676653794161601719609442942390689304638729438141120     
     5055517934305581980695139987103650429311638769752863197416636434075295     
     9525152221591498064870979283788057398632429237078823266221811215130178     
     1872302157701978009799940596565557172630322104476293683789873329557464     
     3939803656087445540241364321490112396741142987009664713445018580763577     
     3599325486828746011892501505085939763881905514253873125888546193522020     
     2408577896803924985127287777285136963767274931622005620985263707875710     
     9324720268507510431763553003048376136613038272647783153686983618774548     
     6790394926750691753770240369508466081675149027338578139153251870466006     
     9239940839210372567821268407564519053065917816747133237716719371471635     
     0900401355447964601270208574063471620600727201352778020400436518699081     
     6681242257181625492081301567382599857907177163899799925601926364675461     
     8902905976592544700122570114188695808856853674058445632551652084504732     
     8009564745668128143892367787950278695295548792424769368346423677928577     
     1443162497002258288778755058158942798548350236664816432392127012110883     
     8391551414701651728865229985876886592254702177836904582438803046302160     
     9511080065256760551934970766259471905150982504952068932664436090624449     
     9220322912841612244659618304056058330530408600205245059417220796736238     
     2830000000755250374678390146153941126092911380497767493851814010027970     
     3778491084566315029405137438393391465934495993884568062406138185325743     
     0838522281192260529684662358247196206179301543065911590723581921669458     
     0936361331420134723919349335123006109107998447702143949904439627658643     
     3317898997896409348766655485421156988159799758461950569561197044833396     
     4564005725822051058783683220021099833567973124634409500960625614046159     
     9528375882337447712227182318787822988988575542438910150795810497688366     
     1996035671177143330774752094163347744368213158529703980356259524568915     
     6372256560419699157516376276861006107500731218699760162372133919157596     
     7697810321562208479159185529055022029725930901248456219173020752029038     
     9337601959459696384401349387721198513475166281769439383061164174255682     
     3194121212124381007078645995778921992334818356308314476509694445492708     
     3988835072310766387921005865572123059606655020109349728290418876572996     
     5982273618897684537285609624306788416498610211581353205699625351274264     
     7668496528470730938127043556146093303677909893250561736929750516764056     
     2234971290700061716845998791554393233143599494535627410931744903543505     
     0639500322680837304859196653568000000000000000000000000000000000000000     
     0000000000000000000000000000000000000000000000000000000000000000000000     
     0000000000000000000000000000000000000000000000000000000000000000000000     
     0000000000000000000000000000000000000000000000000000000000000000000000     
     0000000000000000000000000000000000000000000000000000000000000000000000     
     0000000000000000000000000000000000000000000000000000000000000000000000     
     0000000000000000000000000000000000000000000000000000000000000000000000     
     0000000000000000000000000000000000000000000000000000000000000000000000     
     0000000000000000000000000000000000000000000000000000000000000000000000     
     0000000000000000000000000000000000000000000000000000000000000000000000     
     0000000000000000000000000000000000000000000000000000000000000000000000     
     0000000000000000000000000000000000000000000000000000000000000000000000     
     0000000000000000000000000000000000000000000000000000000000000000000000     
     0000000000000000000000000000000000000000000000000000000000000000000000     
     0000000000000000000000000000000000000000000000000000000000000000000000     
     0000000000000000000000000000000000000000000000000000000000000000000000     
     0000000000000000000000000000000000000000000000000000000000000000000000     
     0000000000000000000000000000000000000000000000000000000000000000000
