     1641813806970371234684570464382655252945116174054585260452146399876121     
     2613255675715713507767851953824835882164467064409501842394752070412818     
     8587632381724869774171968359169631517611243542780704032986426683081207     
     1565465562654876106489919425706014497733190225602524302642465300493047     
     3980153311605032702133092924282007446652356750186224078518937067311082     
     9544990533778816394879277890816271544470511991662328106676284225354262     
     9865939286800493290384422132125056789609513684752902170781246846230079     
     1070472764417049470601442599293278742329636841023634629619118258241985     
     4063285805474098463334306733354471245467869743642230339918763003534100     
     9171758841503590571384573613658216628411429821321750122887087322220087     
     9942573939717955155504858020716458705143144093541270673161035588979937     
     0423489437242735418077399542471058165168123414738681086833089414956338     
     7712460385071748343055894183864227731452264374791440532375908818487363     
     0126046177093084949214190436616059576319472936977225969419758498198734     
     5881628110129211215650058857971042725975313220464437478039206232248368     
     3149097377870301995983931728549854962343885581897482144099934530920096     
     0630054414298243905806854676309835339151788855384495824111154416231130     
     7393586578493947917077897112597662648992472593132462282387764365385309     
     2095037122242405940805250970000511947971775184113604135422735552897375     
     3948320820919117386461161758262274136806272324299857305482256596804979     
     5328259830179397098794846429981623258558282701789533961454314376545460     
     1685409975977520394319460254451849301130304643997052914691841913218110     
     0193422535225495558426322927225595621178524582268661027855454848758435     
     8109146583552815545296885366454992018641715277445269688212878328533270     
     5009641601529043019228783002742332774562466574337044082385239818135577     
     4086989637672542304650738368971414536119096956768241268793362847345653     
     3936259439864954777377583007298480718626222723794187577199755469262555     
     8419395653659464334544152702343945229403971015421362091681197321336129     
     5038242527931606018302655747566965305388349272542431079029864983646967     
     7775630059002880209993124160506073337415756669841332304415585461561148     
     4977969215603364296752695573642577151048083365213899221399496959253554     
     9255316950939290521600473571448549556180210506939158540124146612017121     
     3895491594780156563213986383150314968897870471201718523870618654226231     
     9140311668378639256027712614642344581186214334318385234457322538873786     
     2734866274548394654689994105775472045756577084747513527277411836968327     
     5922276627146342400000000000000000000000000000000000000000000000000000     
     0000000000000000000000000000000000000000000000000000000000000000000000     
     0000000000000000000000000000000000000000000000000000000000000000000000     
     00000000000000000000000000000000000000000000000000000000000000000000
