     1965647611585937902577520630960469537461774227024917474737163761330356     
     6589484561800570107827141572716236924016915078386612788236219098150679     
     0277663399861811006202358228115207791035961823288796299550015203230703     
     7952559518463786792541582421071338761986582656895984493856129742551507     
     7010607434996375508965491204127250640711208491847897747630041342094724     
     8832424772152073906249108519085784638452514515109883002159555957112371     
     1953918575509951814319007736292566626616440904178423224866590470093941     
     4682648193069889495746811659574491804752070648745543283067986621567164     
     4827647814919615968793972362869082062111320600841896507604225099391797     
     1074331700395529057838506507298890189484115823380108233476702607110025     
     8727657682042162626932599294982694821684326591926773138058959759002229     
     1613076467510731144369346095715007953576499497154847117930918438670869     
     1773050550692734053882654512299541925390396798003040279213612033917699     
     5603639106067003744820756464170914368803484893945234482027523313785491     
     5820092490167549023086373957174950817417745751328016447253857437875299     
     9761055205936219076249248975288528874976492411931502905764847355784927     
     1186101416843052269594808216478729068088471954183302783805298808864844     
     6801510524079481354792061069775140463310499091658983422330124048701755     
     9027136307716462175534897763055687768213727775399535798951201844555886     
     3394839453787462366697516829550703144457951288965803064793077979045605     
     7022986997435410473798093386086530289730675918855253720052815763044599     
     2844025799043885119244201299463652297643157868681259287155860035934407     
     9089726210114539319371017296890362881347291977886816724109160313440339     
     1487227162168602059354507854992580316883490049096682348818282042505964     
     6511306714540917534276682183318359774682404480074619811371417600000000     
     0000000000000000000000000000000000000000000000000000000000000000000000     
     0000000000000000000000000000000000000000000000000000000000000000000000     
     00000000000000000000000000000000000000000000000
