     9022118945088632118419353288571436796965942965018053779233160090007948     
     4437892077465226803526157658299873620696351427789228853007525078884892     
     7887412255046285907657694767835182130264942801024363180500381733076036     
     0191241310714073724474750655311704080606945315760759514426197137077541     
     1001960444729672330304601052500614276738398243753048738333062813533892     
     6373834515483773553252026771783972207583780880263539686988172612039772     
     5818219326236177220843447092883079319335234067234702428710618855053038     
     1453416858406447896674106108555709475728547852564542686120411880565606     
     4462497432992196728322397779795043297530935812920106972944355772889177     
     2689897025961155413612051626578039167362237481835745969025639902669562     
     4074840145094916233890327729526187083934735783999910777947681549672232     
     6362714954571502981438235314104728357275243224828257702632069860605363     
     6286628445558241362614638276099864283666812231531927407064247944246938     
     7854420682009084203664685464979922386874123250804474140628292392457400     
     8120779721881857394629595004171497981107294457646861953205599603128480     
     9096557815122963897611953139755507646224738409278938281655924617382991     
     6366039582027983699412496005496026039993438718844136068182663458054272     
     1571696170394997884150343306955695177143688439878976294725095011097918     
     8858097228513604926269979922307416700239882875017334461280019819057137     
     3528339780445590582180685808425029854375404566860810440561825180173027     
     5333223442291606249562203350776720841141292311884078528707275404504528     
     4993518142992927069090345782690889078779664285965127421393790965511022     
     2354095490430514243947812589198853087400004146270504712424436541725029     
     4305470555921445600398624714996858075700123307185634384841279143522956     
     6717502456168886618200912330900912269033309638831381543973794862088412     
     0313148079677421708291367664990940014390039399194627380545822854004116     
     5472629241128898640447365407727567869796346965760106371959614817096767     
     8538488624552867304474306685668257012306279773534473818196016447544097     
     4676033528190796779226891221975938947171776165528344628538381326648304     
     9220871071349839149177815178968312290703800443362278081687169038743538     
     6521818957730093861144086471412173595976273172284165897059349787164752     
     2803926770736629935030007116861182024535393183895807825759529307091238     
     3409462566183015906674183452259168250186581374862684702049280239553867     
     0804910563517559225655028579918388606909630017219248286051018252884574     
     0449095345194826912980572841814796298000223029791899754692076353697598     
     6584029957844440380009432335701360476832400437485383329603829247125076     
     8492315062194611903832356456940034654509107536284503517839717628446095     
     6383012863041023466960169678374582439399647525827785625033587251625805     
     0069567725077965131184743868609094465634837193067573553309829271411352     
     7557370009873388785748954279864054380292250967012192096246425355652890     
     8663504646786450265409689317854959509664173158944415669816501780550032     
     2778570535273375192028038114386989640864694601673874397442330183039002     
     9586391374735160445452359956734343785537157396890829662592271248857410     
     4817849055279576447252010521092297226855659923592024693491760991326195     
     9855519758984609343141579372468800206073894606001833994957372932472695     
     2800267530572357142200508477099522571015071418329698401344497021781002     
     1791330838606340619420685965950539843995932175495445864891842213679864     
     8155156569934839607084658439852966806699845523681806605489363284310022     
     0509012529438746766299175546960598255166012336731914514335540249994242     
     9923994723549277081592064777405726470888857300732126581324627024069877     
     1086252835239171361640053561094806252146434820089755142291446261810678     
     2572686866244265288682373236131151552797440429485725804341146834747084     
     2346584233621370382240194777198364422159680317784713103119672814083006     
     5996417239210187128910477492430453713905522772544208159229679446389418     
     3719313984122003952484211646981926813679195689443506488161193050141488     
     7372342816128147148966436160465306380987824942352805081626283169646880     
     8955444348975745487721689893129960518300144673890057480410922667658237     
     9020125381676473620503611158894528306666617327111521013503569752287954     
     2026971397229234230041751052505860520419806525297635646454726325376177     
     2413516352017279450074939535231088817323127059499192774814712500812195     
     3919479720694958443464675524107426824427097975060522357054197065553726     
     2436940022342900563246865740153437677922452362837310777358376252586850     
     8554721833967407235779975073607179044674881801851506293589050501883637     
     9874773948740723679958098883571928930256913950819823790867513873357620     
     3554758965519041330083687490330110898236964491298342617098571877464349     
     3787335515393437688201934284923592982173668000739730447632115331804066     
     9320034187018523875301362231021943961198882554690802672923519616920797     
     3881825107940377057718890411125914375864671449042467116697202099207579     
     3750315039378446151804776527076231498583482297549494206903897740945547     
     1964157090156695202573659479949002158588188789145057947478262022990417     
     0462007907448049169614908693561359736058428965863508668406424659475817     
     3703361968066948987294749076998322512979755945052051922907853354548184     
     7721292927764236734998283387909200314327365905744023136538118103760737     
     4776525624741499560378348800044916256668816024448291371643804159166990     
     1811546911820515330703475129342225712222121371849589631553024457393078     
     4246111893504735987121824306614148269203734565152966027782808788517809     
     8753574983004217183169698208455973633958102790805093472326094558362845     
     1682566857989468807857072600790703368784673516500948531610982798701761     
     1749493215557862054485130439358235799637391509936771036426323554611153     
     1302485228368299041384127661753165863026838249433133574878909127075545     
     7914918899761118688442622443661070977775429792176778761442402692936419     
     0087028453252800156586170199125736872837417094175047851405660640939449     
     3141610750619439745933136034345064757083609973373749404774964201783176     
     3616317871727711550619940356679346625658086375924570782816140739147140     
     0782781947522732738383087691562078972536053514495968440333702786991624     
     9126396730859754180275260183311938323103491475370720011262473822066000     
     2271578328614449581710195586440845651603828717600052307626451575234998     
     5708726346710764584565124625580800210501518826646755630108522587634384     
     8047227184547513430548981735086178421293624980591249906686914825951448     
     6364743065493558135591164737073842603788235509345910336442164197752822     
     0698137411021529754131568610027144062389677013067082390815370473699820     
     1255503343185509103923257747936551921427461618046919124132179239478587     
     2819270852209474504601166049586839535324517062696258990002786047448141     
     1909797622188548832449527941476206628437177299949942716730321452354785     
     0354660612799996514265848683266764970667359639105374939542065940656482     
     5521638652380128712748341618870624172990400182440880399420559875503151     
     0774656906230477202157646894636000190105457182761494489953212120106104     
     3580855347730949518494975252290919454734270525344495392019377796883272     
     9181192428967187862790098423454455188099997339534651236948575791721923     
     8180599886293248630687333566830846638625790641863930398172037583668515     
     0579484817795902455640725848604257488164783792673068864754707367278995     
     7793427927495815619639584802471365071718039224997682046370697578606616     
     9313026316621972635837450680574651935060861165874321314902144137865491     
     6073770646871562187231280238559057189167080302517471841314456749614912     
     0073044917539237581389825160440345651622106577322177762542134769299262     
     3237516597433372821787474371841629222227259229869115487652387503886592     
     8611338001305970178178068730625184584560136670381547742116454227568082     
     1805979380817463575978198752400522765876024876065666248320926519532136     
     1096403701083239416351288199635589469833715497739245136145105737858092     
     7640284604458748802529446147727299953326559115176481563621683506254420     
     6791981760113896530618413332624716404769153091732301337842994875154817     
     3697346650332441857120235078253089847721020803344985237329488547285112     
     3703725067721808760052558494105266851795779196556362544837209245226306     
     4345641149462545332934544379766000424372990339647387558618429729010373     
     6549286540935571116826333496041631669499296739953449825037268941241559     
     4896160151596025903341612779494817254774961253942659193868432971755395     
     1667598409154605456583448735524267266727649906367146800704882451612257     
     1062798415212208023740545795053581099064516678988928115560094228742501     
     9364778313576744607592350248942267354606130310587064446546133553476175     
     0933644439053654276200897842633194994692968192422593876491881516435156     
     9195744380462998752375026111154658665382824362816648474077839145517453     
     1956024260554082790809077158942908446346626486483094470860251618048273     
     3182932455775150417925990556730555658401772102890434272666849494129659     
     8528618968661894932442152233771504951906483985718944402110881750259622     
     2449772015645824084744669912132523492956498858273344552843616005551014     
     2968752532310415512774403348161044500705721635899964918360212781860494     
     5520770656999032405018148034348327331009697413637875956543871823618012     
     3476181688769307717033798857346234249375076634728873604348961779094599     
     8396202658727205781914084511774145365647112422328601861023020707670154     
     7597250208759361935622882263407540273782086629330752083015537999683574     
     1551176443129085216569412838143090144488468784899489963536874147479604     
     6368030453206477833305287004881252593225173597756420276748996411952821     
     1909888796088577052212393173622442606797447105311175784298687942188902     
     7693315576849964596335881478875231324283493896294337743566297542574476     
     7850830081513954604781559841226906434215975694329789365911392341043350     
     7096951540007517947888476669892550312258849517684760671707140865146119     
     9764931127627879523678370669200961167845597518696645158708157034852808     
     8549751883243625195248492593905787921036089299813234174370513369503280     
     2412841382225167117061117567299959777619224133258952805376097461121945     
     0185500565038614305200167572095217442020338364997327831127487738815435     
     8465084866417373044180602524804951858405705272833038168897502607366631     
     1869022766959405757942061204357221077893599574595659758274249458304168     
     2379612066051490997081050363828926730666097927087038508915338908182908     
     1634328916186673615680979111662282358902974816954218761906024027043854     
     2560738561665467703412329514562214680111007383265422436503926737859974     
     3390540314451764598388112041401163963444640429823233380808500511542413     
     0144682381065004723468076037965263134409139507641457998902436889305370     
     7666657266857994680826292075273159559185793894797689365791681943995843     
     7315399112185097899007324855209361198025336648960220365065145558887683     
     1260323752489601670533656867527735661265796404036663786562566869009639     
     8952743644008391466439300788471803532196398088924309424880999501563994     
     6708139230811529856247551458578025000012139092071930823195416780860445     
     9308784726091489902781534937481661293997552699239528820766310909496288     
     0191691143439983436063551750294768744243901389378721683419254464780293     
     8585595425069294313751999875244703029274287158865136946332099369932416     
     7953162368140975065103900698663965396876254114078501021204960691861182     
     8148643812508951920096626434176403803952390719298120710046220832955862     
     0440628137001578066710000092662639345275603687398763943004806555787703     
     2047478987331163403368403395534180830471502159790154113223473287168037     
     9149155503749831967154802996977873582220784645540258015051987679217614     
     0495268165648527715811849581154316414955217729216031639583357405331091     
     7221925571287452350198952140243323432881592857000715656412559091665468     
     1351137622136919579799329135920818272376746595868547045621807631111806     
     2788790574412245281339261801108121799284181864365043865087683664930628     
     6960939848602183820121052366091494884916223936993059061867143782581386     
     9831628695458097853115335948776389482043290354074340715064767506055106     
     5970559502702208698186455443412253637930223048912668088525871838418613     
     3706072217145433968509803810997743272523344251830281042563269457729421     
     8060822185575067710819802023205544630080041244133936666083878391524516     
     7149534116084860645616695227875574197256044548640550321664651583951037     
     1603246958713257100303254624422366700565454476513001238326302686366466     
     2680488001361295548749120816339965744951373330083908084801090164308089     
     1133878719447063780812617743011116013049899011956721592197932871152243     
     3337006381928386677917392613057023739698110814647286032086816096145225     
     6319471524608311278321993072498114158403890703660486673885125986248081     
     1901652371545849482874849306238696925417644692707158986431378465183727     
     2333212602775649083182677439862659467614603188606642171052010984298354     
     9172163648663488273593936189379399366987410696952157749924708342028734     
     1796505837034264774747159960060574647655309368766930181181562432434203     
     9288336136551245727653603149573504145527320884039722969184695843434729     
     0246833448391731152514018620409518783822113704433296119344943350910264     
     4457799457455007404783895348579991417623489169131205797093425913263304     
     2830060378174055421959086744776573280269237918681172319108180589055245     
     1695872824994067504914399798301942983658455165791727334228699657740191     
     9114697222405716934498719557612859378484747825718339402831984174485583     
     5059429209420288635581488408809552303736629588588962350113895926483591     
     7231584045102639017889193074261134170653773242582719486858103453900492     
     7076190167162721234117282511115997263822815813435327058429902546333047     
     0174091543963375246615950652784880194052959811893492766638018188988310     
     9799798709592457336106856877087331594653767606028833776289430912440163     
     5485402059916166594142556205466177878167000476352536816175853181827929     
     6829297490171444404145851193051924206207484979893862797061381590050990     
     0012132117145631459503626281409637127874841419111165555241724996644159     
     7501460072483354241011111227868241816651419751482721679123643355954685     
     1467866576653015655102110254871532959581487580358000329031283547846113     
     3794972828487986722287107735060441874496970368375941981698196997665849     
     2185275038084200625923414463914113954848094279122632651635689953734707     
     2283014799426452273736634133649362553861702373809254674647166799415951     
     3090948568637186987164842668148022711488191025096896798233654858418614     
     9022908928568984498618610095762770398651534933546586030770405748904637     
     6428498370192685890284918429973224464266721660194191978101941975337935     
     8453730150290616875701721402225887380396078657853296554930378242893095     
     4027106304953624816781389660385386982596805864928060280462437514701903     
     3409430236410890691748935813146090008030625450780868153451798340389347     
     8376847549819158091262317455187504442706933664602570444486174962293511     
     2005807014153881276936799356552290068906142963001441075631390675503031     
     3743659168805493496957683447064136917049332135832040715115678121814386     
     1556623338513333362112347226064149219834976157982204896201681045022496     
     2679641017797142637783256098534986834814177942342975714246499715105911     
     5763308434744491687981516613430940650418129104157522279091786585952965     
     5536176052007697177461091527420743434161539154306306643584281434782564     
     4006097011128451590649487877926811949740547310621555278284108594787121     
     9575818494570511261711685225389756610828832250713730610844519194295819     
     2810514283876934754075454198974338718881700431017476896182532974335606     
     1881039386186426380638270596036101701162442091410789558255437162921895     
     9481032524480058128839292767147432731411429114599592593536716245569917     
     0552657312852160448249110067373059920195895148067332134988451808145596     
     3935504025597021644926821428491189515730203819793932774745841432943333     
     9646402670185951216514734670336785602561674751465957027273932842129312     
     2191169590475752738428789373047006279085063294044158840312534228558788     
     7850380029494002439762085078309009734440845410268593719583547182343535     
     9012103524074286878191701240457086685351719241775334591947825569950365     
     7599259750543485070665546311892487953954721298696120287596351651846080     
     9605121024077792481255395444366148333954990596309742743848336123733215     
     4299311162756606553071304996348941205339431880349217029731459072585148     
     9080674083905409549608005482265171160912260228474453685273596661201936     
     8127918791100067490705686644683292125393054191793367976429694492483461     
     1347575256032063251831907842808090787554618768530762336146473915989992     
     0590655340793529338139122875443292799196313600677441025730769042202000     
     1606634485085176981759980289758902153971842988514863254459639826185400     
     9889461689752173672601816738601727885772530703278669723999242421033702     
     6740795187954597615317831470398242836355824396243482125597181754058535     
     1290276358670410522520153616928753435332449909975298214145427677264887     
     2708301759500964412757023082446096794753313084196160142651500043421112     
     1524903274309346861201920617677954501276222790764661569044722361503624     
     2825893748514648596973105351813890914401854816066439091909967049495797     
     4393727722044508789743183740571118416586632804187928747906073521417330     
     9855184293131321737602934925175985681564644007670281919196897031472372     
     2501886584908798381462555172786763549118923400849155412171520209134392     
     9178744840748448274695743335123996394392840358458459925845803259025301     
     5563831575147324317801856040135880322163072062104728696330126619705462     
     7643122892636989343991261942119024544476814046583395531504370258806365     
     5012616741894465545007697398269908480488433471295205220737937788436644     
     2186877979905228800000000000000000000000000000000000000000000000000000     
     0000000000000000000000000000000000000000000000000000000000000000000000     
     0000000000000000000000000000000000000000000000000000000000000000000000     
     0000000000000000000000000000000000000000000000000000000000000000000000     
     0000000000000000000000000000000000000000000000000000000000000000000000     
     0000000000000000000000000000000000000000000000000000000000000000000000     
     0000000000000000000000000000000000000000000000000000000000000000000000     
     0000000000000000000000000000000000000000000000000000000000000000000000     
     0000000000000000000000000000000000000000000000000000000000000000000000     
     0000000000000000000000000000000000000000000000000000000000000000000000     
     0000000000000000000000000000000000000000000000000000000000000000000000     
     0000000000000000000000000000000000000000000000000000000000000000000000     
     0000000000000000000000000000000000000000000000000000000000000000000000     
     0000000000000000000000000000000000000000000000000000000000000000000000     
     0000000000000000000000000000000000000000000000000000000000000000000000     
     0000000000000000000000000000000000000000000000000000000000000000000000     
     0000000000000000000000000000000000000000000000000000000000000000000000     
     0000000000000000000000000000000000000000000000000000000000000000000000     
     0000000000000000000000000000000000000000000000000000000000000000000000     
     0000000000000000000000000000000000000000000000000000000000000000000000     
     0000
