     4539040677809308577367325512726696811494269187542350000369164037052374     
     3193473982707501994825963519207319940998939400236499134481164710141488     
     4509292369102914386864127686986316852003829965063501736081213806508013     
     6631760774232736206004449324126324200716148152701833651487050281748948     
     3840044557870324248144727506706150061047085437993610288818913636583567     
     4893903022100675562299889601256338866145576060563633037576436851840095     
     5770432624108860165223794139712639998505434429467463735500643975011191     
     8159774779282980434547312363808183797880991655537031573815699654141168     
     8828990095547835519796874355134746413988314281846145230311271228964774     
     7733758954327204631990432011987734486113596610627572859659288313793513     
     9491966599118579728410814046806166587973061001073625076357494576619127     
     5815344871510808404226629797503148407201025988948617004270876831861890     
     1298184511549233939694311113380847461973654963843498349432821208541923     
     5789369239001475815950511462617589027220245077616070254699627077680244     
     7843988415077644128162898572370184846464817642209622956932459815564611     
     0797308722182833456611241474544358196417169439376528155177065842521208     
     3804581205095124711369886221701400698518904016998866042879200280408465     
     0480276417739364604122203074858911940566799971992142608600194818074755     
     0687359380519961651529739487665099172014599709426083869481168226513818     
     2111319031820945491230145280305001120266553628926615899075904082071726     
     2869784765056368131881340811582397530593600042689132795360715660261993     
     1635790216257624189258208143554073007882100456585444239368949032618043     
     1260520643678590620491688223440266139491815997938214863721861295122266     
     8433561688002171285124326589075845723407894706123224991907228590319177     
     5723485157125806999743270033240104151368457323503377109561451303147537     
     6847118185667665996888674198182535646439668214633467396771019311342933     
     6804722657488540858280968105337301740755223001875570811399410649446572     
     3110877001894577563089913034824453270627990272892633799598496766726633     
     8722919088177191411542125482960858987230528618687813350331228027409486     
     2137762360210302716555326751326623469482024054574099376758566130963138     
     6672080348934905615403652135879487552245483890497755946355103493435887     
     6619870056401966373590208813091112125963044091689033273706756205216028     
     5707084869553783952604285884444712590761853794936773160026121956169578     
     2191396305176003870702368330626515346457189390797915594226249110793479     
     3373895804470006134739770436164151368044975290320959063924399760196320     
     3858462515386940383573574976933622818192094460979218164117674907392057     
     9290138599304686218294458489167763365756404699935643943738611403924038     
     9654144583864730059533944467652447863569315560213318988708441516653712     
     4397407757599391548101557685163529736018868288499322845216870814116932     
     2860634327728522078916264385926018760348686681691004472742471218808562     
     2683398724783675523578833393074033307993061286269970507995385103567301     
     2250908957738958722226848250318541170386702196262091220864807852177201     
     0671375362059307282820782924181067552078663958087329154272208777695581     
     7917818756522240250552118551837208027348777087570012549697099454201324     
     8084714376675756539547007717694625415159167210969728752127545491584802     
     7696993282503145108551094183887883893184141930983373148017128939571068     
     6158585057078684149583822062540909336705779956489160349819679331104095     
     4629324897836881112606881951913784042994465879486218570966212749741026     
     0655992666322946490809908621926669689332656094367268673465361784220474     
     2608635611036111263979773832003885874426212403835245166206389883813364     
     4041825853937620348990898773323572711715819426106018701754019651078094     
     6087153132409729670667623545709308982739578034945283464731932306541116     
     2972589740316322685883012233803743007252561282996793472793051667155298     
     0856070364507549670509451651050364081641788438517744845020594556150046     
     2669904192237714086712256876599956437920179738153870305600299845084621     
     9569593871537608028650901334022599785684376697654387751372520892929885     
     8896349865897382232776851927058461845258167128370244891473667813668906     
     9535740666131477808610037617758604350605064856446527960572234400904928     
     2893716644938280416664916599164306742050392770613905811443609951741204     
     0070552711340402473404887030547001088682580019199342473698454184862563     
     3825755385406712045291089120178331859009659738413118907704326981005643     
     5891524563896139382189038709479876463537698110424130842622338200956278     
     6381047490541005039880095230051398884624238955208313386937625372528449     
     0767127819616584705699094987156175120191701774121998665784665051625611     
     9544622769576773127679502691719857175095447965148125438479169397170101     
     7576169836478979387664037232546573981592518200636567737775697712668069     
     3659825099687522747680484936494992094084064170269086868075213052980980     
     8367031278386886341296195470022612164121166084286787157915455057639069     
     3780343720922596076784499281302320270676073329653410465780026567711854     
     4214398686755594127015496108724570506290513323073079036208899662303654     
     0538350201420594735858172305022497002971325404732087999733830539205089     
     8910162729294341795654236372800281166054456594146466160348051316702433     
     1782118131803392000606224859569459717301517491266424395817575081477348     
     0182390603634124681980368495960100773911225964755847228740169887654014     
     0332573702720443091750746275254814398253010825524174778101001352840970     
     9930968571539967893234529580310736993714650430266311661236873771669677     
     8618549234868693503767731308446896107477778588004280347120941204154527     
     9192363439535569437540730849632901175590793267107179589917489755892532     
     7710683796610974587636076953242041221221659083417327517612919000885228     
     6492734168240663050440690099133938926635919133249817157259532040416678     
     4724807058395852073973765532048289657411059294473239579632076670144413     
     8408909612867532875681758033101283697076702560261804342428958818984200     
     3381342319138228471158494849504687785193265059027699623587671569972233     
     0862186466463591395497867028125283969479607788966856696973074610642401     
     1488169812403737670805146196281213025060046068661618405428978397440911     
     1065448479532776629404183604909971265233582212373162519679883590568061     
     0964605718617027974444627607403530261256536348128496178396480129086306     
     4675884600855944158108618998745677539243796203257286785369581815111957     
     8390450341596563118814542835284166910032324106350023858404351316040011     
     2401463970837052543840145500684945234361858364332233120085452496732634     
     1243375217069828375375770519534379290511862546490175133004517555553423     
     0786041863609615024328419551485689143873856936299526869975809322657524     
     0674853417377740100632950655208389978145408239940653199439591720224419     
     5575675238832475301877739234918176410351888812461981119473628858941212     
     7477514287535887108547880490746231329450799033768028767603256913401753     
     1283341607272589571598925702516650873179523135739356689901674981572381     
     6199380308933635847963059535566050586565444379709104398558524428781999     
     8753530934628002392653740090469857196558195562602996814878134843582369     
     7272167865142155979509579374968922916666022721951433087944862085629917     
     3561280268692599947255421760628617089463272154855341239167029682541697     
     3993516489992950528706467737716966468867353304062818002005829564421309     
     9871230078238488542410620900343758225197718761042369220220337561060429     
     3376648864115029175243600603264053256189563963274576814232497774559396     
     6749594787438649723020438111430887724363009491884035176741254160802768     
     5942707296014692230988094360880871198935921355947696884010812389802740     
     9890850930800265534541237864677906330939950782258562177859395364316617     
     5327602642564270800086499868774020236282318296360127231899455854925480     
     4825728705849066837740453613625052672860600631586062847485007819803175     
     0721051327127066331924045738422454822336480611117458606264169773141336     
     2289115948377509808255762768755697730747926566727795764890483700307078     
     5904231425258161468076275221808299215022358227141633071540671014191484     
     6793276120929788099378358190369094636734697424287487362920726938072240     
     0009856101567778543675398473783050587417331780185935556509415789006746     
     3789979105437725654130172612809620509059975718064235598609373743546368     
     0000000000000000000000000000000000000000000000000000000000000000000000     
     0000000000000000000000000000000000000000000000000000000000000000000000     
     0000000000000000000000000000000000000000000000000000000000000000000000     
     0000000000000000000000000000000000000000000000000000000000000000000000     
     0000000000000000000000000000000000000000000000000000000000000000000000     
     0000000000000000000000000000000000000000000000000000000000000000000000     
     0000000000000000000000000000000000000000000000000000000000000000000000     
     0000000000000000000000000000000000000000000000000000000000000000000000     
     0000000000000000000000000000000000000000000000000000000000000000000000     
     0000000000000000000000000000000000000000000000000000000000000000000000     
     00000000000000
