     4467984560066757811584378901325625489918904114157824493615454021213483     
     6292656146721262940086094819822204183449406173172735332344556105496949     
     4864326783686481262685990426959173319586799008437170197598159247096663     
     8783023271368116517250710112450260041354216153895948855971982798692746     
     9488391931889009010683569341104332732061758043059030677349665316103164     
     6351200391007091078790914280521476432153578365611213824307802179191675     
     1860361627391901510216669002168046957626549418552133799608611304179267     
     6006289042425194661597765559922275629830794062105388647560010402752522     
     1940286393306086565734955350120328083735140842508316958769196274196448     
     7489259229068880197334329045106838345704326235475987233511032885191199     
     9035661861088697996143628091739959863018403718143754847432873315930435     
     5624253001170342293919105682858044572453197038872196512890165984706408     
     6998082024672991656446951296115144819246016499804196579006398452043905     
     0049908329282248010615482603309035367330039635471265147218703182343080     
     5492802198484614629651878287266511912294905145330023004582092012845225     
     9639578517825246520465663394422942173213857306864332252036240909671749     
     7806338787890261087252862249300712894824902767747259561652996922174619     
     1384429732237783134008803522496532138566364277019963488186575374781747     
     1218261374654905974082508885867082115709469681290625961914334002487573     
     5501824635676109796917669085101037555212042682744332803010653269595747     
     7660928011187879516890962937986887954882734230524051283202519700540219     
     5822436615448706621246835626504178723695218024873698088183280527105298     
     0869101157205793876604760826629759870052508399801807832891030407050270     
     6869388134110058107981316444688766848230993118477874922190621975901980     
     6282755605016209755657460686852189284215734552481005744507909713942738     
     8104088877749901423905574381788771233098367609065187225745345747082619     
     9773544039203089203895471651395771113773017586838124025927586191658887     
     3899216551615369799938455715992121190460693237567682207613300382519108     
     3355031677037033537598673781140556038636204187691093391640589418821154     
     5986856169289878487122011476360183627194861506962821462673068130920357     
     6238363238435147849696050941003901002769163643566696207104468306197599     
     7871477745567042858069170366221840681637552403887722803661351467793523     
     9679705497487772582566683205817441594619308833473322581095889235747173     
     5725824470189782358655268406047699124340037966715035059586315617284908     
     6872307632316353930410372998753097026222461346681714830106255580128257     
     5809762675184199931297765211511055912549823345340397908095757263009967     
     3020669253972576995165491289692456521678195684400494293386695119702343     
     2026163841667725378979834801358658510276036616396343997830612750900390     
     2117118545266692597814057047857884077602868364814980482707559556053219     
     2106601520529957258608258013097909136960945096012446916553397600645217     
     2513967046672860729274025789863577238063666537768083665755754692777798     
     0093860645848598354040655547790489913563068810133931801207809136278610     
     8427688855459350308540253126052080969392321356154789966153575208168778     
     3166028279062420471838956757807326290700185123020072982608639415274447     
     8268586913173035437390124725231563029579385343431555159051289790374290     
     6849806687260309153670221563267930116963112983515036365611526783469092     
     5184910814858322910357089215109221573330422828347050622006549116985109     
     1477583612220806217562508922995912056639800891975097942225077712868380     
     9194861530517597774087042998916188038775224966369716907411957253182792     
     3905523764785475070087449970172268631702627555344871242088045639858511     
     5674784405250046713033638416528861193232789972186527777804332443751362     
     9505615933266947315189816561026859823744385625341818341959195945059348     
     7935708677103298729590957695441796312558964626454588600415754137853560     
     0395571011060575392643242131934550520527185893546403301967927684801732     
     3931355523206807119606783294387442709265145564684237579815398115933852     
     6165782879045704594263399359800728570732866778779331129853994869293213     
     7402197158478589002665679730044391381831144011549179656031335702686643     
     8009559902350593239824961454217513176268637198756235560605092766515790     
     5422898416241580115977630262895681974350651295369406307647012911306969     
     5994208784856425324549462844475004611038812288442856063591463903547699     
     1818614829311173640286618086553610813806658274071670746158788138474281     
     1837173451731658427828674443327959628308740581927439081595104589373909     
     7024455545738200656251515735377470891851093311104770471937710342555915     
     4995868802631198223664332564577184532352658706469359052323343248162347     
     4543170785700849435795846800185252030888613152361415940669335758028858     
     0066176123767489582770565363191144592820562097905159963528270914014568     
     6374490419361252784273564968945820982561216619339970259048300305831940     
     4621354615359549903946725006021335860962755320738186910847759067928072     
     5549594882229625461886047037143153434529053649623302251691666605369346     
     5429975594047252726266053833836577440086796240994928172056944843733412     
     3744421894453066014668414113284351299441130435016768176308087247113571     
     9657642040086557222018258297073052305273358235064614826568622325842563     
     0008879244574264133888224025238493270566795438774391064229033384570273     
     6764889739251027209766365830472590085754212275464504780640828060658410     
     9749730063455384197746875432136363875696649478165669428436788986257444     
     5371766768676302956851193045891500962132469720921023576576305068514171     
     4688201684239627704553031076045010453885023515306907368860419452737929     
     4234418162105361880016053324491300470385241705349958849303006063735939     
     4589969680326145822749693634565235381243237146209208628714415995760869     
     5087203080608129491976026557742332178152594315053581535127879494933341     
     3291651268314184229235574851831788879100999416239512783701825549120399     
     8516812606108044888190253458434242645393402150377909409180524813495991     
     0812382128103980047844713962568083993501380234426639652426673144128083     
     4760674980405916722798848791689199757215019701451444016363551951211686     
     1302770920292860382264610004995034968677564668137811501378154114934717     
     2426861257964964344825866760255344880295368783055987741584522816308741     
     4435468251185626060057033915381793688177273909180863132977736233023794     
     6676747385514060769877496119186445058010863481708910313351979212321531     
     1235528905380446917805640026062690335180376294698704283044958283535950     
     8619549792491004503971418140816462289389058396942259860537595243519415     
     1041804572009684125315108350610528840779994727302728954354196395823009     
     5159526141107811006168799475970353345005112810672216596566120916210048     
     5962276096561593666794298874214661750439920529058037060654889071571305     
     2699840533081705620160772069143256672354466274953298484406288833405397     
     3965866415800990595614649558662117962988663572457202999091778049788725     
     0161388916164730190515233847963070652776855328509677261984791461881215     
     3468975655030413404778315689361791240521746358485692461637076109983519     
     7660688420480858976500382757029937212901025952934762865306794749012284     
     3135876971049606992723359783954748633644849802889554257824073332523323     
     4365606550199975887226135710389081305558672637688763830142935092146856     
     8726997032630120038642057802693941088395226180233795340856160741267638     
     4547484417274476343203416510504588106108802931398866959860763627119154     
     5759106855301027008657507603357270686455098915128070758862683026479975     
     6344472419160047750990132582480352318955097032856950590331171662133168     
     7643981812980097900689146014405257650487214547358148135990392454577218     
     9380898793579997821244761386740265579243111655808746893677545881516109     
     1505072517937877885872773255975026223092195900294712572833519873186108     
     5128878081068931827399937702372852534443765251286227444950415243809176     
     2530045772011525945437130814288781972081567228359266014014473608826752     
     1527941651358359288845682065187709274602636989800459140664241396976913     
     0086506440365835428116241757753764778787862591471597075771183061571844     
     6834366507005732014142152372713825047859072158306338740251089217754255     
     0417632703574280550293129351639696767505927267922772946945457832397095     
     1523463905952544129248831259048291228378494609703455983254639448173761     
     1944190680268724929021196386375429591753616853622324733003813556290288     
     1969501042553367699957653026857076414951161101396455614902522372864008     
     2998101869857108978046955164465769444036694438766622861765203059478501     
     3556871494175576772252802294370197716298561773760369672705628594513541     
     2430746045290061249742873385314395002171065024768259037339138640735558     
     1678549133339341514098198386483671116469330291884873281153700901506103     
     6879518663051916057439737173071983039066578442765482723288914727811831     
     3069509457807663216352307660213739712188684113422616430846196197246921     
     8595924863663955144444673779567268463793318626751471809448120437217416     
     8406734286008019186197806672153173736038840825405255611647513634183423     
     5047830790536614861185782406411114455931771869873282721965188571763980     
     2686340760179462736730088217642816988007719353590811647746484352604519     
     2179070566325250862422384014474042203030628263501385731932569466492459     
     7337606089463030798550414939372818586757372428138929520548085814980874     
     8436532681371045444806924231187584099860044118977508740981807641883595     
     3963139681822818190931274333747328000042875830246933345931564332502641     
     3380688295865529107397990365249349106281884634518569122664659512879093     
     5659669505303467576966750607763251929679208875756445474192008799646990     
     3317701239890907948008336034435470030916222204778554710578724043370033     
     2385563987506492162389029818202488957253364888765448901395256055143441     
     0364655883038126598830459063947944033200235999140149410254060024036247     
     0999184933749089623986714356898272009605374056978103601664202203466249     
     3142498117383613074073543521621896492709795393463651797417071552438435     
     9902719078361726509044069499409246165545844475991090028409592068365596     
     5987661929229402577516984882625060843815157965925896807560746410557822     
     8088656969762376587100121193719464688650660118671588181822813518598850     
     6591485171485552894659988957335838218702456363550686159718071556231739     
     6821841156087020444196225663444544494367562161649707253467310097376942     
     4910066619429518628878036687390646757811235409382302462636966272680934     
     8870743553084169012042301665990941754948299892514412061337101081010252     
     4501597677464629314897813560805390925772901054240730709916890954886001     
     5538031689231432872890621556198265941299475170146770296170893104500374     
     5929704793170655864276150755197318462679055610482033545644963243643006     
     4945162183865623398743121233574210718086766766555225941589212368744350     
     3124312880931074828239019520234908958400588213811414692945549837903508     
     9028848381960261439877600737354538493945851973002794576723606986713493     
     5863768284166777970028573348495897190347078330881985133064893606441236     
     5729997368182683259868762560460794671959912160049094916293119567567813     
     3117370879222386688344270212309645810545199282287812706874539894798038     
     2131221866938930067813576996061127971025507101115110585082068531112821     
     8959944831271328399082504679202956050850981103083911524099689700141057     
     8982188275573174439586460756087337746915439626477945026115008823627980     
     0927253592348032430429531794110111289078834092732460363709833306681206     
     8075141029096881758713517938157922744185775629729771997721279927374527     
     5667685951697151505992257953569442440090508386428267107748329874269867     
     9090994403258394432084104658160292082557820325621383143905770997769168     
     1777843189983366136161041073834504630083213624803241089826798430558849     
     8226729938393437627117321165410156539524796333154187935898066450527306     
     4657807715249391926243810341178041561136076928527736157158670151876958     
     9561976967456081876323008986211409458390457355339331103875247111172676     
     2211602821854352162174154571927545668856245332050981465309838592375548     
     8276514891530838322254729273819569429155656816025042950861922623405282     
     0531269311926859184018391720990733079235972591541671982973522808128629     
     2377062575410344241101435041281387213899667686485026133967083288539736     
     5909034811166489765926315754824890016139390333075049105879823244714910     
     5856230054892210651925531668699941181662353281898843964159613580902272     
     0205186826363476110169878188043361117911822564976933177786017143206012     
     8454677317736861405583283649609635533876196596704961357051349362851696     
     2912556119220322918247687538975297879194160813775233495077226201873980     
     3395031102254096794604094518165484246158957562000754291593235303931693     
     2301968003677977634024667532557196235291783496062476560879129869049502     
     0119160258560000000000000000000000000000000000000000000000000000000000     
     0000000000000000000000000000000000000000000000000000000000000000000000     
     0000000000000000000000000000000000000000000000000000000000000000000000     
     0000000000000000000000000000000000000000000000000000000000000000000000     
     0000000000000000000000000000000000000000000000000000000000000000000000     
     0000000000000000000000000000000000000000000000000000000000000000000000     
     0000000000000000000000000000000000000000000000000000000000000000000000     
     0000000000000000000000000000000000000000000000000000000000000000000000     
     0000000000000000000000000000000000000000000000000000000000000000000000     
     0000000000000000000000000000000000000000000000000000000000000000000000     
     0000000000000000000000000000000000000000000000000000000000000000000000     
     0000000000000000000000000000000000000000000000000000000000000000000000     
     0000000000000000000000000000000000000000000000000000000000000000000000     
     0000000000000000000000000000000000000000000000000000000000000000000000     
     0000000000000000000000000000000000000000000000000000000000000000000000     
     00
