     9648807957784580751387299145322783149661031891799501243979752003224008     
     1271825026269767732346454525862197290139008711177782051659594856157825     
     9199746398687142824986798020869328084542255996053218449170594327130401     
     4030316493184563316554802430106342810677815873418908724899525382708044     
     1297799522557401531827826395188487691178021580696325900600107847144187     
     4721729109827130021884005249548859377816600233609519569912636830794473     
     7010696895634733899772028065017775837544094728302360775349859489622307     
     3599041739137467126485903003978521217204810386551695496420490400042392     
     4141377024137777043489900465014406260948061451253223079013590858566229     
     4502639974643521678959940781496600696776321626699086594339472199114259     
     6321895509333624167521622226688909653263655184979227759250298568756056     
     6623969574028390969944000375637781404481254954836362071824853484414652     
     1488351008781240602584848322920794281294851270692486221744526607076960     
     2105746061934046255134311593766795280144264885987836950724527008620779     
     6267121352245665693376726902206194623392687867707734424227883941723131     
     3291171048521450995167543477899496231759573895302581233982586348454926     
     0872472659318591540862867032173910408222620983407048458681433165429998     
     7771983032250382598233428283087734040669168181537362384901994702883134     
     1449926202001194967763935914420232877578166184563497099088781331071814     
     0437241347243470746666007635494925972634598489471720210225103816485001     
     9279250211169983652318358628936795068303354828546388882229140402273947     
     0148595256721972089425616537582987618621226919023894781877409581968072     
     9633595951229568971822650820429579925747547099909771317097660143670456     
     9742639694999809049448446280332710862683920217154172112328502970028186     
     0193732580910890316203793025036654646740984870021117218364083539433065     
     1686247497739826802013029155154917223763242415289838988992553464407450     
     4144667635831881600241748790980463743848246226048995693685021590179784     
     0140881679544481083228655090068222136825433691052365942318806648542835     
     2723460535659604347734141437620654792986691368729613175117727606241477     
     4955927018910333327621032909987694571650038071453423021058221472252160     
     9710031965819781772807490370493588470448628170368679735502157490993051     
     1957470221624518555952930939445736001710511258710370337992195736877997     
     6571896934864013014709933404530166135251500583997893833663887391817933     
     4553137400116157018047844938321390847143742832073150845152332790590875     
     6081148153456091523414517946239411597486043909962617729243133149361410     
     9725291076980868372205520179902098505571187315421482790931633978874192     
     8976130450458455020736098393735901662038378148361978738072473630450614     
     8244999390450211052584960000000000000000000000000000000000000000000000     
     0000000000000000000000000000000000000000000000000000000000000000000000     
     0000000000000000000000000000000000000000000000000000000000000000000000     
     0000000000000000000000000000000000000000000000000000000000000000000000     
     000000000000000000
