     1001185264206227074217922222271431611513312393735638235857141579542123     
     7249652070502815197824674397796843663716437866019595040500754138490711     
     9031976715048028834954491112750474939285222452707622205386855734378558     
     7930201163152465571127103932184376073314420756400968158468360812574320     
     3316458512130695488326280608151545614349701523592142444722252207225639     
     4330069625727313916218234468401681905633924629331780086905939740219413     
     0036318452527630856211024348291439958163576405206842389978770697897499     
     6904524503559819705156764168708981407024968242402329394435465187348321     
     1707452144707882072725057316109476637050107746509952463836440112716425     
     9707061329241021959761883054772036666673987320910746014223134854237721     
     8875874185653501919679785431756110573199243757653466656536392252183800     
     6473941229216998281096448588223382270287746696137122297694315353945949     
     4490869584326822817953023931541552858577552961477536192576623563365843     
     8867393021853216159845009302641339203727849639667750474860554751582910     
     1468735563566586677192939372142606496438808454346852367923545250891162     
     2576191774464453449703180561149139450721849172761573665969120756191373     
     3063560770021876325068074111219049903713017986628015480574308427767061     
     1715463009587946560983416399925643651458062469882536113960527856267483     
     3490348182935672371900477144919492927915834228813384803899953419947448     
     6044886196361313613559589594415303125300056699086476690870454932773542     
     8947756419727510075169886042486107895180564484164810702608902292688031     
     3857432558077158696339466281936207669433073264657234150131246461917445     
     1690728419345534544659421506143710825154052177106143103511771609277907     
     6266601637008384767260632873235573444985317153496076138013097825273966     
     3154571921331784704591465861447623417783572797318362063435704893388906     
     5639351895082921783903392458439111954829478733149465393070521805566455     
     0900339970629109558783121726162265833428654729482789996181631908176090     
     3947733761980562728693556077961966935431555764940620973241388744193354     
     8061137436191784325398840500657914030802457118425107665177572540233709     
     6522981431292649748620091180088395465715658352164958070812945717702758     
     1636682917554213092371323296605952892388537255339272616843021576095027     
     7327800578001113012909701414467574403651810719764766294940175050781990     
     0950437293400123418440716893853511751578210611551232964463108595676134     
     2885498496891112051752388248124068432674937501665748886996334447907015     
     0208400891934224834547420685743756685564174979521549968525742955033636     
     0633150872377760422461991705507511370276018609860033226688678861186264     
     1085326071477228437460810166251518180174998530678557515560881906181728     
     7042222421676040314841967210089257960028177947377375958159285802134250     
     5075456537472254276149597185529506582227481798346429111184987693789042     
     5386555037328658334963415710005076397593602187098139314381000440084598     
     0429969388727899667474545439084599538580862118389998728728596814554824     
     6534758890785388504676738274554450141865874280151733864776931393001107     
     4734602982653436431526359768865364276458815762638030053967108353213722     
     5658363584033022263675667867595518446843930724108222100135522874064817     
     1366493182338410788061315340727328683165039913788163424255941006573948     
     1277666276478131889667291663882610274138622960314503854611754734578633     
     3589406010926339760113682513545791560225494072095938938600168302030029     
     0661276945267486327789591273715824833839115833815066838446935105724247     
     9010291606316340023446272416556868429028846644139833321157142279269725     
     1476996353883174910709206375724222560823888343660266031487196335617894     
     5607425326875989358957223493461712506936113518691388320957773689802444     
     4316999513210524236242308281549545780351816043814201185575989536769380     
     4681120706541767611388365619505374450230557065615783460757206664971011     
     4550854348412996206381342518488180593332565184158716494278764258040604     
     4961049206616165287670756199253877391828024553979534134845299513910914     
     8781138039152718599205384264644392921404525857928230134052791645296176     
     9579281314586926104083425688479785628476241923356071857504109170769156     
     0126292741170260848755922831205737241579641465835316985505351107129755     
     9018716086812769248233372428587661504077878270928115916221463093315479     
     1943456790160991115345182062128275392674108096966048650213106644014944     
     4044166458897358335341846492385616930156263103102718102635695598610597     
     2556769328675206103345646832733380534004186586431501336618712962537544     
     4806774439413059604601771307655682483885401407660238497546739509659506     
     4895796599152462777720787953620717979403202392155298133932341956647530     
     3571188525848982963751798966858268474987778378313877829926334772605606     
     6136463272168177179300731714394049050583334624135516152589564567670953     
     8004634740530201453991481909831170517828381003785151713190533862974593     
     1755718156837464993096398117793488045223343389232975669048744357172887     
     7792303560866334274706030419092085540452615724148626717747741337152251     
     7981095638880459963645215987524175293253030035801699236257762434459437     
     0464261434201602052368336096656441350930640655232330696127319428780532     
     4465896073130556401571653362895839272361300425261274247260880294983364     
     9333977443761634377216714342400000000000000000000000000000000000000000     
     0000000000000000000000000000000000000000000000000000000000000000000000     
     0000000000000000000000000000000000000000000000000000000000000000000000     
     0000000000000000000000000000000000000000000000000000000000000000000000     
     0000000000000000000000000000000000000000000000000000000000000000000000     
     0000000000000000000000000000000000000000000000000000000000000000000000     
     0000000000000000000000000000000000000000000000000000000000000000000000     
     0000000000000000000000
