     9462803444884977781091455530007246121160206138291081019765555503920469     
     4657414341121082752400658746437300311479473303159190439160364287223282     
     2579967867812418868694508041790128666309121458618540142176302763018466     
     6946425007268900338144555949996324169405449591139575023142518122913450     
     8150299286456761736896057080291969551645798016358722672883277987823763     
     3230263290028518202196546060158795876081536534962544514220277601293906     
     8145882413638637301668276193245848850860939505454959017241887051148170     
     6217145980306964621166304831733938535060253549146735759648262884268581     
     4154700300356030576742943575288843502545619503228390238444327848487098     
     4265333347511375169694254443243756329358546204039362076095674012829010     
     3654109288525780820021719191152118364079631656809711674163930871990723     
     0975276678727794554992675121070601797688979619711522429724733282684804     
     1947731546117375525932036959790728920049121466368250294844478137804379     
     3310278666610612791914512776694153217033349199004248190187443071519729     
     8783327565980965923477820374527355380777169158697028738138078698878918     
     1835175586247211694545823912900692462298055733416023944713930181501144     
     6590778954874993511447687981798773305282426367061840090722977114840924     
     3162428893604980555327886980604350726979492097867234286704271380803145     
     7403252994693442504068025618374091072677301048845634852792377099451905     
     9913117043943850915183896674192187286827419876767041798556661881213825     
     1069378144549425786279984995087117432065496585022307876113103590668012     
     5105653655689718503182067374484040181360414024324455527181499343612286     
     3292136344779248224655608812349177667591254331047161082722740514275624     
     9505524773744035653747130531336535552119681709603501604378228804027740     
     8647255918712689518118892817147770881171368754845499199200478764271251     
     8818110705577583703060729470520611955508635516537600540501287748356255     
     0621458308049027752660957787048410096964490954575322053144832152224732     
     6163472210129332658041202570897925474962486568586325088752949483090116     
     6761261799862886338347064441763788975990824398756893688153627506747688     
     2626192321205871900308899443123866486941675279249548761566697750005019     
     5158306034469722785509041000716133777162829233542028303065990598804086     
     2103668740823843311242679150595620189452496771887855885701940130171691     
     5982211914898352670477255166872498069995463514602802609844815254929422     
     7485334970722169523473618458058064413582549040757727263943380022985951     
     5943218202688781919602761184037205479911280942747910642623556862421163     
     1030434432753811446017936847001292766221373247998747251848579533353172     
     6839624496446604275593900636034089783054011822924591164500097259941660     
     1640431249646711923857330429676034282278024761322952622970394017278736     
     5826851266090106299527927024510628842730006772799978805923893444443135     
     4518641129095193541033411146446210977175910617225085582481757100371196     
     5370467618970397863294302879925816481392651539161199580039588529418541     
     6400639284730026841360771541411942058017761138861638885608615542165455     
     3209336642703424445677685057139113288772927965438048845049957161776550     
     6007706300560010439255592738600106539168863431071347432953054744425212     
     3028183836482444842396350319480021991444818705292626257381593592511874     
     2218652148876050828153906907789329892252724365141906682043838221312820     
     1418823552426469412272544463348069643708835838788177385342483468975711     
     0628362242298924776361980468014325023411598686615112901480962946104883     
     2130853129042692346334788149742259159546077555133026251736101160922670     
     4068728616706852076941704792649409627723067137785921280341457220273796     
     9312770697702724050834762423018219816241524802867938419871553852607037     
     0965412251109902723259837358245634577200501846998732030580903153352583     
     3088237622043187328949884454484367861972057385647023117503825147142404     
     9812011981997556561203980710293876334648919486544181552738876513088403     
     9161935096119904017667217021877318390299567724652876689842385463896103     
     2740882967866670654078686149086423946855844866298228644744691097949069     
     3131692279197410678967593121644721108209107743791417143961507067869279     
     3408623311193877753533819444071221322513458143970619803786732949071531     
     1509736228138775310850140192713651918011516855377762414483087845920736     
     4306146224450016597613609921390327723638013642633015045357452547950917     
     6995423358719958707845160014913458309575304180272188865181163668197213     
     5880556028725118761317541421074529062789878947683365218986592408120430     
     5132445030184451823591928068072776294194752303834546144074675253078684     
     6220152816081547842453420465595329009533516381179530353237748789297542     
     5935320056292755094919189392314719602291132921700729621782689147085539     
     4137098327319056822217785010233586011357201874807751979765585267523082     
     8996315486270112273397133389444582336703067165126043173957181357054357     
     7513146155668198901545188752145398710862119785824951344751297128649225     
     0048350947412182004056211705737166338576016322646378456588023171134749     
     4052951447685675089991675661114596435681065188907467967364407570875516     
     3642868380199936444603433744550070146426479761999332967915078166477994     
     1943773444959756117643966075071498973905365472199332740149501901940057     
     7762055322274255092912839106304375277223762448924253481316870506895610     
     2480642064810059084192907280934151046896323419612351835610262331568390     
     5696042275395721374878577320230008508368080134428336983067234407662795     
     5073755861997636126645004537316132660909305707476586792235331674374913     
     4904031174836774777844710110266180074610190910201864370580713179367975     
     6795294785797880148596260188649803284248378088772150889511539133613138     
     9199669970030434147047878525995463896493710222284878800609105935712384     
     9799948770595808449162240792655217608310082874343093523201406609294428     
     3613771048049732523381782535397984491150782500294240984539054634950437     
     1296347683444954911233916745286478289395111992346886581175380578393603     
     5938910244472528845026349516150105359194590792656615416636281340272429     
     7990919767133775567773676957687774850244974202220799992047702209800732     
     5534007488025138835443744334107542057129103034209456202804546751355740     
     1343996795801950693219469543782651687237103240862942389194379973118497     
     5022077607237483596019443672360600251240676935959056087391401499804349     
     1824749232349524622406325720024060362074851496678021776502598115072865     
     5609264558741886912438530352096009115467632858907501830120996271283932     
     2846091889845257716093145351969585672689942298824881595510689607318413     
     1197150350321701925090953229069335971389144346736025201720581214754659     
     6007037345455803424217341495688740053353316151552836598357704909243866     
     3019906092179829665291008377377090864880180265862118312008247731592574     
     1689492102388413106108857832106892969441868075101570168476150832001438     
     4731340890898917892774707428472931625363079842355720533816345219970818     
     1378360647987832622878057511631694440407857942494950180000672724773258     
     0203762987457892419048750051505636348064332637985818825550156935394930     
     0317794963745742721688103316685812079459180252315120670768547348780024     
     9876810654362041503572574395475241585438829383683518196869020909018939     
     0717359525250229204179234836657647405210534825846594913800448376376297     
     5958940660004030920608117956752432597997848714452743716792879369225197     
     1950547425255965987656959529310464756083214402774966083509874834529430     
     8885443199524678885611661551224898484991930697392249627416183773114048     
     4787078665607577445514002509853431365896217190031935958595087513074063     
     9753028408327070068019643424464482673449413259718679488828811378970722     
     1522312781487766382490189707866583786396719609835766952825769948221235     
     9233113267537794951161501369721168900866166774716650611279674641743238     
     8365071054606959833563726604343935043103625305652805533215833370396182     
     2110190631777989889765045367296020547102176386663327338321210146413995     
     6367718881800996078084950097743781616304948383201911937580213401328819     
     0793025919611660762966500434021187028179007252046391314398600532394270     
     8544816970857060148798506688595477641132173462104412595321605148736846     
     3144510781443551644004006554805204999886617378859483522353709824561554     
     9263634521475897934690339583594160027392479424927535032288642297972633     
     8915335093666086669746147993433548211102778752062184972175940545806367     
     6792181388397441774736437704088939650293497451417873772576313794386945     
     3935035018268275750668757176203392116116573960064116703008935537569465     
     7338539420988669695201087867312317483276044848425511493908569935517226     
     6433498808855787946607453204179541164980031317142235618841063220702240     
     9345687117369040219529528740512730158978074149066873654083900447029885     
     3540127554288407071398380563515538658596988635200080510782126857566690     
     6513265796688058009476882639503820757449911269292756894346919441501658     
     0170526731449599664008527070998343536214601050732284500206864230817157     
     4490118984084059809178123440513773191296788254736286960919091498599433     
     5614021166814923419960045767880690869434019828118788429832941611513907     
     9681073154290279327198886634479514553856244793284938932012644435516269     
     8362139535991867947304633125910801601861271055403861887863666092760122     
     1974886237633651852247375385732287595549278920655840757271179815319550     
     1630713629649272531026249318651849766425682485143557373372285197126264     
     6193706215030596381264946880614314635961166516179340755643841284633193     
     9180194294667805119010324973208512995489385567425603328449992893087185     
     7285290335437480364358053814853919470994028472328551462084783126153670     
     6026751439661408940262310487664744706761865209019145869449790628182856     
     7105150860672067191525877327010768642293393461116914128011305641834786     
     2924936276339850215212229313452583553827232958843622174054663591539165     
     7210560212478253305455172109603804476814421813004490292694723750509168     
     7141844247984625573448311236403296850434367073308660896138822473794094     
     9161136775994358466565642243099915570172421150329333532446523153879299     
     4632307512601266254446649823104664081095774713740733521168161839467877     
     4663467436889058864915687820164977711143406415084010791338288054897635     
     0770025360238449389795416955523077423092826419663994861102916583459944     
     5317869893430299370726184460334955954793219038869900547618415508091436     
     4986336749649679183362631814840893594440551473293168740902774743346604     
     7020193479713648502783030606915583464422600232551379484179457950791088     
     1760156466136668814871579912488792956291158499748713058675963344715345     
     1008035778423721500049485243706748183786100740664688694778027014772538     
     4412401677275329781689699633238733441853427213578728840125135586221912     
     1114452573508076766524030621103793680794430701759132358795800955161259     
     1180908648119242989446711767582902114211247195470852500213550453587297     
     6286650677332104769021594839319895796858736402958383450160027836642129     
     8429102482412316940135633877619454363537585959126478652430040083531092     
     2907597280517928634328047589048200781065637924146004393792262449026439     
     9827991514586853035526553794987922110213774703034642239099255331354773     
     8737223581586887121150986050802790662707408227961223530747987382939984     
     2203393514218367862337157007261032904656160389235215654999940805320132     
     4781829229333936485215129618863687126666984979285145404241452814674475     
     8340385490404519233138456383407258319664504402963254793010533829040318     
     5326046689153562944099930564897565521408498925844902073873120718784895     
     9275162332714248990898666665513203540863698622296898158086707024407103     
     1701349414091794215569811062075021476033353406540132463334171640159273     
     8721861237719726588974910005267209502251118267640770605950980672029942     
     8976001024000000000000000000000000000000000000000000000000000000000000     
     0000000000000000000000000000000000000000000000000000000000000000000000     
     0000000000000000000000000000000000000000000000000000000000000000000000     
     0000000000000000000000000000000000000000000000000000000000000000000000     
     0000000000000000000000000000000000000000000000000000000000000000000000     
     0000000000000000000000000000000000000000000000000000000000000000000000     
     0000000000000000000000000000000000000000000000000000000000000000000000     
     0000000000000000000000000000000000000000000000000000000000000000000000     
     0000000000000000000000000000000000000000000000000000000000000000000000     
     0000000000000000000000000000000000000000000000000000000000000000000000     
     0000000000000000000000000000000000000000000000000000000000000000000000     
     0000000000000000000000000000000000000000000000000000000000000000000000     
     0000000000000000000000000000000000000000000000000000000000000000000000     
     000000000000000000000000000000000000000000000000000000000000000000000
