     7019025695881839582231899620865465382643639431959029778214429932475351     
     2232400937951231127675111933564334873920839052209315422867057640156500     
     9230088592611020332836628267840429051299220583358869573469199336358736     
     2548463815979088669129868842709552303363215641833909300669969354980938     
     3502604356264652086144101733530508688420002117623817439342811628111499     
     6490559175384952858120427155928771088540161113862773631944676590129619     
     2321341309133682167638707880333636474860069324327173195910307161880479     
     7720257181248941937851351840580976780085447906762348813094958516943097     
     7267507826531503261865329765648440631208672634164140827706007696934231     
     8602449059840000000000000000000000000000000000000000000000000000000000     
     0000000000000000000000000
