     1254895515013737392464530720010318457585283669441722024047109995728061     
     5598205670320891675365016424243514448981768746589240395025739697304139     
     1188260906149862258979389218949495355254585652493904405531903371413976     
     4003817015483587621269538440965209138315243457753775965866764788162602     
     5522604267334606280375792447995791574905572637187577887907327769853913     
     3921810993246662727186179105625595906416530591515461813747858788501866     
     4282617757113753591507715829425854669996792645529380514316254192940648     
     7169549010599468083730355353953318886832824628447470983428528127352878     
     8272771552577107371493078134801339824181831361203126232586067302886340     
     7415274931510467388387515479875496483304293658441324709211151741776494     
     4991566389433175279799973880381589966476505145799467824111925724661660     
     4133512169912236397134735625294956310042886325790976911230027865102910     
     3167247018666385567064856227238533758711928341153432687621266282519917     
     9369163341859843903106874459549221810684957513734038720358389098082710     
     3409006288187628893081033419878889882317050826160966686295666301789728     
     4573099512294188679134697816277857335490858826123229647020707742738782     
     3420592088298503838144801097224055877628278564362699905498028343588059     
     1518874136284683357426040005322367955287938679655595430439237762617429     
     8522500401034734990284832902108491336322875991669314371360774812118882     
     1819863638670814138762877476828057694844137976200593852871804744599493     
     1703545646244080158968791405397967657953520945833812225103471124364984     
     3305551741751297287588231134271547514892984135498073681054566120300846     
     9529444851440719525310898012163436148646602015280755960429642176862424     
     7124976649723762269983317621722957534966504901004416091121423538193879     
     7494234468736592318947525965192332401568435681509926566762905662229574     
     6548871332012653176511863522233273640577607587349866880211837026593898     
     2618790245367642750249337649049497403118032341941960141748913435078162     
     8685091032863306058565582643939645086820361521838614091705227780892873     
     8363242487421159369515890897977020724577734224631490163624305277231653     
     0312753209617809956678971880283090907577477595794389887225819676173681     
     2506680299080399714405911861235095870540357752073780112336346952946892     
     9713763189627913875884287341791435239256328856111611554231263265833133     
     0820556943659491537866009660640798526097969592145732246518420067759511     
     2985342429468151041603675570647163362007268926621235053177296866498636     
     4781128431805138123015784000987338066014158700121674560892869470737098     
     6629139737340420457293223520117196083465085942695524492227913119168911     
     4995696226636146725350182915751038069658660161002551059968077524512647     
     1394812227937826675129938269210993317963005263125018275518199583372970     
     6954028454813563508795063346698353386108970560343348494212230871312395     
     0978276046873445099431020848112206362855902413726691086338555952893790     
     7471009245427692736890556796721150433207911048658733583985675327073869     
     3999678715237163771802896434248955681728847909511033870283564977495760     
     4381382039215447238310277001318352764036792194448909586021446093040195     
     9571050099713309943739888822564447507303417149124360787748915875135119     
     7146223404577654948101726121675033362374516568676174175855094137780566     
     9304413608719610415479060571805259538607865097462155064602193603101646     
     7143638663944923305900395264978232052276320384651161749159403599687711     
     6526687597831876296120383248278871797205806988515270982607265521368526     
     6878499319737963023266204608649193683648757486299950694017054791438433     
     5430924072635155320725334725189810456299464427763189151304756329574980     
     1158512535855553545425051189186764177732209026416995427811276869931265     
     9687673273290333079042963107530934686746312698001519737018043101752406     
     3124027260103400943457981138993659695358377082371352110978174578612530     
     0885605072856857078832142646775788171673122137656037660117229692568626     
     8146664621722882909439828794451360956309707365041152294502656571959263     
     0974165730039455071037146744152088323614576839546659689520275787861685     
     0119893390491772519954711881542665632804029686135099700759059899386527     
     8614684721033061302465453424739656844402884133657691127186631638032697     
     4583264507421603581236971264765532045082013859267281104008260454266737     
     3173087638969984197007671632649338323143169725411144487022598996780142     
     6475812057741814942623769565677106935597014495995613071635648098031831     
     7977868127777643783474626220898757602681619258654658646666781337584308     
     3119390805290434649012195127417172297239751606118318465838975657385660     
     2759576998115928688992700910290714596114942733638312001765054135165281     
     5712466351789012199222200837561015761860190095209907027883373637283141     
     2781387846716090529664628162268436438854794178433070062878846032694520     
     8782986011761165381646338584279990803573056584555200977403662351634595     
     7544346229531994294417607332972620758023201365104581733851572216695055     
     3353963335462343954053441495377077468872870966143493572905695100949717     
     3008599157600288670550093400906455404003751806227370145144314890398511     
     7582654250624884895882888415218111823206984098982852236579310897241901     
     8988676376303096462272605610160359152201333541736288878001468723978746     
     9941394736021288338166005301241370434468984253393124388620714339623819     
     3141494191269564378643823004559655302903354968796888571552614340328493     
     4828859720389524550946542238944838859495857558979252260857585011047412     
     7169617251288195441947798382266651778293864741898965396790784295941694     
     2220203972081645668221874917339614427878392571813923620465681732213041     
     2344168506985999503061841272695181915032562657992865554590305271468312     
     8203303205068470986928471692473273784906737852827400507862813687736019     
     8600088962751982251276645200837501890985764215744833713896239484954877     
     4783075345336190772716208290255490523880622357174006681273594905972080     
     9407017187933350504782269025658422227663982887361921729743616766633764     
     4912615569390304131427540560302040358454926379571680196161628406703290     
     1513610454279875144732794055909293198390214345362874155324075397687122     
     7151707037231218600457351755119721038537530913520214553226529596431543     
     4158032245961874087148050244662257955221204978576821871196714189256036     
     8097611033067429055743792011488107181875918731279045956415779575693272     
     6444602173266117139921457448688498286025526957623708817696131098593056     
     3226658971509095720818504372881556408559799203919433711711867307117466     
     2312136949429606963753535219419416994417743269828348674768214021357774     
     8756653439335448060800479503798163321893737164283476547533572621237570     
     8822425916319399790711926023229386761958039975238266847116824355544974     
     7188668539811200810057396112818181711372031283818947056840691024524270     
     3399997769952516969521170438694107717915207492908355904757454901123425     
     5084082660421866362313467393474553517629327820682798907282162475080162     
     0468558821867528442110597374030389178111351157174132227985840446437182     
     3962362529987427531402463450411361649820203533139438638946595491211838     
     3191294422496307832725168535789066043591824580989829653081217566941850     
     4343780634404987547582227129653496239573376329889945157612157548132666     
     2993619364351501886723423103227052990187150004029698616107551791087099     
     2190022521909792186181055271112662679138673567605349190734497589361398     
     3690003318241457015730147583209705551858059305373454908387854052715139     
     7998391072475657795608848804462121653681394931481718196711188797646290     
     6168394323384768706063428798079080597403829904906316043969668976999975     
     7091671621645738824954165841173440544804061230539265829607529117197065     
     7040700032559577502419720885812201890243622013627558593653622820811549     
     5291929386796664696912587563758125403989655500709224946433070062438837     
     7133846105629781299229005055280699121910368670073332620916352981952343     
     6745218286527841262981767245948315991795803315073534266746101220871809     
     0267473840110885896350264701406800870334760000800275639266624638909736     
     7557657692731956262646302437216803552585854683574220878348312596149535     
     0772502244523475604001581531787037162560768287410845517332379651669330     
     0741452050442724570548271007632571734760979745736459195714575840847193     
     1284040431845028751407596511975314498542358444172326768263838628217606     
     8076323581886877075125735832694713396834104019199925745690850143392598     
     0332368329584959592707882950924708339602797641738699167256703322218722     
     7395823168643529929253421710944281451327941826654580125878588017933669     
     1096000260295652243224231194757785432729329294023177729622340587342619     
     0668397556498776513940425442249435118927979106854360086903706801067901     
     1804668225044266265968948859959211233457116277897228203725010197566120     
     9464810803408760570467696612891275056483584861970300833538663128553314     
     0071643193016488767794831521896140930619526506125090594477083584114542     
     7546154395778303668819526171689779981551333156858297329230898188956744     
     3077783617815327187588682585661347104693682542460959442901050383458990     
     4182279359738909148721924001821506507801328781204907379482042685195872     
     3930040471824760879374360509758618509363342680165861248057097420116858     
     3605976718623658921509958236494965531942402541537386736419569950390926     
     0103054469523286251304495817261719285038180114387080585668599883330897     
     9932623080667566494971421926060834635531386626940919173560073119659576     
     1887149403910227777644208675965139407189709280811797135313602361564108     
     7836337992940467745979923946638617119475232196745188877440738834835827     
     5746959004556824992801044162248892685048546643104989511930957678838178     
     1502137995830035051238658313267636040673473033325345998772832914375876     
     3240663566320777085752116662193463272347133263963965902430263207033346     
     9403977350011174670413571209247474458446440752150369793538355622271283     
     0834701947436268684401894172122944636958191640243994923054492953952662     
     4166851689689256383152672005596925827152668477417032567991782160621121     
     2385547354897873342480683177281882431301913721762438020197168139586364     
     2112162539560543231723252318225440417231745218691645988561788707502028     
     7853832116032089635394966065792719197736103115102086018298463855456337     
     9777991231849093131087960480733411148392510608658893969923039096344613     
     8145565032311534347758972330058450617509856243634007789511783812044235     
     3993561172363518310618777777058395503093226705114547089257167928273118     
     2018289708009447534948696902340568501150099711103555801812427459112438     
     9580452527771185999165020721853476412618775126272047343325243740347277     
     7066312353282110029348755507963691953867989127711348018319670236210864     
     1255765415634713061174781485904711106111502300435045436863311572965052     
     6361691526585128771594639379770030105560708914750411958062011948915828     
     2348486926151790630142951034266266068223770889051631187292596401208686     
     8943642225199269042768857958838209879685503984641126736226326370069542     
     6932673113960188577161551748443124874072979752190902566418816906865972     
     1275763160927085296077674654967414392451724135221133079255366482802199     
     1338719548693380322046214290781332651771201408360216020910170125972260     
     9843097704831168167810844662246249680295809399765946055444147109100226     
     1920364763435911276388473179554516575783169743367853856531888890545053     
     7996325073286719754428519403396090681455712908765215975687719020922691     
     6803966802596584038580718106486643871542411602136227858398331451755869     
     7148611726099813082921386554129786680436251910429267775734515278762613     
     8791527896325430109025982035193050379149619077896055363735155063760758     
     8416005347607156386836724462141551216965701195982223058612595589976685     
     4977523277071209035878471533969365158848155915109505626994845041969416     
     4659451673552544610115587905634371000893247591666384192057385500282016     
     3444875860468057548992978359933277490844576619625116956753484491073816     
     2338303455244873613687664971450402346488350938529150032524106061002037     
     5043077076616398239557551991302890672999988785132085926788133694596574     
     6648358486629159049643078180016405256362851312705760404481598573721944     
     8202598082974428429761796210292986223071311332982285376784550411650347     
     6282926366728188800476950882030378551124132419414008682632211045135522     
     0290971302432346441724847055532543822448523095314715181767042678969102     
     5196945550712614371833934686737427604427511520518601365858154467104929     
     8549578914436970404805369922467371011424672335429449595364821531862080     
     5033826649065742414257265590206906233224457117162877463254086796184856     
     5253828216762336582147118727955468058574412857587982717033902371498712     
     2981812874683200574646395444690735966253957168675259350881704922964366     
     5042298935548554183812181040189305704256891950031956886250466168086753     
     9536031315037110082131954706628721253904115748160400857122498891081006     
     1575367800584262213514239973067385750545047548830454541176199776424183     
     5401311593034837557841876732957761765527736201945652306577527041391811     
     1842016047349547937474234431030035756294983903450360423605792915078292     
     4949229376467895193142842786623546665852123676578064200673421687285442     
     0668344210055819713335099343327925446963819424657938479649661873332071     
     5878032177180343698497403048398639501886569823824138793995608848766699     
     9722319419865210353866493408868180341100459847939219895557765051370822     
     4751283439058957668927360223724115908859685035472258488638698493410267     
     8066248654734303239929387292156228519399737994670928853903101416703021     
     2260177611487891593291793964733790395176593306701549648812245205601729     
     3642400571817439112911672656212088654963254502608395336825214908428829     
     9429921582729322663388347458300264717928295692146620264238256617360923     
     0520325278982027017579486549656732800323448565278388163441484199596442     
     4967400446918678894437079368210561405165001309657889421664422940925881     
     2769931109087415090159231952717437057897533551366613921433420280992709     
     9559267772515467225485789383423052010365162285967452408821007827765213     
     0362461058364849778031821950231624153879634361521338330942665193877813     
     0857073269864670448133777037750190908453717532834446344024943532597043     
     9980715175950947864658367909585582909299724699127949085481282127665694     
     6097385672606687871027295403850649855459133844066712313434454028535940     
     2181982005882890004965703757760097639374560345497144642592275886188860     
     1969142800707086354674529410650052267325207637743104850952612165665643     
     9255436325716621313364785435211054521597405915523195269585861494342517     
     1753617644196611313234661221962357796515222569574899872602456255599863     
     4159821975504479497240415672003150013087040421887502264491457594888158     
     9613332986093292330413234720730041487806634437751146079583523132993475     
     5988319580008872161012896705421018617737219016143086484497967304134028     
     7647165187857032912810773757125599690391617963628774527077930980560713     
     7317382320785799723127285408884122901387270024237563247272310643753362     
     8308358182611842735770412229437630655054227848248889446586320469183049     
     0479609856668053960022996490910152965525149203091903987896742034056975     
     1241297826499941431159953505742259414134322108863217405913451483693912     
     8941589471188950093088844362106686142747624044002793967203715222062116     
     1407976249156309197095453473881262525955232463263051032219989875341283     
     3862626975599732146448987081741853289750025689686867830630273929873983     
     1063262065035183053568720285965144888088253812427638098285155458829663     
     1598521002588243437475313673542474267321278923569952789894509662171620     
     2762331391358723642560225099665298880461297020577063388331889800023706     
     8467313173011782409341002855927644107636284758370148574098252230960027     
     0760460759982883809355135171096310799273965930478008254453138999426006     
     7405524838201657714818344476913293186113605534012663457384999900083178     
     8986765515122590647580799367927791455208112319544906222251079442445819     
     4741450673585566096773728753321378321694851977959362548314244257869084     
     8810712369143486371530512932562175255773381307037594885957525301230977     
     6284593742414216546743183047135630221665565868947657949412008400763927     
     3229282784218887668122255487919741225888511004601252389759583485542422     
     2252902535176313937518842057795849503014676036329433069909881953605404     
     4064257407960365637809660661858670546774365515102999085975881643407305     
     3785349504842983414353257997515237017068307458996282328485498115785484     
     2584939346539236279426095969454556966687811781072979302353013371037621     
     7368256213052298406981632032611163506961002087943160793959952844254136     
     2296592662005037089037715592104358988202957350373984285424056101225549     
     7707009228562384945783334251689812810171272376517358969256522735786894     
     8768586461880009719585871473794409529577006677187452813757460799242558     
     9454094014832130537751864965200143227293017514213795164460992285766970     
     3353554982875424633304158504223775046462229760225906313570799902061492     
     5386820874296594182028270736267609022777029713203076043497500287075643     
     7200620554857022996957801516097958448565578877346773311026531557232195     
     6405530086920173357002868032614802799306186193706267107066916582043332     
     1310809767214162387312777775993126134599769542119402160949650598401910     
     3392225301014087180748720409390933211774621305848741167100385643836437     
     2340274909742628864000000000000000000000000000000000000000000000000000     
     0000000000000000000000000000000000000000000000000000000000000000000000     
     0000000000000000000000000000000000000000000000000000000000000000000000     
     0000000000000000000000000000000000000000000000000000000000000000000000     
     0000000000000000000000000000000000000000000000000000000000000000000000     
     0000000000000000000000000000000000000000000000000000000000000000000000     
     0000000000000000000000000000000000000000000000000000000000000000000000     
     0000000000000000000000000000000000000000000000000000000000000000000000     
     0000000000000000000000000000000000000000000000000000000000000000000000     
     0000000000000000000000000000000000000000000000000000000000000000000000     
     0000000000000000000000000000000000000000000000000000000000000000000000     
     0000000000000000000000000000000000000000000000000000000000000000000000     
     0000000000000000000000000000000000000000000000000000000000000000000000     
     0000000000000000000000000000000000000000000000000000000000000000000000     
     0000000000000000000000000000000000000000000000000000000000000000000000     
     0000000000000000000000000000000000000000000000000000000000000000000000     
     0000000000000000000000000000000000000000000000000000000000000000000000     
     0000000000000000000000000000000000000000000000000000000000000000000000     
     0000000000000000000000000000000000000000000000000000000000000000000000     
     0000000000000000000000000000000000000000000000
