     2522166596711894192386348739708905735760527615374804814455713787489085     
     8602863530492737972684442377171306392225865491335746684439866955262283     
     1347923383882213593369774703879196745880429750295022359486058731635846     
     8230271449769931847779373368063621602797518444091462566962911221344662     
     9605428505924880880908491777616053786820403514288345318523851766836654     
     7640536611983744665166077070231755116058598427702061197684890149427750     
     2781319976000805691655253600106797611927026399840811535464413161858095     
     9068603244700163978148502617182112435660343325613054673234791809130138     
     2141245505802962139319567877517142873042160792736352723421759478260635     
     7376904162312490338316575243501177311245036377672367175213861417218572     
     1514677026208527718186850613980568907805057477393463938752198618715285     
     5695807103848623490137384273877852406880644983637026480273948911527152     
     2360036015430513559117396344155053361828841766745798662323692415340289     
     8875353163045574371156566685693045560737511751372818020649267938814059     
     3801892111886920285224205796306669577569962855848400772431909300506212     
     9229068748878219869412415097030992275096975760433420613392618246427246     
     8471832662371858728674130381381519704459207674044177613084613967214949     
     7956397967211088846640266482098111484969787581088524655728406370948260     
     9468351945950265427639526110614862239865581949536072649754899026726750     
     4141948981894302618373033439865372724516072995241818194705008422593649     
     8433834824760682301169485074531951683200292161130833220159923002921181     
     1335229291990885179711584413119617679463005571976150424284935112568055     
     0546241317745209663077665590593485521067837885443427186466882790078954     
     2262001122224633171496506578410239730160096985933131800602353853786631     
     7225328876715597685499987271265022928105798220688882031825605989508730     
     0664312458321762614879050666348803814644641295724040224057507030257971     
     0761710185492292314059774767954735569801314765485694430163821168080428     
     7475707508108360665949307676505069213736076061843953804520383239502248     
     4470059348893958122397164310580617681397446741167404967582771503052928     
     9204532620970799285593838763289148993372438119133846868982913149043550     
     8159691667520542687241773007915083836166488318541867556569511904006984     
     8137337847294996299048463836795194434604968177492641551116084745041254     
     5437272288297134332020154698274747740860435218619591958642382382068156     
     8808939691122244357937634869493482816897576719922381895621891593918812     
     2125671694185589264278105186958760779659317480840635617739163683064457     
     4794798915226627813423128256530534037957982287774744481843928394827315     
     0057003547197579027355169298918007655865179972231325816390463778749966     
     0144857049719564458737773635897478151470404998634595244825993663987103     
     4295868821886077395908489858995785571066112058897971443546694871565760     
     0315668461906452643425962363397474786870499262391584103595020494641213     
     6181339186486947359818067775977009793925043205816615886539844441725173     
     9931862526229469455909708837167093288650833207074892081098351326456429     
     3139485083880755573076443897076010544245551988921870526831234825668393     
     6257615845484761974133188670979545240663935239637043695854972016081335     
     3912283969154359521117082481445142982217209526703279408257969159248281     
     9992075316602844247944023311477078588832923952958403924097088776504865     
     0373947898262884095551388444020537811222352000758120032785451632732610     
     5477868786393670494899966716196431800168894938435843327721830042249296     
     4039710802903989118811529731782629588983971791041651716348239705777397     
     2770820436104875331465301246720550522419373903276595528395805524008926     
     6174796860168622891797800883725444987703552605761995738317197023836401     
     4277188681167737621357602951959311636550008250362246138692447530144478     
     2927845639778803252817533325889936052414208323546714650685300122753170     
     5409520783063889277656696128465117176121305156823729723789311445226751     
     4020619716872948183853582294893469114616669104611670019649506218721950     
     2814292339577804224889778703271598676435684880355257686495541759164778     
     4537578033835335616139896602345215463004251013637319971409286209459523     
     3436733382004613272195220524391444981917795079548630689048785290999571     
     7230637815238675412558618981141719734935110273532538670283968114063281     
     9777507883287673875735411853599224589178006443129618461292498908049844     
     8506280029126081263912994986008991165765191334871512134660686760553806     
     1663002653558552951869386219262057352429643470747051602091971727939842     
     4458916734996778102379543245548668399108147047426587587524520665131478     
     0521552430739158248232647852847373203008582902916063001740459777202234     
     4664588458045688143060050040114752474487054039842245276260721589658530     
     7078041633654872148722902084608684562741778005983688464541504267671702     
     8432515664086461199469395932195729711778690380955191983857436954202634     
     5665400866232560453464603240220360365388805279647486297682187105896830     
     1109255682906967059979709209849332685738962054857608221488130822377633     
     8401518369304068457847596841664460136783190300303294082657375449080446     
     7328137979079367469571500327702438331853619284104719698048192882127111     
     2458085093429149029725751367095938434303613602394261870795903118162995     
     8039804865475752658748055759851918290985950507331362255093888636715259     
     5193773437592160752649690444193636145431456856848131776274041633808872     
     5245504922846303458326269876015554418597345557483008133640165879794844     
     7930970660898749046263710102732935694143506064122995655816768274499430     
     2958820026769903987269057605752893837200184537574910630491222828585999     
     1262893744510142620366135651749167834833270803654522257438129801650432     
     6489183700023855292725291322527518315000906976926566486579717505194935     
     5477934488377980440392228741688068202198558588681234082203434111170288     
     9902876186374610664660695898280525267290549036436440258803532185255707     
     4828829989569948558659721141362589104605328887825821878597434422675863     
     3089570301904934750325653479406354815003062301287485869074681840470584     
     9322419088064789472080347053669562118070165257039423554045348595076928     
     1840747781668747721335992522514910999554614132578122986658135700321431     
     6684848376674253646664144271810828539455065457311507761607407297760086     
     3318769008255220887882682868305320882763633745189557532199660955900698     
     1453975280184580955474499260679980736573831976259584224097304920949577     
     0954407810596967801346175362853653591228945315926999599762725596474176     
     4941469636836509303126655154264891098556513422361818181513804973609579     
     5444872090158958181119091465926347731203787853732011691116191673470034     
     0081689799298345843610333159300750636477900514765804498353921720666369     
     5986520044165763040709948452942378190664202113531659024800959058744622     
     8266285771878790706285744133505856742082103906661087739362549837298393     
     5324233668915892643798423141031372572958628580263008207420219712989961     
     6826952584910433701091815401232413426239562559308577214334927697072765     
     0641291677584108832329495272452913071908908708497923442646004159069778     
     2884336332063932291435349929608433299648711366944507728346081247380658     
     6740772746970202481513702111830668273040541863463469747328935938760638     
     4023208200984609769576552030464899943458988961995442550194045900781235     
     3911288843711136466880319121840842655384131231537591449135041539393032     
     2512110982055326154878271217079899296563049833662882677636224102071050     
     3854433919278127068258317819890405683295807639766279172271356579463174     
     3474329314852852207674596931353603571563258014208388856214836580768904     
     3289012556160676633561781012807044186563438261056302306985013951654080     
     9297247521628374629425530487949347809865819992416120181609759791126967     
     1124713820473971360970634609607137567108862129462080914838936812578228     
     2842236894713145735994946951451690570718919594024675134886537208104674     
     3475887921006777594950068368283617140821758951819439805014877455362848     
     7202282642232207475766548655040572353597446395110845086944417983380572     
     1916443230981720094940801819578203000644123735975577657678361876766546     
     8979183942879841563412398601877857491900587973194734051602375079271261     
     6133048265056855664769980910338531322290980447511898448345879190498926     
     8832797404803230283923367426096822346503143264415226936954652873520286     
     4444867179223423358942533445973989694947008508080534206568527576039697     
     7241500223402692034257297312060697366871054169570052435173450617001534     
     0407865799076710230414506733502543981190581388628265125954641700830733     
     3242664754973717745539307739307218688432198347444846799149491771574880     
     8491510567015184041988693561867724073308981779351650264315189297378065     
     9969496951600872695006653907732832025900083488455710870903559138102353     
     8494594543206570704843462319924073840404949182398534770838819905561990     
     5920730053283586764108105306048056304493341080751013753876269307390620     
     1616593362648748949149785289127061980845625450203092353223973686091346     
     5713390253683286549758022047978568122768930990519069134767426442185169     
     8505431644773684262764815359832808563272013454947124979352929209168812     
     2494868241497410529733797371501086233543316054538678847946051582493373     
     4570928571539774567068543856657428836898704867798360520469517610651196     
     4855178997282026610500748397278728115304982065226340046958644240484039     
     5948152310839517297804655438047090192852323751353298518769941104870354     
     2422861852778769348527881110423408724579801768315660990955739357114733     
     1782503234024440789023828455444081982642471851531110482978366755074945     
     4665280229500625605314436476115610947501268319206932507002838202087003     
     9818403265326902449495521214843797858131607005397757109478362273029657     
     1204472474824404438346566050703582726329875560802245351233672054541414     
     8412758298339569310196650127546162537240614755962894277377669952963620     
     5217379036524836029237551728946294473435474261480570898889050422584415     
     2764830362673747741433026665155193603664006392119458570500453737938096     
     6324368039499012683009706594126300651463345491437481645019277835708262     
     7038494327170094997014999884059249216147807387782335687764715787014390     
     3704044070221296827073210604296216674554953875752430113490183028350780     
     5092708190528325597566991060492946204049831884248856647860305116706973     
     7648682288228010325097164438279289820989492004439424665599479313325592     
     6433616127897937168742940947687409957163305801724402226123488215446446     
     1240015672646947313874615797502356335254176559463645986366711838894123     
     1942825349071709390093288368752134702243893136564679761492990808336325     
     1653896297855359433492073890242880752268122160991479940385843525952785     
     5520253148995868271065602226403919005825436369841429681433255560127797     
     8844653286184689542665763285667286929868423089913040573088371845538536     
     6205169773704387868584510068485923401596852949774081096117717404002831     
     5002611926077827170597437931120986747135492787765173309673534699246277     
     0563179062385717257702142548956735463005718899658289106723793810438920     
     5344910072538321365599269411010613847251537340297888493478646246501693     
     7925611297054816086501020643582546520200453322694589103519202306857143     
     5559480937706787917856411286126458846509248464651488106125251021611426     
     3987002627237566230784214846083711594298584661384208017462147624349751     
     8659417174545856941895613262263670249725627092140971440161246503566264     
     0702720318953772601342824936246122649015863211282659061374623851797231     
     8592530466561014413663217068205055223337266281493090185826126300597743     
     6334710429419657665198191556469161440064378473458776541665358952140216     
     3279477883123023112439045398166226028318155172969733446276206025558873     
     6701157542521318182912394244952520665743441390853253925798029429661032     
     8041408876941597472709947768782305605617153090799307279594136399990013     
     6842108102469503541449435052057197060659666911346114894271731743821627     
     4022445744133121324776791815960699643229218519636003649560567784511309     
     2369585839531110181343218989208266085364525537744806979101179875603381     
     9773690578459713022967149939183524887794300773521396425807017134806676     
     6701091028268040109647402112174211813027301598097060226565012127655294     
     0465174666389730165225584172443722995967807192550416020854925758808098     
     8343375171795366585689166839899439965485657108375790543546928746991554     
     6410644664008710796549560831267412386780299373821997987650325495516660     
     3982684491531758361570311384156924016212608722538995858487342069798805     
     8657652576422758910597387707077095239345185219489535901069343226936516     
     2897189630586440463885049241852868065006431390915379759783035124742422     
     2786206016128634485679334717291602269210840966347465168911814632406595     
     1465162835983943007887504845745080573035233953647756643056055360992749     
     1606697603162856787838234489344156898577003784215420368286400028664974     
     3953949437084525595014995097176413991795605824170820327198503564819237     
     5054611077830355972364572961312474813767813541222754906368774060585532     
     2390128704674884602193734100569559669651818435263118982283713380840662     
     7740838084735638628686358847919905123850383738459394372426794106318878     
     0477526722425897423463802766188207925184049597932891552851233165391836     
     5929409803393360047048178421152152825562199106907023004078292018637537     
     4232306501912838784208894812929067129368320029380142809828958433757131     
     1010571419504553556554116911359514760010395206307427659309939536710176     
     3968920916343084093963551941920802598618306905457142536589902547059437     
     4275454712764233971094255578109291393882224979739129492195934155967529     
     1921450583094936232774838279508675628765762530124266692506726522861579     
     1724728292538284747445213637635116803738107447652527127942523548665935     
     4392478031409990233343502455646050427759843154749975361430931692458697     
     2780390518694422506962116083662804357917786677577611729673177946971471     
     4915349024807313113210520326275303903656742691648564772322015960074348     
     5355119573958683493709910308409766941757881750718754029478113915319419     
     7373970495861613999766066385595867475047727793437053432994356056251908     
     0477870269584053935634895841581506563918334108383748740614746470537087     
     0119626329804119896784639561141984792305167557977995289281786685079180     
     9858075226483597134735663948999560488865343315816126712998263608243462     
     9820612876108257251712753244810964243884613076638341295713700483754961     
     9596862758006579707546456134097185662281338300587177964140311434411002     
     7807979190597812862521912288468343691300919537307009363759564813145135     
     6963555202664792598736432326672631793820046033417974753269883924992799     
     9778881950477742447952726129996317722218099535939507500267815395852784     
     7316040495128744762382892038855016704218626155661949176238948265478034     
     9806567240692515901279672627446227127789332073002213683498467120395837     
     0491704530865837009001992825870358130349810938148677622592001282631406     
     9286343872521257790105637865823223564618712298985162882892609565796855     
     2968811915291960324032866516757876871827240606567216678188054917133047     
     7958206142657219425646063719039904836030583332787733450095883742301300     
     8329894868833618566175330558636572489548943534343417247347403693598674     
     2294571974753962492717940681124958371751148887298021662829995567604914     
     4504811140682300172101018209911735758847765952084028943407368819820480     
     7293440457910874275840000000000000000000000000000000000000000000000000     
     0000000000000000000000000000000000000000000000000000000000000000000000     
     0000000000000000000000000000000000000000000000000000000000000000000000     
     0000000000000000000000000000000000000000000000000000000000000000000000     
     0000000000000000000000000000000000000000000000000000000000000000000000     
     0000000000000000000000000000000000000000000000000000000000000000000000     
     0000000000000000000000000000000000000000000000000000000000000000000000     
     0000000000000000000000000000000000000000000000000000000000000000000000     
     0000000000000000000000000000000000000000000000000000000000000000000000     
     0000000000000000000000000000000000000000000000000000000000000000000000     
     0000000000000000000000000000000000000000000000000000000000000000000000     
     0000000000000000000000000000000000000000000000000000000000000000000000     
     0000000000000000000000000000000000000000000000000000000000000000000000     
     0000000000000000000000000000000000000000000000000000000000000000000000     
     0000000000000000000000000000000000000000000000000000000000000000000000     
     0000000000000000000000000000000000000000000000000000000000000000000000     
     0000000000000000000000000000000000000000000000000000000000000000000000     
     0000000000000000000000000000000000000000000000000000
