     6592204983807919912941944502076164270536310504322198307231790772268391     
     8435741068909153957322744302505792363517441758657236367281486623171546     
     0840750173504277978752418005676081638263538734045534259257121830487411     
     4888380723829105942329593043844147921054458928182513517975329530391563     
     5792949405619089417052575600067045869512358891050276113020360540686271     
     2237923022223943564129997977159444287415699286144965512221331474515146     
     7990773697655386011338881477428322254957146493384469223101337005712983     
     0642649813325121158613691509823722575933223146991752570679303492604434     
     1961880783293146902272578602524300171073520628795331970312181007949082     
     3005551104369554522166985762043961726673043842664189476692812318588026     
     0778091584785642961661098181543078749825992146592469640788397150768197     
     9212796166727742877967222346613946837808579837917459593150336123497982     
     4387683663354692615994679289958457718472301937573747488013451394339586     
     0769155718235222807838426157484022835423743917114344415502078528014232     
     5280151875613207438302079452063379559222289551761551331030058717728721     
     5688361757430151762529392706825555868247173653363634605736458729007450     
     6358340545905697862219099471091259581668205372454342840213794005671407     
     4159465470120351610068771858677517831365484851367326781628513130776154     
     2813460858152726731921392769146424670636563154471901994267789180380961     
     1166686193204499936691269098165076758207965531317387713972514301449333     
     1411195083712363818559888616748144761091150620602614699564885846364018     
     2581543452935446355916994543426082694282341960728302046813888203741073     
     7986492149875875212363418663698757769771757931490855413946396995590104     
     5199171785091424288966328195815690972186449473219154487243574136299470     
     4977169506285414390918438020762778465997639308506749403696219925823104     
     7630181751114708629029852805658480325458359483317977426471846167052650     
     0677157086203080247807732608401168527217633574006504373016342384537187     
     2154830917856662011807763919301520140835110498610161703948220169383878     
     2424522111435510442256334569184056985506127566823948438897760447387425     
     4814320893075222280489657948472685246737988339717841229398195667668896     
     6713042672277148772764806653353506249754015496508633771477739503342303     
     4473043769105005041140247640336691178836943800438562251638565488660082     
     6945022392003016759382837022267796835707866863057205486147718480548157     
     4672749887787779815839892971563620696421561033235968286937012714725390     
     3375122341418732641097743345962554943682940219685057340518887023286857     
     9784575115148741367353508709617651024246722445882297919417727111973690     
     4609131278451575904799060038154194105820113354993243279898634167919152     
     4716038790962511838651343006043611717859300100673344612100607464993546     
     5557256564656674870378972550905203954716519788149811490805282125674094     
     8989081210481179795166650018109567383978013177827262605223830532142497     
     0930025971796006810656815415278486233824477404947181152907316991573500     
     9906119583041781553536011452869866916791554412495864566647518312529854     
     6446994762759394828892292350157324788334025833801803390760673023765272     
     1516240459798131518082983960715858275655850905566102403162946409711506     
     9109515677163407385714817469901108080407569220474546030168689709057865     
     1845335706575450921730537593697788839301219813824237123212687582371648     
     6873011145098147633242538543849559445935123782464803520588809647472917     
     8753915017818219941718574710002422569237154176890302541812218389249103     
     8109044762419449952788084864919130822257002912656286311706655008920294     
     6299874229567296959171067222240366740256725346005322959811548914013668     
     1199667234400379634742589183962589143994910981103337713840177968717546     
     3876980724357120431020386797097381773177377635286677761128287732805328     
     2787527410650603112556874677264768903292591393665787907847410730969692     
     8175399611409039913424730469079007413914966231899356204925476709393296     
     3157484296529211916670084793890626347890315062640361822116919392500956     
     0315381511624691831110383450859522374576203063561784571452242245753042     
     3494718250309756312747270592037632880417063585038560918755380491426621     
     2975239780557071758474115340465224355232976928153425999678387776034132     
     3823106743056655974840173328587295643216303774758952478930450416429270     
     9460964981421079571024154205203086767068248820479416647426321746683740     
     0874663910469257976898795988225983978923351950155377779025380949763209     
     6477662809842997442706568475799471847623402116597176164879311392169540     
     5287500842577924802585724432027230556479446969379801529416111636738841     
     3724074907228947491671187005804299015768665784373715438851371937430958     
     2596969090217609033073548321475434526066476246101177963046551128018494     
     2215164586017375858210317323298687216375938034082771686449224607533621     
     4819895516024430977073126498607781515070828732702508669529521022452622     
     5881846468791691447898776095530589274573595599922438876557605656200489     
     9556098366340286223262315202708673287715757284526261929187697420895945     
     3018035949854874916148228926233681094058552298866104770357973225912968     
     7367613026882753381036146329125148344506497142543868466267514695351854     
     9115979325156900138533148114464053421560844708379870308588334016670855     
     9476995884506718359521232954301076688356652936774951073684185737305372     
     5778510044995836722445524902172913795457933224496630996353670759797534     
     4257225887793133307496386005918794322077347141750408607000098558349313     
     8399585951304500939720732273881091626161393579302578816124229420956728     
     7976972315422041620000867038294549623972056943152701794469496229966584     
     4658971076295428168977863066946311329888714022793321331881314484290991     
     2671036332071627442288473260910706937713266887694291365465613743098573     
     3800859691850196379831733735389739375277895157022843394405487642012030     
     2592222480830757908651701799476534672625478641988161800247658151487465     
     5151501342051266120270574758159739055920758806965245269139589748006064     
     4057484754622272123067041024712057589816821473222475120640000000000000     
     0000000000000000000000000000000000000000000000000000000000000000000000     
     0000000000000000000000000000000000000000000000000000000000000000000000     
     0000000000000000000000000000000000000000000000000000000000000000000000     
     0000000000000000000000000000000000000000000000000000000000000000000000     
     0000000000000000000000000000000000000000000000000000000000000000000000     
     0000000000000000000000000000000000000000000000000000000000000000000000     
     0000000000000000000000000000000000000000000000000000000000000000000000     
     0000000000000000000000000000000000000000
