     1033446543458805915609396553829751655062226004168206282343290246978318     
     8597914276568552700194849877929894375950252570477080418352732597658745     
     6659256047046692271337264772438543178366351306941238937116385330019804     
     9622987566547659856882180617030376554048981440223415990154044043213415     
     5844542962445153646330595588291605924429211352279943471372817279938720     
     9748952603877845782391509318169467864162325166662519654219196518380446     
     1805099129440354695893074541974383696652019873520112325588408926327282     
     9846640538826979843642885775791641575109178753509580001660392092396798     
     6489243754010241478837022981459100468894028803941953699840000000000000     
     00000000000000000000000000000000000000000000000000000000000000000000
