     6103308936724577324743522588342073947353200724213625422316970956409487     
     8496851896682782700068980469583399412414701462074662682147638724371760     
     0247952543129530341280900180779941393932167014372018479744114727549042     
     4106268716793547354434354059971124165410828839691266470953142886838603     
     0799615349954164362439164167834929126493507321379143460951920470810638     
     5162004412457590439924647465608720754581409726530566236377036464375086     
     9609581607737059041578330196970830522493001415841001566797551864281542     
     4437574424025571032826662126391999706455120224793846110188737591416233     
     1496013268119680093992553288499837112559869779028727340206502939670631     
     6139378080678136910635688046825851894022203940266926210376775647584945     
     2287913031927934893978330631883153455424123239079431611705806826820706     
     6423752625161863234059914461495072001817728122689102549886097882814441     
     4972878314388150905734139564718667813243109618633797731472338825164184     
     0845494576184732990816715171143986384114878972559564754959857878835890     
     1437308211528241136990947066098809004629954239792475557423380088802212     
     9444538717752971412480463496633694240954234313934498007931785282169127     
     6606746131424184568245779664179890195776247003963804389559953461319557     
     2553072436632760205255568158679354854209098218930765526534724885523198     
     6947701772132184343119772283495888675973242044751094931598566730144717     
     4681851203670254950631262135596083542503000363371230841667873280428541     
     3219488665365053231898065625606571260098194932418899766536446046526098     
     8297293773001612580845824417297138565029603985626064064622096537678213     
     7137690030870643102426689985758057616776277430369270092108844110376406     
     9408376456861067690050788042092848086477117001609237327320212779555654     
     1294213880749027766696919970004872646683768998894408465005811455896008     
     7229359433794221843938237243147856740952513870595613958635768465826156     
     4345954150411611852057275527586012736059620023025339822202009148033773     
     9311664714043292343065344007514660473575183963211718688506208030678396     
     4593941049988195623322838387996684282610770452400352027557026072826263     
     7503086419587316369688732709322722006718061613624449585678175830091420     
     1550640807355582069923574648277348648072030966049487373539951911834313     
     6373822322854328399678758230121115446526579054559672082258549501058833     
     7593588265331522326431474984535095301152867537757332545892922057863994     
     1793192921313876867019984908700217530301832553381209538506900875756208     
     5907575327950764486178859537885265802840927517100420714886548346406824     
     5322817393629320034408730425298523012817283000163396204098391805119877     
     8330509762474353449799643176400012792767419085209869754425550829297017     
     3870702465499569293026012138283862573558855949869987193017210676423251     
     3295193533304538283227633446040937507195393045829607664300765723810293     
     0944177187806269802096935871847314320375013762297892226932974113287039     
     0133556280735158560315414977598007194064846621322987046974268088975515     
     8481682335606538483137746875540628216339934399634127314804746701312163     
     8407618181847431635375480064799292252513101717929808194777707202753477     
     4932712790227639461532539668050448033133439597087795251900740603601386     
     4862465085379048959788675578432429770675386419139330616880717646546340     
     3606097025125623739076191877388063963338899132269794248131017656227587     
     8898684866695971058588775358373427245269304571861147481798885696821197     
     8554311817511088196483794164179044912499723621936918344615268079354975     
     3559327727054248809998466029950068135686984341861777261912046581995216     
     2102739866479120431796163732398511244309154012253025328454828172608314     
     8248397970986149800433957946923772710302236490978362092086919608053921     
     5530597213492039003691994394287602592739651715489667008980848681719806     
     0634645604230595477128752233447025174358241895093698911496564139288105     
     2384562926991652984136179349009744123944501698877322815799114382974206     
     1768059426380390729599617274072892801916038872287881986152124588470836     
     3189312296248809604030609199829402910993910065638567469465673146281110     
     6362418787001261771490196216389459421393707760059969494293477076373851     
     7871532275723343441906780607342744291366023433014671035477933027780189     
     1591725046384780485060798361165331500362196666136558894508094122804663     
     2953601214217045252426440563419905869900562948549495504170706994832458     
     1538500096032890799407614167452624361488763850688281256525470271006929     
     0317456207503873162820272652381406623161484549465240750057288125016471     
     3217089913883512863940587735612950562076224692092163443603987281217195     
     7352199022250713033470745102950308868905222287409100036691956887907450     
     0345806124206957436814272580239824589379680381518075332086159533672088     
     7789202771434263417083539800459899347094152956060417960856345848347552     
     0441910723159815900221852547464576169819788305439983911097330533912707     
     9935062056097305500766275097080686207504820466143628301720625741333329     
     4019809083110083915325216100851570247493111041821653591594997651331310     
     7657523593494882481361664576474918295326034079727057170439330394106986     
     3378984986373887291572857599260031775730117906990682963950007351752169     
     8187584569406609714523449167934538315266341661795750586638116773912985     
     5352697690120939903429067214236010605319745504789158745136062393108561     
     5831871462427479368733551785010304815675960798112918388070992572901905     
     7758668637979566907714205296004131951019059710850495887844758391673873     
     5349508674963883954468268477439869581368279776813197537220829151376916     
     0364609664873466326401568982728541689282677728861964888961272964639781     
     9343713364698276502188658314501363165239780010446736609819173085054253     
     2960581827545303924302721047605004836996461252394354795920606320406053     
     0610290630376268516236537251080788413865710482264578097448686532636453     
     5588191951173992016675754516047024458755485695833678005134317708048083     
     3617159107744354970382480392365061357506371889934612649822339234803290     
     1439004669909293434564468276010721154600339437051170359119882693376353     
     2594652949463456704231557749482421067862505140021689205775615860251539     
     8064018304393543149291275342121739733249256427177060824119622762529479     
     9950039464777795356863790546501561804746830358229533403803537486066083     
     9008734132031425643146209313942084320903994216253993781390890816226324     
     9284873560027289144283364393855463682138890055610440209443398274307257     
     3534795042054054139013030457064664039393683785459434525612349316261686     
     7747942727118551408018367158355628983342803141703480590866203177994188     
     8051876491204936263598997559397583071696185009314401961817217393554635     
     5893889032378542314482177007643092421700277295870014669284227831354405     
     4368586543144122469613840305416487318668748499943440494092311915685193     
     1641995581721847320669104814335906441540673551670909972594890398889910     
     4968435101506880034529198953842085581810307941496781033790008798645339     
     5191797842898135319842639283206638633347044246187744643238728275878879     
     2755480010390355307195039074893880399681202686184141059212391169485068     
     1940169505152720516135028387760697107602910317187830972210270848225175     
     9372499582107286828534544637272706543524960668175341244361704885149500     
     8436357216904657471992848614446551509958637902971036233425028002610379     
     0197218660201467736327299606141719971302743149248737589610088464022956     
     6051816832774547493694719625325969847505874357961115306011485473159605     
     8617722729717188221807196509837425346263315479120113902077033445501185     
     4801119625286698324074390440554505208934565674636779021096553566227249     
     1205719373692625862132178313912980479107015730561085352062572480517172     
     4513149387019563543489104267931675591771431483257512102107669119349811     
     3424367244146545613218315063118864721458454176337636681027293632790643     
     9409032610893430214166274210627773054838895848349857964613361734333088     
     0901358006870987385893153454831254426088717203466692998500193659606900     
     6254008534755602699086202683973624454828193379876845838143234629209973     
     9096624835049350609349901400866465608514616202316550860130030575714380     
     9711355241633208648910493896121267316431003381760877854377969600657382     
     0607465265011466607425445544278054174496686946211017523200000000000000     
     0000000000000000000000000000000000000000000000000000000000000000000000     
     0000000000000000000000000000000000000000000000000000000000000000000000     
     0000000000000000000000000000000000000000000000000000000000000000000000     
     0000000000000000000000000000000000000000000000000000000000000000000000     
     0000000000000000000000000000000000000000000000000000000000000000000000     
     0000000000000000000000000000000000000000000000000000000000000000000000     
     0000000000000000000000000000000000000000000000000000000000000000000000     
     0000000000000000000000000000000000000000000000000000000000000000000000     
     0000000000000000000000000000000000000000000000000000000000000000000000     
     0000000000000000000000000000000000000000000000000000000000000000
