     1733368733112632659344713146104579399677811265209051015569207509555333     
     0016834367506046750882904387106145811284518424097858618583806301650208     
     3472961813516675701719187004222809622372722306635280840380623123693426     
     7413503661010150883822049497092973901163679376616502373085389640390159     
     0836144149594432684204513784716402303182604094683993315061302563918385     
     3033415106067614624202058200069363520959674171831915387256175095213805     
     5678130919542980022927380334255355816459199629891236859854777117915846     
     1351340068905647127658164836377126303774923360078072307462008554355068     
     3614481266062811457609604991878134283979248405925045378494874250604884     
     8103657144795704678863574293671461517621914846974310297994974071448510     
     4716169664052397392602848408694007408998901127492905171514473431386633     
     3924920406615226923030438139605419660932242438092251372688517179043032     
     1405823844793611167856823697303623840462650789068800000000000000000000     
     0000000000000000000000000000000000000000000000000000000000000000000000     
     000000000000000000000
