     7336040371198755458543643708919435992533329980543279916450815078280654     
     8799347673983325091239792063914984367506743548768138253015900823848645     
     9737041175007541639391258282594420474899837474643291047062436519560321     
     5557518799148936110552870282674714974171510464386730361694643733855441     
     0230553164977248699488168225199734908527259723473225461052582306164894     
     0587073739257609757520354959963017445213475164168221977057166453866095     
     8426725361525645146785505980278940817172521804721492063362292945060735     
     7464208389325172071659377867114571423827104076101119140044388225922581     
     2810642887785378222401456363587709421973967320316667132593942144701505     
     2198899418086983945150368736079215847738910688198846028862386728172495     
     5892303271944525010586178859546245899064364758953864771061119517560570     
     5863332599487787550879111178118067831473418443779654432167670684177459     
     5329852617210812058354947850152793056030031263183713919866939868692128     
     6887675075796479607539399901390893680441525524077969602477048875523611     
     0693692222378225344960787001124631810285413788573803984846208787140869     
     1657333436604056824205888021081948888483330062325714709087483874898016     
     2329293387718788545268305554758328339748132850176203090905389011368782     
     1004736285312625118710691930824406540890750337419383731252205798345602     
     4930274675340624648187801677739676457631093219672982913001915845924778     
     7495338849142819741689200117012625182164143387937932789734956087513107     
     7760529627235463542798998507375711004931127038132134129649794753187269     
     2178064388375159312968690401976784942260561981304093697083199980415557     
     4968659697126000386268561992736417749039776285841280731891727533408070     
     3925744225209279185339704863968479649838616182611662978466022056616325     
     2629774403803975896097478201237824734346319914413458156387352557977493     
     0822553042723552848178664931263115599841068008791466834701472744496399     
     1546404370669186023584731128465011649667374647552675345275295785571533     
     2180866808618986702702386950192500051657940196653012739682881733854053     
     6229149458232246942114942843938010409416871427270679241688415984089069     
     4031677029364445270545508986109052439389311218395805383090191569564402     
     5825154340375941938046445537344573846395296045888686880265288476734869     
     3276232212269335496241318185277041534224644423623408534495556708590848     
     7768005061389970839853927811287703822047007971569104575232780350830196     
     2837571933517018315154396250588597609749932052914754169367862302378422     
     3971423466383499116487988362261577384893903008319939348405262400667710     
     2233376290285825069136350255093508499403347385794036779971239972613613     
     1329540492659551632350979329094272147750325469343067405943174344279057     
     1597693610779689092680362927191073409258134746365511587309024285981540     
     8599361447142513602333589879818144847161670266063883818734534211435610     
     2581351364128335791501336594796283598722339292570577200247499594896450     
     4213644454881356883053085936051588061925023870071423229618352162249597     
     9821977202277647509054956282242649812636960825594155859768479828649484     
     0079981269802402825893346881126589167262364031704748706358259048148736     
     8389381890864126910975494330543038602228151897156911668491305635291250     
     9025921404123545981681218781429727025861249931934824314260643043050918     
     7245824700986544486020906203423822337962940916520645231740924859611421     
     5003352788344359748644371024605253230848662872082449951285459251109494     
     5647813523092098389675036806898147795048929599165954788403673041202127     
     3242295610042352882376352541181506064758245537557247156090749863336796     
     9656062534083575131802012322850834335279908356666966480874579995848064     
     2104597753064093123440720121031704856260175030435572250024608174790080     
     1470889140060355604744136735504478609102755951597411180516085809763140     
     8839802594904278702543025155474574850194999295055270467655911875865966     
     5124146971737413898825071456109297074993118858113543977623070848690927     
     2175972651156070197971406765661966251374366556055776361667118612228712     
     3800915695916723819967945566313280391190435900120492119532466005252842     
     4495399920295271693715334991635690176744042951293296436048502893818507     
     1451289296147185880734895805470600967068631521432709943871047498393465     
     7188155313055606746671027571264301827443461791229327097192846480885516     
     7936105776010786020995175995502336723804908876629093851600802558039696     
     3674065713107071133673861427983207500720152986702875059528378043244001     
     8626743466016639862476759960718489920954603681107692735207371298928694     
     6554881299907075091477159234358444285934162846081289899118781591474988     
     4175525915189700623402902568956386693026683786142464485094564203251150     
     5332436970189424951921445524154265798055401866979850888347990160640109     
     7862247704387835437677508865296190502435682955299873190156795530919595     
     0849839690350735442435313936295659178961775306441690269803592451696373     
     5248767594869848460064186593834823805816946797021570230685735345928707     
     6973303731937083308108465238494849329485703790278360803210191747255605     
     2489686579274323695078489459070677220838520811614504006946444728076323     
     8226333663007927430717434586941157436459144372066644589384378605804939     
     2371882118954838221516744934091912530560391374436367864018111320839851     
     8697907570618382432306172428124513680808279632643670791006747512618103     
     8757172741431862817654431100117469649348016351032416121127969334853219     
     9748983503717202661216026801935156469701453254239808058165226824871606     
     9622702789458493286961656879846581706378041316201635624263804636005346     
     9602806685237940181460348500230188264074697953616895173602948618787562     
     3486388648833364784708577106951985730029670913638501481605947091418046     
     7351283581511963575616236562128806295605206208167783670846082214121992     
     8265853655706855828253480130446712991776577983082710525154966165702402     
     9678436711780954316082568535221025989050103877453240066543388193062169     
     6376260442843925891003264443065069386942062908575987874304149326384348     
     8677134484902776234108779983228524674351405985301803249210346548119680     
     9578127441915474697819287775707572284118995521995105348319468139918829     
     9744545025018696523784598701369610383727308128224431715958774683926262     
     3184460704827477266948375227743344188193150567635365525725699896882819     
     6477597396727204759963406594482112945942977906094432677113322362065726     
     6811995651693642009906469776151044123499131532722037143688848718914454     
     8029231963131922000362415926764095979461303559984042749014403857251406     
     1405983845602180067127269916570973457628344298609498359682268117967384     
     6359548828955161831905702744077474824187852014848882640859453437045192     
     8545104467551496574114301600264549643553323971957029787346042021142994     
     2341429766473523219481962871065983876551848105331722158824244070718585     
     6842748483343241708578477757101995034643806419588914086003842183512712     
     9940688892583294980260851534864900449633386848606683551366619640215799     
     0012258953673939054418266585850272927340099518513899097581421510639186     
     6321720162206311388718458679778108507812426630413620875579287231527177     
     9731836919673122670954540561291640494726332430219370326533874901082732     
     1187859662037803011018411734510688994790953287131807159778071319711774     
     3266922239326032365991968608395964423286842471008641741676822221167919     
     8235909226044887338644731631221340743357229546505359024708758410481060     
     8853274613197433831552048526361817287134192930825122395277899804036535     
     3009076926628671021139026374781185383416054369012993932264668166708159     
     2462214208039946221757642725621845296832538654599588108097225551139342     
     8906853104860403153323935862656396428717016917103125498694954384702106     
     5335893817928943590980991261224361506655766614984668681886408810694953     
     2424641489678847840072764533832754462860817704331051587478849809681037     
     2516109287136681754496000495261941041918862180663834462493110098948772     
     8466624971337837197272989365417880727595585111432017210245903806553327     
     5494357239660097721907176953514513229614864137282501227147284192993824     
     8367196422322513071265674890212367277335783396328726305824538673983232     
     2402820260740808040541254419266678613607366079177467907738558817656734     
     3129839987887654153148364125591311234803133064830362458268921702045938     
     2276946900584209825972392445820349917408898070503712400760696635306217     
     2101341675967015494147414632572207993174072651137943688846651500470698     
     6159932086671798054380955122476139542304196667060775743796887451906697     
     7699383950849872717114159559932972820344647866191797378856305099688138     
     5908176260679334010274128548093268223001787033837675368337821714162846     
     9175658562265006514513781885377067449392312738870312151787893090812922     
     7739187748748311260676690707301958744027340000145259076079218553114094     
     8129715496823800648859298253991525949256022726041256790898683932617410     
     8755286306550185163828749262368507812764040058469871631353989312341945     
     7492761063346990212688882102682702784461172604041791214149355723956672     
     1891003569840075223829870045739772236833197489873491859137753503959011     
     9900324529779898477336911668949576405946834397657179924049536928352135     
     6546783333856789453164613107068389567303414549515297441341940793607372     
     3897799717667684649999601318993251210923073395255091859706776378426816     
     6812900827465876562977454291507585921652866927634734406436368802462386     
     6410168203033642594913520187739254113778095332075264408692253592118476     
     2532428969130918405487405225494961421234264520361900014997168053087697     
     7510015681920414209308673691807596244965656223243668220350822169786376     
     5795020070061407867488407384747554358158827982604699612870850359113676     
     9430316811093636845409015361367341658285947374667018961799184536203836     
     6005785871364893888718476136232373324534585159788203371880456876769749     
     4956500374271119068782925318933219575783301273599112372095241998630460     
     0444289346033709097420761322009882188640079532390375005232799346157115     
     1945019910776322520948712128825634789429870022803267694768185784635327     
     5320158304418514553861386829792349187369595710375660405532807258323375     
     5846143937166956574038997460603431286359646766885378710389858014858345     
     4630833466072570987129583666373983039720242141054242420113604739260258     
     7064935816300613944734136841975761905476192489884561540427277302266782     
     6601438409285046049178362214781387501420358793119293633946698089387701     
     5353229180186016060456723355401637587626229983982458391115030861284746     
     9500839686092581295928542972282822701341995853428426287484461148609551     
     0549374668984020023806784163546607757704101670951893149704946164575613     
     7905080079820580448203074802091722745515889173940848430747015213725395     
     7222135796839727088407709757643194371726881312657306045986898430067190     
     4973017842301319060891468720843889787111189892308644801465092026467731     
     3713544356020102313054413134019824156615948304515883016543540630959317     
     2677988120123799159708057787849341803490828665088039147952612805643577     
     2321418495938422841300884809231240136323346449064104670565800724370754     
     9913302680830241102257181046302183876646964759659817882405158282673021     
     4431134517028558108916406860235577901275657086303277699975594801143751     
     9335503412236705962420587418513244703985542806636296815599279855131196     
     4071944276946905271301878567011133604927523574622978981151283309100798     
     8389683058966585059251395363512526062813004758335941625271439327366593     
     2904230261009152863844831519031681307209545325380347469677892455643923     
     9452470040790497499737742350025542167798778769848882870263188210774129     
     4454937081736466640690578421960021304808567920074790133198389200438757     
     7958573331948826201655532918796769506051248404652578520200280477945427     
     5631490063965455963613708698746211370320764317923752622247511885002365     
     4160604494786480402196638820825910963391435999527598787667963125365635     
     8686705186422968526329441518315000799345551453920148856793637231550268     
     5610963058603165649081801748014224811669362113311351299936657147547991     
     2335159304044220588446370838322470783208151255370221612498222034306444     
     8074925114891819774609945738470714466927964586936129805480101331465206     
     8866683772855661980713192799825379541629860079643636627485281562780762     
     5879876312769785378659655403356666796382253183895623789064483584643692     
     7116952448091553380799649366248746502374328129885146346220216452516760     
     7778896048011285196483123486944061071752756157302869134703195080844939     
     8900097157412626945627136371345353270424568070287554672974074730944503     
     1330110885663785125919706646429183642772906498001890560526690504443014     
     5120407094037100601618121368533111913841810121282867598945483606839053     
     1946704176527546127564642879155489494554353442164288139929921561849697     
     2333797042027472868696589731358328672502745149761743225753637884372813     
     3194497058798218822920992756697729034292416195852455163841063655527154     
     4347745679599962190381743411391309355443785229896386082755991107601227     
     0289193707133815335158183797377681639942867825157644509488014755963125     
     8694868654121946201602278641736963136521878348366171358217896011478937     
     5208912794741863687629274651064735497769311442361139574797905591886016     
     2899243187479405716317235078814063682037330274441429627113713825155355     
     5446766286389900283624654896219941809656065147808034862702440551878641     
     8207153045559861908181401456231506815211725346805805033397245622602682     
     4201371729212746190892409456064389570107943135157096146303763633548774     
     5280751837028764189500749216970514722786557379119356465039504634395468     
     9680072657419584624256729807104228488948436791058115833737145960054394     
     6849840167690906875223179877786174539922525698068160373233615811143950     
     1402312162061314543043812628684839558686953353101654983403902065395879     
     9257678413915999634171468639276003367385865898945161247590532573096588     
     6843077134814757369203675037378657190392842095655684628133036770622327     
     7040011509006940043791285213711926776693734180500302842319275086891559     
     4576711314177339887247160451799780089126214054043037452915771287414664     
     8823544230588347923151519588069288268766041816978697254877031102034052     
     2915200233936129250209887957165521011954280619454691187804378867406624     
     1893400058483839088648968546296785871065773700038109913083671510088267     
     1469709628694151900250558631593855469513402219365339217412129120078753     
     8480997250891578686864554866163612189681685288972486794960681706313616     
     0234581564627388369470434545014883114386267125189103258407125575524182     
     0895537884305851606662713103779002850957668275784900905270525600709524     
     0378484132129107206661903488458338653204688579990450791762314776422121     
     2509235162854195200000000000000000000000000000000000000000000000000000     
     0000000000000000000000000000000000000000000000000000000000000000000000     
     0000000000000000000000000000000000000000000000000000000000000000000000     
     0000000000000000000000000000000000000000000000000000000000000000000000     
     0000000000000000000000000000000000000000000000000000000000000000000000     
     0000000000000000000000000000000000000000000000000000000000000000000000     
     0000000000000000000000000000000000000000000000000000000000000000000000     
     0000000000000000000000000000000000000000000000000000000000000000000000     
     0000000000000000000000000000000000000000000000000000000000000000000000     
     0000000000000000000000000000000000000000000000000000000000000000000000     
     0000000000000000000000000000000000000000000000000000000000000000000000     
     0000000000000000000000000000000000000000000000000000000000000000000000     
     0000000000000000000000000000000000000000000000000000000000000000000000     
     0000000000000000000000000000000000000000000000000000000000000000000000     
     0000000000000000000000000000000000000000000000000000000000000000000000     
     0000000000000000000000000000000000000000000000000000000000000000000000     
     0000000000000000000000000000000000000000000000000000000000000000000
