     2220357211317063464370235450678106203155399407940396404245240995861739     
     3444956295144701582698178285688834598266620791797684935249419823977911     
     3661134232232839842752068355997112244663554398127366201480389445030284     
     3773094867069796773322910618681793549070905823544029990787320661092362     
     3573200743373659171827654659496375752242447176081053270456410934144141     
     7432902574373021126711169881908783714212161043703450121977691580138377     
     0880056710798358746639267520627970124256583386101721963358967176394653     
     0368837798534406599838577526338217550028268730759005429502471965376508     
     3163482060316855198813610961328033936833047975790490884803686567372377     
     9620988035573788646306547737632243889381528845187104443090925680407745     
     3987375192840240647643281173612950718740946304811391983426965265175020     
     2451579884402300310249230956619129747825444986627668415299999299739935     
     0362919524739291983634385339627531543265635651976051751965746940149643     
     3563542586316624014842119272965761274650242012018262052175588932368863     
     8638893285338042965856764965076857939930835075463346614037789489820277     
     7079348815422465510496459439536668768680013503243273913830447924339658     
     9079668303205922313027726603441016025305915732058649298036680241091528     
     8127825351641316338198170739147913174208257080634312207099489758452493     
     7739883095854800957314650216453854058990942542574913201168480278304123     
     3045773131979502526136777836710487725710764994683042743942000456221253     
     9891481905255563516131263734446994996346316615178887497093688573204772     
     5267696143410401294957325325063609503351286154445666838805297298156185     
     8950264933480348864034098448747426689698287790611563892207308952927853     
     1864993348580535687866602191819386015487292138562052392409577118312426     
     6061237277793323237885295533618492195077973792609845441206478333581316     
     3527014620124972069686156238836092653849371550938830524527690492488357     
     1699231946162390765624925045885898925744847078150067268246696530321064     
     8862429347477302752227738741556749108694421180636387364955953037545120     
     1266773498938299134357608863312032591270323263193997405312843291398030     
     0266832453455349328412259920767909376776548018890346184602552888410192     
     0665794198605346805987148901407652081374150194624924086764770813432897     
     7317978782526040966547756941335513908384675541902196516587357429459111     
     2029278996317173189407309920899111144534712121109307820716215896701010     
     1478854202274722337286469896473991792890897370966149584302310210167366     
     0657125906137682195617921806481684263153853905366548984099156986972492     
     0268890695428021477496798514824687116543849615866228788659564296907386     
     4561747678338760125038461074524184857712017699197335531550149098405954     
     9331249082566171167547489959325236815988997555716777890148457129198864     
     5911987144901607640479009279558279567977664133274290806376690456812836     
     7233139786154154276314046798137069745283291713581063381249261335538867     
     3749240009419156741253659342798603585258341080737629324062921181810276     
     2844142663409144658750532826413068148468100056973682817784344286886030     
     3430567436085958582395172266216965462946559299204630889084633292981848     
     5494194136460955813051951667250586597639474485601436917190108665455080     
     9095832555670993164572218591168498656713722539314040323873870273896912     
     3411288748299304991488457184865484174540390795046674711937267961825728     
     1294041694426179903434660137351046047071667049782923978987469895909271     
     7909608667287883858445870257833115265514580933706235231876771540198284     
     8090467830559515576004994550934282240080175952740891235819188795246294     
     7014564506855719169060871205274896293585900415701131917030285569085936     
     9759834901096889256668492910406541030357064905806765941916582144493812     
     9403735629737683313101306745992529917607900258766019766861308633158073     
     1502497806325336721046702665692834962080378318574931252307133418789950     
     1461184204183830740358260193243885245558655745139208696151831053093732     
     7511295187498591479088350877028768462792278136621485636791005332470012     
     3075390366596581198736382118220095121312069259126051143801537261437073     
     2840209020610402250215350964541737485463435603919437277245671041337768     
     1979683344456887002744076484031646024932015165396914232816202967562395     
     1406809332703042577372377981280174198110958114235728009458698720745907     
     8777289521416713959044389947263402067720892245192624895326445076694307     
     2239724689783986004359846661528343288484109724395596983279139942686808     
     1282423713107109685502272265677600100128059453271054427772252821043892     
     0073129344762317701003013794939895091469951683647984289147305306208232     
     4212648911774831314943031896489190605038547689979306461484792850617617     
     9451398593436245652917715683415371886941881416394450581942002907157450     
     1547171357761062982002024539161887020340354738087891895428204240378271     
     1020818788141332400763319588113633185267851534189542099526849173834856     
     8622470301204572408063183964594633690073764127766174039722796622213017     
     9866155436064920412273730880957376742450574854167924503951006698831547     
     0185815972509226784002279016100694394954449792805650213600408507161718     
     2755572497350745231707455321667352293924105606040339609244485358200563     
     9992379620782598275010511263966644592845941562117926564616418343457706     
     6383170236678605786159315263494981193783777091521657872947000241605352     
     6047717004371889066343819447707234346271650585223775833033697766963497     
     5359111229434623023215948151466190966690522742615698339464599263109143     
     4823053797351022336504995127631518227105413642415255535290883643637158     
     3210503423288040556024355631995397564101295565924015923408735794836924     
     0072536171615079138647485499156148922907054436765860053928006076738450     
     2755011090198160907399739495610211105864748109129705522720048302012756     
     8651432827458898194097712173307478123370340606839979390630714152048963     
     4902748903307129914060570893104714268227556182410272716272528249974744     
     5997517212636567614765296909080031409588786816587561021376198294937277     
     1483022387553231396148451303097166573682448357287828237701586912403813     
     6982084843633456645512465307636562708605848628454984264666310944632188     
     8811059375221603674253891277233098229233772232838546958465430841855893     
     6444037629228229743532984814039916860485521919281404132073713726438184     
     9084153493024880096527220674173096007963027136892101639387672255143227     
     8292940229777045140375921255846037885836103473156360507435668921257540     
     7780722171834250427663681078543130547971735737551040402294059829399125     
     5563349105336285482733609656828853262394455933970502133352965282661648     
     0018843540241106685868358152756519561302830155586177605633293349451106     
     7966408430008690959998230147779332865616252752860749753654037473988459     
     4041836777093837568596068164036917850733805904065176707469972026842823     
     0350986559947751094334097037079722307993736709052610251185678191288138     
     8793179955203199119979317083902171372864069490548563350502115374587924     
     2536987339165391294013911997830461136466485630503802597341907437207768     
     2893719192348271282955487412374896318312586524947537584093737342831737     
     1370715380935185318987714218640798812196367193073040620844562400367278     
     0966344396100410578868267592100770618722259573517538968393400950227417     
     7554146202626951794971379086770034679775734029134029098780602960646788     
     3219608356333884122669769568882782530355003067279362069334974887752962     
     2853528751803824927142685012369522005599966532828921057838629960276381     
     1961133971643255121111240630147852996017189255959698530188871083001272     
     9491665636612552737133723369889930306004506520191364711687450673461169     
     0824103405772316334121417706564355793981562326775950011376903925362995     
     7868949409250121633915182013658812211290969863178979733358519488975325     
     0253880360906508360603846059747650952613614505117693768237603684895349     
     9415298126629795162922865799359972528624240605100120971668442629005529     
     2742637496456921174124841838740579441363890880011420897675283485247215     
     1135782891005205146572429503310816741332441847545631850033037559069977     
     4267486734899239495303351306949669098583752301639699091892845578329114     
     9155042797687201862774980954499446553595739264459630541968728861993393     
     2062265462715600677958122446951339678595605169771584406832290186144739     
     9687669243157509678326177394465823571160241095854633998919157576734097     
     3367906988149632424078368371824709235109151481933815548313452329910217     
     6656230706867062110789183181687721113056515036768683348899181760471824     
     0376657055124749555464700156952130021893459255672483506816302180462450     
     8345403164079762329269985707773611541591239038957093018940778052316268     
     2851278183267473281091414141505357169864286502601947938577452923348798     
     9929569767092279976444393003661034970403862167118904491220091840201971     
     9658942325062770527111184821869218158943347795816330071865197317407242     
     8646690719691616573400725576736055052060435871212711923398147367428356     
     3499750752755891934284416058843320592225545512231823740110517119879320     
     0902169725123692241962178854297648840307792931009330218285573393246210     
     3582335467051352588866381395556575654244923205878423278576942709931708     
     6785436388186017860552045970241091224387659682507716781761710364872851     
     7643246197046079366219603155885992310796093644141002744844122490440116     
     8202109962673833200986237379828693151308496975029433513104662430664638     
     4664464528919116252079057826492252491058142850994839407265965389671009     
     0345862651617534685760448321006974940072911170842996229746619175685093     
     9960191527594212320168997509855495979074823077779027489560830047369622     
     7562495884403199384937796385947584957327827580223592073865304208867349     
     6526019901347011136684941247748890595985453947503440031020708119301916     
     3422379828548256683069052775949447232918834592362718354329235942666460     
     7503346148529157329404666261326036508577890833171799890623555183650061     
     1121823012840902498478950583813922761067562522224785223802709039591456     
     1303281585939702305196749812694405956573206114264832207861532978252879     
     9411149564302369455879825709770838438351258936037113067474638599279735     
     5181695480232231026002303881718618616415448651276681717176544954553418     
     3846075606774251613398217342393693174853094045325835614812461983003356     
     5413106510832960747409158994040955510123631128469120759184528594315576     
     2663897623915460587557698052995074080607306001266752489861189221171168     
     7670794536785475623934946735089145114642253688931857033016806507304547     
     7534574776886613554245907982037897921860242537422395519971362543847247     
     7182478341380480228643704610684593630987653421579057598361262728403014     
     7434865651072220844200562304716443501719234899980028866999912157299434     
     2808619746103108230674460628549838813211545239228372921775221139924856     
     1408694036638390715745240964149651074143749207065072811509398704729791     
     6565696423838461198065961114798691461263803883967632370041841897990630     
     6936250472669428894874773334676551451397430330741450323316966741633624     
     4975017272630691453187681617519348127027736995457576327234960021493805     
     1278289294180941711341508703830303131792881923628482786110504049355035     
     4566269490931957516179531233877060404072616784588096623277729715954594     
     4280866709417545838421425443165912995473321876873481601227323586869796     
     8685474662955773284957652508520188264138440473065585358214650516857843     
     0759225173481396147048756308937962738232429586702804227742743243066128     
     0078398440104239174515542957137238422187704593414313190665301139612615     
     9308174159656849775934577790178311860132800765230755934777327035116617     
     0481074442134030390040907821267627291452159915019769992300483863000626     
     8428868624731761220334295471203618043352021836468928405191776752020241     
     3847250825990901342614443778276606093185125347227426457086030332035902     
     4159105396921329711919570790711209919843839896596598283918173477816028     
     8821859792290453277069930957422465165786229415146599906880036772211710     
     0222400278859030647454100005738316247241310216202789603261488445881110     
     6141856608687774129440333023269309311700018938667655920169110290732125     
     0380839292642813265579867442584385013693931299247436147624068947781902     
     5863667702453807510564992386013401026022188042830871015783958606976592     
     2604393731247306718586178962227023511183690363251105306828500685946417     
     0116296171452269651645890489765081250929250488261245615330256506284831     
     3321289047336012472448619340030859077806279411335117886940639645913323     
     9322792138305119786854648927751885061493388517808006639413184465352051     
     2077690410133168809069811359861714110941227487198255118134248005850717     
     4642447621594147693128712794199308492643137685960678639431464514491814     
     5485695541576637094132300503987399877420558832045042682963248503060146     
     6224403608932356702144988994106416111887967762650854351404165384599560     
     6361449943133085921123800548714561299509798927497603733326452452807633     
     3674569714199873635724723346732170266311980469092038963053443507516971     
     1978194243577486206936818830634960829577972367723042769293807175594779     
     7945904427358129072843172702339739344777469830314582743585438524828115     
     3175126813066210330570054700515749563016836920398481368873557326025510     
     4730559403826486150268733000856914533118389026326545505457019247556996     
     3252010012549402517005142760908894317998212267393797130420310751048255     
     3149185342782085846179531187510542179380607445192234998422914249427094     
     7740356794289088310698791492138049674906920497095220152551201017702947     
     1982749712537190537938245645644211054978979425742393314466811686171135     
     3329347590454998127968201131236692151036603477890296211265095816404898     
     4365338760024063473182380755695294165798551833617703761586596630298332     
     0018380880518233924626159245692169591842683790557613127483869234008339     
     3090868242218946835506580526164425685960351801647822386821671175137820     
     8475553596284408120095803290613689100951500603120594483463495626435567     
     2563351280813382439295054458888156879372498525216266287626078477035587     
     9050023740611869421624178867500231589462864233710456694987566678270030     
     1173364921437071570524717800241164705605794785430986829511595262992927     
     5801556385973312935895943986854936185665447114340299464069548801418568     
     4571116287589484419107380683832953167998213794055374792983755883093766     
     2829092150857416786282705731748621377597153520734181345699646648543375     
     1342009074017286185597564530590184410858528114584333072469510024310769     
     4644687591716907013555351786949550230877046668988612766326706876819186     
     4370625631878728341063728978064174906217879739159289383139659922740798     
     8999643014100343791172731204280910217601041725054186094950986538422327     
     2386273862245841975868299521990927359606964628661276112006908031638359     
     8406814204752099435960985536519132068925333714019182634257357789698140     
     4340194139263073498910640275187937975815082945019535302198401836021249     
     0327684656026130007419773936457234842320853000612989668683508542030113     
     9294111929075354725238868816464958510391762955848098857106500925256846     
     3496485322711671148925572055976891969761410319644727542301050767779702     
     4372433214679624900693090277009548438514628732690580260130539217442697     
     6999058608908598489223666956078163796197019626772076776122642712073026     
     8555092958703638986636565300166630957183162665771380260837964105879888     
     2528838615538072458285824940641567031338752870558857886648630868857334     
     6698372732948526261286306490046965022248725800764855211886058669987995     
     7761403367460211638770664218960130383496108361696020046973986408042079     
     3129115080637480355882132719676358500370253656877772823671581540121507     
     2305670789934657706543182777044690974465696690899299280289657130742089     
     7430813349030569330653152301009877546760345517547982478103299007662646     
     5813859810628131340584593452744646781323226983120583226581074275758950     
     5626935915420760824317526192835166386800957628370479697604127361639250     
     4299158513863373905587365261752331230080049274199260965486957392253345     
     6588023649236429422774745259804560646229963606748372780628227272882167     
     8858475940016629355911069799784932161733875553567449165988996560331868     
     0455741190959012125649107170010723947759728107111571333835742708323277     
     1527995820080512805602102212793448201916137068274298287320536644164715     
     6638618933263782710778094004856148034663575932039428886086602915014580     
     4631669761965401875156302373209021390329834513398499168635476665619033     
     3286638621449120644402920282148785039356690410261147024917839161206060     
     8534659643436648287191159704653619868263500882067712895527226201585188     
     2043781984767832691695144395799622668017896753893230214643686510178403     
     6879864035005339472176184176367952222119732177748978499117023486063644     
     8047292510842389722155753474343241619742927631619213515372882394593145     
     9820948423214923812197366744903161710813526315689758336468733861304820     
     1436418310855976968765153111381306398092076913540708161078302166581247     
     8784496211379800404659026864800905266122512723281511178103161437230343     
     1807578996349945763968344600253978309288180735103300065732432601252116     
     2722471905644862110192964886840887417783584863740673199822442827752218     
     8808597070216027684655058335788656958799986875415407630929004872148748     
     2975929612899203489489608051631077323923612221273940121362080139957899     
     3930162491767668383118062912629625868571598921936966060721420746083031     
     3290008429756962329471078695080630431456389952942081190428411534119850     
     0888917373902435838533042131476951996600021870356611626920784142915321     
     0687794511394781622510979419348035427398808520792064390255287175359200     
     0642988697122664639763739962596291436646224232167245212736097732054000     
     4771026038563540440734483262965718110032956990931279010532896400332805     
     0727996659172247890612337111931283496187400302198380104750730623322152     
     8913984872328244691567161551670369480318837222344479284139140154042225     
     2825332633069794223410333448954629818225393475421712199280780954017055     
     9316162523178847119209626591915098691803992948185042729063859626826037     
     8765536806552054029816548956760417733526397147972814765226410243109952     
     3035418728425618732397709340690970491137906229777320795540186726400000     
     0000000000000000000000000000000000000000000000000000000000000000000000     
     0000000000000000000000000000000000000000000000000000000000000000000000     
     0000000000000000000000000000000000000000000000000000000000000000000000     
     0000000000000000000000000000000000000000000000000000000000000000000000     
     0000000000000000000000000000000000000000000000000000000000000000000000     
     0000000000000000000000000000000000000000000000000000000000000000000000     
     0000000000000000000000000000000000000000000000000000000000000000000000     
     0000000000000000000000000000000000000000000000000000000000000000000000     
     0000000000000000000000000000000000000000000000000000000000000000000000     
     0000000000000000000000000000000000000000000000000000000000000000000000     
     0000000000000000000000000000000000000000000000000000000000000000000000     
     0000000000000000000000000000000000000000000000000000000000000000000000     
     0000000000000000000000000000000000000000000000000000000000000000000000     
     0000000000000000000000000000000000000000000000000000000000000000000000     
     0000000000000000000000000000000000000000000000000000000000000000000000     
     0000000000000000000000000000000000000000000000000000000000000000000000     
     0000000000000000000000000000000000000000000000000000000000000000000000     
     0000000000000000000000000000000000000000000000000000000000000000000000     
     0000000000000000000000000000000000000000000000000000000000000000000000     
     0000000000000000000000000000000000000000000000000000000000000000000000     
     0000000
