     1003914509724599729398855707100439736686006920020579379648588084379238     
     9320224114721265053389188607264969888394355861248943828145511191759835     
     3919587019573910241964402686010741521401520216689383948441716091179797     
     2339877502686894998466715892169571436234538520630431851454760735958903     
     8939667110768412119123763231064767098677970750764026847559873773660691     
     2566654119782180820181469257482192040645874176149012919469944344134665     
     6265676399604018769520018183049009983561067328248262373372372645591992     
     6169546349161816376203998742326465201759810141589595838484510002718590     
     9719707527209942833341907178401920914435553389561651484987629118634309     
     3397427682663710420110617355826594344122690498168456399094505251387010     
     6764495474147374402649663630313738763247169914697503282417067290822149     
     9580707190640082970234783898145213078385741022506785195977017772850869     
     0076046601771098694307933740410246388643078568066529127549560400306469     
     2873328514833586652674992106772732425346491272977816825822750318762969     
     2981319114928734859686619279833712476768751322750144769646164782033978     
     1320263775732168432475846934926185195570033586404421170867192967742894     
     4890544200485042878199815248841568685891309925198984597974936856427695     
     8993147374925186277480956083633081800516698738509382266282806717446855     
     0612396687567072480640373991899415454571340995121449140776992983159999     
     5957475173110807871661829251104767060233426942533404245380205496855571     
     5533737721094985485993168448253968431792974102097449254212596534799931     
     2617572745872821301819624012553932965327094057760035332296184245978478     
     0786600145467991864217210388942998802288036595204666619783293925891860     
     2429176672762182373225902085810223404486106699663515015404210661411185     
     7399050950771190151686366978049736618840259219543956661785225139930645     
     3813313930934092024438578604047145123544958878381617779302903644738697     
     9536598529805328159464323210352178751032311295833690000093703947651455     
     6018098529053955062715614091952188398067114554689563824122363016022163     
     2382464094935689115506831827388611229831030253988400535585485060532705     
     3662047091525823143036177845925637868105822894419709858493901527319251     
     8822896759153822852487651518469880675944528534088981435503159401463166     
     3018555695652215055780763677602356933776707115685462828112895212672206     
     6117940399117420646738562728373432261922308015015649766123450342096835     
     9732060683947592083345509252381885212573984061369791637632419398640114     
     6254863264903085683778873449852615109204709887530153159278697455119696     
     9679963237165472411107886469909697159129017865500899268979648435174166     
     7663411489251162823969404255408241340283640764816571189582742693059283     
     8796884032440695541233553606364939761577428096570783503670299558505270     
     9568180245630185932741715815876578860659587393104047084793793031256485     
     9124203127241410556805342301273549956648785973876257742402597803324836     
     5499329123155530598725783944102993719549886340081835533447312322511247     
     0874709261472287214635828828037039579871118814241350800647738098517972     
     5847530865062259698001640097923638647540241914423431648367021452202580     
     2239384823907832646454773262722089671245500771430042123178530826750385     
     9753844881515217562551259097118015961091374236440221358508630630068671     
     9276590581402821203144110124680881066456503542078298704060259950072363     
     0231112795512342866557523015388630682301952894929894371184123525457392     
     1270384834430526493750373714705077472298964128768110558169024625521559     
     8487196227550795987085579179003434340859018559993328805147012773342890     
     1627673629336845325663367260543780982739623756280636565366033762599357     
     0981167938175303779103737510064436304441550456229854477465293920520391     
     8943160090578854100439117276601912985423137986955084284946532793816166     
     7810577899419556924528797623559124295948919951552456869812976127389068     
     3867352152658473122481419261612496184086174471855546864032497686332945     
     8317302262155067852947788883610984878260148252263298531890963522047264     
     1661244852671577207212999481865180961283382166787252716360802229298935     
     6789854351588550651824971972204014993450685355196319099419198200279757     
     2872753327878070313871144639840279248988759172055806932050237950883494     
     9109143035390445234716274896708529388274171795888374977895184685816515     
     1206410670446192597320275183692828375587099232581510914839074455467134     
     2626110898271394039791404776395885533405841287841982041354503801642931     
     7226735138797577294866967092182283255823392500664092646333101896724931     
     0701513211139856108373459535383092453445836747108244649569193566075195     
     5154743922833941221126366801786140755535212476104699577251144103674036     
     0320589912893720644628942298963261170074011546212246626286057132773993     
     7171806526847558412495073318906851378439382476909358566136483889690558     
     1089831098364246766703256100756482719546984761550863401759462153028740     
     5034330273454378993374630290207241823564000579429237361698356129618919     
     4725079677837310721710324490114758179457923001817964308825470065497308     
     7926423386185575328402183330198888457814046909659354087289335317444468     
     5569217617930223111037765137568240375415273556686597790486177265213227     
     2655343293985719072217990976781124952599726255319437421427585919881379     
     3498244888822921156008384207004342502337589973378518173220165711568190     
     1814262476712013356739038016185337110007786507564352938810429080111114     
     1662974907093801838891145040727252824229079142444800095517694447558915     
     2921982025987765950744882599752393232845966157142152839081206854574214     
     3508495669126161276277145424776706881382377973772734272735679528493322     
     6654392755268847515063688946664069956054611722279527655296769204619242     
     4856738654109520480133849324185383436907609831163626264587508084605372     
     3283151735435949195801054636946634994571014776369372866509419076526292     
     2168732089916562147112036936445626764460221149050577685681389408548840     
     7982306849099806126623267505670683438559779529125491157706911786058252     
     3265841654252489439156629059734971291090215906550817248768414346133318     
     3660756727912536332706027206279361188068128384477813096551427257274922     
     1456167731259500317767861060973367392836078574015604054135565194846046     
     6825955168567052027903835413495718784080073200221878512800906754163196     
     2118465384389895788395361323880546603842902638393175216225550739590373     
     1445032476036484288548832237640702609192200043921057597889267231352279     
     5611369504553173850322615772565565313982900274677659981251930374583002     
     2444234568326340794157439921872616543850107410808186063913320717008426     
     9748620101337860505528810754755621207919192785527705328398623746715086     
     3908402664715683970057261391656352608073834028146115044259641343932007     
     3052258002825960037325656340196914291946987761528470952157541360661110     
     3005447764958901799070276845953183098677929897037650364676494449157552     
     8934728752263822413404192882834555739783301765765078717721781754826610     
     8535396305222055181222525432173842484416042163954537688996521376965453     
     3343742992729661574249568392004419279402427871984050011633992722133566     
     2610037996753486871516754756776292778784840758845937344542737089924399     
     6836401615096977356252012859200858207618499600846226199813966207094638     
     2046430199135444740024817511234754688608480443049047029917396266106812     
     3167677359100327134911009772388357708022722528611772111953447002837582     
     5607204585416325773899675202515432508651529339865270842988164449487400     
     2213465052755306533803009775642486618679025976178702107086319341618308     
     2452195588778454358049540391976314389175766057943956656131555832131797     
     7699752525713212954241022242767334042863264428875733621295065041993680     
     6070499105111090632447943864628637554750594433491424709550660655232636     
     6714292549820662377998138070752588860034711934229927925479640489464685     
     7259883375588274186820235372743276378489752999756079034310035440432700     
     7076451318169335233836326796885533328733060193694229861679670406498135     
     8492090763899556948752578731561906921493805426765347510280921844644208     
     1650770502268130338254281942148159120477645812292676133815279300970425     
     0383227610269199200839924606769963395100821547498309198145537761164705     
     6931624912021097282937106423058633936777976807227667791887246846927168     
     0040684017750349264897663211428716032760930059142348716717786078033028     
     2562972683602434081587622323387293352319535085557390214811794451675421     
     3302700396853593877857709796062713534562475667573526257448349921050843     
     1863956761293423770597153944811869214734986227762550975052800885245810     
     7358420649794269725591668269228837791162117290686474467137373058187902     
     9456814150426136836126665159687060401232459948166860267856433075285950     
     2622404791227859091282868846799002092482415920906410237577863383154303     
     7127625648098316330385371512135541169421747544944383440334828387049996     
     0762283191142670178995791737890267499838997169083171595815861779150882     
     0616459351549950801629484612079819667159101509132260230033157601597270     
     4578724234320260903145308494535863002566753714674074104120952740708113     
     3830599372619388794374462532067634541819266062858442065662447712986847     
     8449042385603370467865571674219549658249161627655560228546367100908547     
     3615843945594481948504666596182787015064083791688620658001424538461620     
     0045471270085237573733472934273080758808265297082362973999438904953565     
     1546013600593666735872810437909032587999570596133394916627132790073508     
     8606839179101779802761077698888284640857479569587368443509329894265867     
     1266945744605967169594379891466177375059245871762397389276147912296121     
     0846908380478389375319672727699478732867184583287233696873953368578858     
     2302873394742209911679276571326206939097429298586515317646615059307713     
     5588150207297113394065166638472031061695481168745389979112816940497260     
     2705964253379691128703326807475599891059494092800000000000000000000000     
     0000000000000000000000000000000000000000000000000000000000000000000000     
     0000000000000000000000000000000000000000000000000000000000000000000000     
     0000000000000000000000000000000000000000000000000000000000000000000000     
     0000000000000000000000000000000000000000000000000000000000000000000000     
     0000000000000000000000000000000000000000000000000000000000000000000000     
     0000000000000000000000000000000000000000000000000000000000000000000000     
     0000000000000000000000000000000000000000000000000000000000000000000000     
     0000000000000000000000000000000000000000000000000000000000000000000000     
     0000000000000000000000000000000000000000000000000000000000000000000000     
     0000000000000000000000000000000000000000000000000000000000000000000000     
     0000000000000000000000000000000000000000000000000000000000000000000000     
     00000000000000000000000000000000000
