     3693251404932942495208849262650239191368691658598452631875252866228834     
     6427690204241073349187163525538581890638455409311121392237099378340777     
     8035417414343231539078162214047379281902689225937337177641252302780259     
     3300863962891253430075331793316190389167942852754552126948463803368783     
     2289215344461190272418048023485114664131565256879710867911317609691699     
     1786845278327063010470414967400019194592034804395554555744651345206635     
     6611489065461759581862091165146547325907470111541980651820911215864119     
     3059713710410488756186477411448964332609420788427978630063119791750567     
     7979355497131883340438190465567798192360698716593017692862885964758015     
     7483669546488963750018483203646999015841193786782974126134695613152191     
     3331362168785302657191404371594452732997913345996724777168836989431485     
     4425584058669283886883508392339847257276073582838550061361441174054295     
     3478272585537619955367583242588661996307053281608241158297340004963357     
     2461270818681892801170780506385117080959817920810212100910928059085888     
     8250647666321860439089058153886425422516973822069944827484171971753538     
     6935545003406288726939604184339211025648080514103670193314771029457002     
     4025826305612224965640011465085271791296276594269112654814981133645766     
     7546712386946333945800370971251145089593115900721864172823879508349285     
     7843480325668571641115178944462169217445353331030075606618871555592187     
     4303236437334682439479292106699658355937768625857807078344676442267722     
     6054453435193563068759789898442109023246133693825494240371098024020526     
     0182536879129440278637340813673312825423527455454268246921740082210303     
     9124781083399150503288999851243493337206262710880235652217692941961684     
     0218349123729868425765862295588216777961861035712700128467629699210904     
     1144037016960799611199709569921420570503224637462908370851904650325949     
     7966495428695675122229389624359885405659000996499101610406718423782199     
     3171605542579770727343423841962046434084699910477546155210438278401727     
     1108541818651057363260353260455517288379571978467833321965084735311530     
     3561235616782309832651595457041096401067928433405531548781523939836829     
     6250435826805367886694201997180321471750796770869690587143790016676790     
     8228285569825347596324037261645621718762276941240292235888276428816238     
     2238904334735744383714080327139016692325888401807020247507295365871281     
     7475174926593894308537778812494488429965873517704220498881896738022211     
     9747175184753410280161262243157360403271375392338801404709358215844210     
     4286445436982560534310111898806336238388406794319569565390675164690280     
     5068895044390683428153518629437507044447893279817122311665864420935054     
     0235405102560478596445685520408880065049839608495398169643671007114625     
     1453561077769351804510661511117373962484016393830540887038903602296293     
     5044838677177695422771349978023838128732217625684592205009178642000789     
     2969707806202666905253230433248790446394390616506345798753821416322890     
     8506358785177404550338468093072420849001997456778026417349040568851370     
     4770508027805342198360589632610721176244030113189203122228394061882133     
     4585520445696619676405104275819580376140559610620094764631249580003771     
     3937116027730405366608658222622798975632930951579153088781364927662225     
     6148820630930632967807196114530910523230234150885596847293244375732930     
     5678416565322289353819258358172227383888548051930713530537595374045650     
     1439217031183471008156099193984780260778356020448296119411620573772171     
     7121055465309250566797560904104606974320746310563715482461703109108561     
     8973438171683148214853457111807956792058887813763972827505616813622144     
     3866429194776230036498361741692732348675464368152998393307076586426487     
     8888270168639218434321006162718715911953227501515378193490025750082537     
     4529352953056683071435418279433031643455469098123173856883188376238159     
     0455554925135099702629286689922369283354064890651933051615494089366959     
     6649476886619051944579795647871805653126127908913550220973669667170576     
     0064923153771377300748988035933641590271159836247250500908368069882167     
     8117147563343281878958594742228011970300655797865699612663515244710336     
     5376671718554449002730526256564086593805984793723300646571207749608438     
     3671922881713069145231180404039807782499478653037606666502504138417785     
     5852786276979215058448296041572476350729956342158124497135428551506005     
     9208746338367473628503036140527823266741889189153378210348348144101337     
     2627581292165518660767404835218395352619590871258636087667221564890701     
     1415590681953259541844370103973905719454935156565066885892783702913800     
     1639428125033277914360927453721626909368777595509107947411668740350724     
     8709216330297701498449355535560862101531781182323698511359679892296819     
     8898749403741933206835823420085285428121448363416781182623865127636148     
     7541823679349435208669891119912812230319585579196250487550986608839801     
     0982178274062719398913251177415520894150721498867924266698431943331426     
     6566214154189900054941797307417363847017623734907485274383535493804995     
     4739450954626374616008874891230670651942407074957058777076673954337682     
     4227612016518646885448557887932754285994395288880167607051263056785366     
     3316661808843908601399559148282510831190189940349727811644104943408408     
     0615385479564838213270997742359741549588930842760628773271655021282011     
     6226818292854010340212370769685177612595612505556195951792529301824357     
     0804480426424033079288977859988087105258544104937254801017425715825017     
     1457292414379971777161602985822248605355222747371212202922367624345636     
     8987828799385933281170144370204259535129666251216049541299071195350922     
     9351199259049303574615574682589011235513408962836966732301707975947835     
     0078463840296949918573492460370506670261265752612783092912873503510114     
     4124693048693524960320931987388869570208599073761056525125808494527432     
     3101596068153727256877329578246877634850508164785965175085453552973802     
     8753685538608562810990184482760972741313122648739337785060188486147299     
     0531149514694942945944887124103506840411457468370395006724650217472463     
     7684141701952565709380023423084655746780132795350733651970089228105254     
     2910573884572185618711994351412409614871707585446997458963536772358882     
     5156963339518867075834103831938822757767152329887507238975967255357242     
     9388444629184508930631365127214359255918928726347536792042556029560535     
     3760558047696263433455660036256627754736544776138609506251284905254794     
     3870398866647260807721604934624713394353815661539829810534237879343112     
     4368367589685283101523009636791083582190375058819372126697793009671440     
     1120939646902227382794576487149505139077927250569847378429280689639056     
     8160374446223065961651747590646023391259103320393960738533452934593552     
     0010096760798278921159571313799361223136415655083775048025426908362154     
     6181182916552765302660817790456742924810396351157657419515062699196067     
     1986669168308498070567569419458754652097538262454180740111110459355837     
     2639288891694772460522539719823978090387339002544003932014105214471163     
     5084089761495427185525035736134377858468653143519483040960700050749134     
     6522809909733196506324578958488749294786183014524606217498087141669208     
     1174158388184681999811142515041769295524350873130574643672402483106317     
     0776465253455242140230744313643396536310541828892838853795424134230323     
     7418937021334392425071069595184768627219997776172984435028872683032878     
     6377997807246425634668297350292414997225926052274772949927592436823274     
     3822226853044286917347607374094886457903690234881905432118763053901569     
     5582156638440384707728153342287054060737045182418555129691211873261420     
     6384370618954613186425946588794541937378950434644955714929998863001948     
     5118958513157783652733728823318536814840219107929332222130360023280387     
     4489890660515816206001792145802274028942266086597335940029466224730948     
     4158439980262870337968355335830338094666204758253520577559956058990391     
     2860141445855571736545556202378979482635496768733532657864797851940562     
     6158241223134463744044261984234981318401914728846565650397934162933998     
     5143196613766783791479443685761638073370780654778237396689682644952644     
     7454362929570035243392053574342144885567564777173688526114126344619450     
     9377527549330207989656521181203268103494013662354615005769736063115032     
     7407048803654315745395199526754997761660202040886847114100727439980164     
     6963972879108293379983994108264592116708387936420057916584770954061000     
     4111489270338637701085196381853306595765982625398140457262131360962863     
     5472889749874919292199273513301559287682307413949953420875170292938040     
     2422994384463997949269186741857468277879547175954078883812264244580962     
     4476440102324460513388985985639423987017925993485163745457587537494481     
     1849082641546880913776337809069434174431786411097393299354369104051672     
     2264982297748979889591283084028540290848754232502325273882399711908121     
     9786699611291116719359209724596361364077833867232215844584765900451012     
     8668192482658069974177148872819521519500008229684563248267174464447888     
     3657091640662322773283308758953526304463362196752141822468697473556378     
     1932489278131551118559376187635215339517247144423998097794452553020959     
     3575485393755979181060057079366224622277431402267230310182872212986030     
     1718703813697574475495837819371965624354447869786642765625562190247072     
     8754955927211522663637986541139400216334536105567268427239002575848363     
     1709538654315576418442250805664550958129322586200342778908645652485363     
     4078996773212244033065829942480241974179959316873314613630941495660483     
     5004595734867032980608322319485873206230162488494524476395087282475739     
     3231201328339213621177071986361563687175671286862689878942600887246141     
     7406790664449564012138822647534683105569484177229247158683863434948695     
     4521263416119323514062453592698124018977290867935219620765668301264611     
     4430928145882126218727218245612320016062890421823943439991403204955442     
     5699732744511666875084537307385675113482415608733482054444547199490121     
     5588343835368302598973685072607946736219513710511393078043195941826148     
     7393315746348234108914854599221969151697447094985860097825505813514250     
     0699682036384635216109760338613012154238364909747345693107965918820769     
     2807986056795421642618224485921819502656437372451325084732203157576259     
     6974191516365918499170369927399250903447211662923568041867033199746940     
     7507542986742057213987367094606115902962460193899963390553634915207079     
     8089012106081408298860890621573355176687345413203016696401266586180558     
     7453129675590256284263440714790222411672667603743917707273150325725038     
     0223808973944152538930319394977218067923007250914377237245399899116793     
     6982081693414418861023316219676394951735687881636607092428653302247373     
     2057453281872806374184416700946595895225417566557462553629602800931782     
     0786792327044784092618516002211934217648894897990604450188423461642666     
     9202707237556782080257862702162517425042784709105032285247835089769361     
     5664932158328310237588703325329768390859815764668761330818899712730012     
     2295098175439613664942634823218786187075715611905082471757820347278905     
     4934599095239957827952949649301710538702585856000000000000000000000000     
     0000000000000000000000000000000000000000000000000000000000000000000000     
     0000000000000000000000000000000000000000000000000000000000000000000000     
     0000000000000000000000000000000000000000000000000000000000000000000000     
     0000000000000000000000000000000000000000000000000000000000000000000000     
     0000000000000000000000000000000000000000000000000000000000000000000000     
     0000000000000000000000000000000000000000000000000000000000000000000000     
     0000000000000000000000000000000000000000000000000000000000000000000000     
     0000000000000000000000000000000000000000000000000000000000000000000000     
     0000000000000000000000000000000000000000000000000000000000000000000000     
     0000000000000000000000000000000000000000000000000000000000000000000000     
     0000000000000000000000000000000000000000000000000000000000000000000000     
     0000000000000000000000000000000000000000000000000000000000000000000000     
     0000000000000000000000000000000000000000000000000
