     1015243345755985094251889343496742321166239862313306663340925329070154     
     7644287941057232747394909216614806147143124393218892384341699010818279     
     1085177185002298601825578132870826449470622649591348442361715913681802     
     5880978596999146215627843109769528663802219828133209590109691057523541     
     3766201431598366235821871369976303525017641316556270651942341127069677     
     3809142318800186634550774881921030786067611897712298874351967699312592     
     9887181204684305454653810653223047424973583017981092154096865734515110     
     8369499811884150125771257446654156758739467231027230109180549018041382     
     4967890285906956034593884754728718037949062539055329650024765032206038     
     8699694485577380952091669350326101802097444593507092280870849035848906     
     6213821991387571715379399418735989452920098435484500790188961015229055     
     3604262064621136606055452906064435256378223747610432393223885227449500     
     8303254330898016679235065923336321968756829286334809298058306266114520     
     3057030058810359024011697921344748964940703432758590006491598647587075     
     9562599435033178654160126545824521053586918118720113356365343603626531     
     1536714137374805815032644955825895925415143804503713854259200000000000     
     0000000000000000000000000000000000000000000000000000000000000000000000     
     000000000000000000000000000000000000000000000000000
