     3907833403590360571737176651382154476548032939225374904722714455011512     
     6341540879374928258219798020859464797894634598874746996632825278912799     
     2422757534580903339722055075646444397299448166832685703714534366383989     
     8275110533556021091673964328369464961633501685006372549142894644521033     
     7724386479725282989320291333012115393296451533128361544444720622350902     
     4006455608862578500679058407944419564823026827991585236496827949697411     
     2839579471481167908402085513028984541342620908712515874031186973293065     
     3478396007729116070560032919170903265911326959907470797583514531533705     
     8941354795979150495774210147632706487700086086537860068271243750308319     
     0174022179928353438694702537527853359282502761710271794841412494847159     
     6711723313598939554468289166154580077621183086319839436369366290897672     
     4652386867437889284614068554255009883129230711753437667106035369587040     
     0344170916242454669243689108024742761160489528772240859209132789895309     
     6735330502282988229826906676468566018835497438535721489353146775091515     
     7512029032978743362907457957431884808954156270224138614601217478383060     
     8763166849193837424227484368831444348628266170778047062339168626539812     
     3509495619593852127823703081526293463076860045403414104983631785518694     
     4000000000000000000000000000000000000000000000000000000000000000000000     
     0000000000000000000000000000000000000000000000000000000000000000000000     
     0
