     1632231928648807454026253269018254635435364087640237647729314970363879     
     2706323055068792728910406973205194588894980160791868725701087772968699     
     8466544416359195077208128952033197297149334695932382939229165647426772     
     4325356537697765023963338641408298620359077765310989901326757134498989     
     1125860725604769401815276004720917645320193361767830187957582661353291     
     8480405368377451093010047795788485274044451378236756175680213658565057     
     4068345700026515265664448525601654674136996277056531581111378255727286     
     2099998890616750733431563282511751381397147361920330124691103667378808     
     0180942604606863604911394836077120765611415323226447281578494113331129     
     2888237420799138562368265572735211670874339632538021611345113001883362     
     8415371063247415651518895023837009218521197624156725163444238098479334     
     1465050624116252090292075718211539529432292779370082116080026604374199     
     7425873813589221298614808168457134616919187702883361315695230841010939     
     3535340029410955140759637598285690461347765983515148344135559371931648     
     7948283643867972781394919219408648020231114115369253512688536768943066     
     1253020420593577098653656974692398021892181465535793027683241154721380     
     8717401805338480772228487850152919794909467644208875024262303234598087     
     5741139377886029312635376763197421935315274990724008633888208436355254     
     6312711270165794803720360176118290718141873711616400451504633298524089     
     1058614024200093864439622883190979986706114344252080300885992795617551     
     6121959638027631991146543795705833740243420946826328887029313832249052     
     0144427602423469099867135591822660725317618504181802287440493729755955     
     5886522655554730633645213627507601844475795256589570790696354833026415     
     0242889306716908851965381919558539875044474775054878494218050605693862     
     1535564448749797593906917259912088978966843752654360559573059325068559     
     4293984251824768150392631834185135882683661604091912755303110121197584     
     6261556262195093755610680577409447566572687027348266032607227938205208     
     5425601830960499195195205665044031295671949198037437048986423117471447     
     4208788249360737778199972100179816701610821771537260981433721255534405     
     0785463208329887981009363948093723551110828822910195553399865134068806     
     3024161804705303978386589418933181553294894894743371535986875944322911     
     2588790987042645722320960770064867443753660283837980324594606755565260     
     4832826060456088346881767781513353885576390854348310411262056067672308     
     0957137174133709788628028065183179892415285182026631919861473403744743     
     7234378038298691961191346272327946110946698634543520553056124088928529     
     9578495395246289336772622514434684485604892997774644541763877709429281     
     3088398332601729877325552602133290160026204595516276186090177936498552     
     0853369320769574055981154690113448464279834567821053106563673232358004     
     9368194802006229631893304590261756194404555385177572247106114880155785     
     8407010810168663926444357184051502612537483137096766273397414842770440     
     5157673473482016426822940540376454478147204123652874128129952279061367     
     0344377066374405777905042931524029002273039019779731747159168340094517     
     4524060955616426086352467674325165983981311782119600538086107786565518     
     9054274848248775005042159596255733640765976798398788630531478517697846     
     4922150334775506929009646219813328181653765492918703262215547913034109     
     3230571054143198926487215473810278735289405466318368146201429685873422     
     0194542363650759369689793191764284466652636943523150227599434394321019     
     8369114202992052475778391250061130990360543065809361652476453306512397     
     6418947673688940412570575186378901488263938278945065072400798708291767     
     2715597044537528267813004608155119273822735775541949033718932466961817     
     9560128790288059309540162838021096785321750058735625776601778210074477     
     4472790356441671173205788193881619557730626376537313231467130292530805     
     4257801489351139923422239712864429955041972196705852270842659316617924     
     9384322501347996808257095171785513585839501707036388985687669502811392     
     5303889429051355444037942983778907197546144691080767658697397958146512     
     1790385793455991531429881739308581030709229570244503288706455576674576     
     7217092897293558692780609607079959586669016129760397822633626617300667     
     5074077692410093360657701868142551885937893841840846783453832161919954     
     4584927159254957313220538327160794860038468907302455663318329838406075     
     2746600497529509001108233280658021470159618153222333493699729089746270     
     1551618184004795462337907971888213243915888008118043684546480369429277     
     1833112950920962155643943696687431165905314104106018797994351882826437     
     6099482404178062726165315458390681911693551770287778623166565467226966     
     1017520742606946813055381910376784180292079432745855267738839328388669     
     3151094372510878179897139591760249753561194595451114362512264107520312     
     6095305370970681008386684158069865603310505578776346482318148020017319     
     4118432035748190295148348850502215963325456251342711770915856880634280     
     9364256324024532790146647408118177272753048948256058124733700905604137     
     3189781069882018755573672094049500935721393844710849922364420201473353     
     7193919971156363968174460533493506067456577331426725819985723847432246     
     5815143301540370171808452940058947916229284513575176980320773614241955     
     5907996416761962260162010983289611415840212551323498224293215416114360     
     6439542386880742480027100434526799610105857011043812365305006743067656     
     9380123935947284691064892711859960150590913501937411558263890766658194     
     8806332614514812244150277175479911058460564376143773480091371634327806     
     8009471915263318193547874651999638396402357647353762987097190300654444     
     3665403116589348142949658185983821437359747540033776420528120389674071     
     6246686165543975066336192031854004804245156839289827758927472021845753     
     0357636662405790959126254804154187723600162560173727410868179537983606     
     6634856872599591749258562946618082117682062277496922342718854689931485     
     1519990716348703462198501420645584779247510512791209140005434258931716     
     2081380069335912848908000851889624739553939718810152456692815251810031     
     5591495872362382342208324832198237044224939861031647520135353995855658     
     6631788885179513100086627611374531698107804208259399839374468334961980     
     7056479010662196448407445246093008980438748226251294599159235463467376     
     6299419114031700503042132630805380180760426750223481595387665003314940     
     6406645601400862860634284639609081543355097744700970102734506926253897     
     4242467797525904697455891244562066269429294434782906947250733840097335     
     4088253851615486008631815918050096503116085675826924296270982342767038     
     7704983492562459767296864653024688037380621603515724587082463159786508     
     5405293569423423815797933593688461267899177154570456801046566267048797     
     9600224079039490923457787886105489135522734311866252038207559218921385     
     1573935584343585063127929977357467551483223646041998252926840889957970     
     5837864058317504904149018159910118731086474515467418382081833598841918     
     1052068683644725344203807664942157893978773511450290486075486941934822     
     0040795130961615212733091392109299517400975848913208950966586772380852     
     8581333036653623662678474343115058403614473466344844545185373567806520     
     8785805950345354337010595560429180284884881801189742728887219291797213     
     2192614498511189172011284602305229272867119601389643963181881544432190     
     0939866289522641442473994132058945455073884722300716026178719765969847     
     2884838045217989143623169970186881360673816639391263937355457081756703     
     6690589139229686382612373396828041880959166696061967104567498935185238     
     5394297099838401798975178258118061060609111731608703889118675796743632     
     3037824603771035233931133590884610589495970844299169584109511185839657     
     9979467025428151979638884648796519416825974518021076125766267090168696     
     6757556209653559174657287856950446867833740751109337981106224318484387     
     0456776712034779445664002975377514187124177428767860616009419627555708     
     7954753294793965549895396442106671708818874352863339416106113422031987     
     4767777727739860801763337853873296194040266401853759349015858054061392     
     1142364415380369868044479542629120359887486254142156263565197248701772     
     1179903458469836784497412296264679423560982202840628382077303835501601     
     2252982682958237657812920780380152487972459923442911405457027971520829     
     0525739590154750868744726092790849557739136561611664402331515739234527     
     9207796075894887680345626913287346426885299422034134212625680689004192     
     1896679263621194609365523767343544217138507779047376752704651953700925     
     0217403810470830339828055313931063143586705307342836338946116253254369     
     5376702120192120872600967647914934095872117526069421255581161899134619     
     9491026501960773149934770940779634874327073119141972375217372342993589     
     3709288145392640259088961169415075858340967313851467451976064255759682     
     0338128080916231894337864206870947745856463375984991478825574355144757     
     7071367352089250752690497433449549775262800853381277141928265086541860     
     2657369785175271258022081420240511514506525444439829609278699709147598     
     1294612632977130135168304872821120526164199547970982206862810256905087     
     3513298851871445362059131458687448132251782738222219068409979417731076     
     2450619015207404294714221044865498648451842141805085824744894126630060     
     6304868924445365251039988979088072498327743273059413307815499831982485     
     9139271161348940297808617490427055694185459984387347987006309183802253     
     6270606425344523845230104590093954591673301885215020818719104343137804     
     4454148607229886602147734588252681973184314135135719237761787304488377     
     1743258871982185185155506241872430559492691119148634959458594575180168     
     7000430534685760414696811226987127817563798249752243785218014060174021     
     0690588906375891622071471013776683492767883335026695133128688093431248     
     6131907104805123309116297407473301671755130545905831928239405804563573     
     8330884569830489242407627387535775175218785441771057742011829529463089     
     7908352923048899931101769194738459358622471983996623953076303044668990     
     3678876931696422818542234477567218951526097057435779771489290145821914     
     2281164507877263207315921289662472727311433330780099319954173365822266     
     2267966103286851937661032123796523642030865610627261190161406099346333     
     4748843753772494374324008961518474000745633475137390280131077359429630     
     7456796455631461350844910597384225840430371432227701425337471441107831     
     8267081791347809066784156035638401386713174334590722417426886677699700     
     5520145939823843768439350779653649353011645620025710872254189330904104     
     0600435883428583183821066070259426075402281062320264829307072190898983     
     7342872344369050306493339476423391427107771292183592239514706623560007     
     7018689209550442391791242511382296337125185750188756234207998000146297     
     1160074969965409704624730023902628054682209204409366852091932733896202     
     2015438917865952188418042352123321347544116239724048119517771003187592     
     6190581684416494255491508467219750956911529903008323858405259269679677     
     4156124901601338808476812765040199908351034092192400591343688080871551     
     9882633125307539949974128730379793716313417909721519841242934498526298     
     5193881157167756920106216267491581975599181043217444928958024349524860     
     3998211743786702679481222607666924811338408083888964681759248728222498     
     2128156831104564356360500859508079467124732623825910200945441357099336     
     5966338564827728030955395357803996465618428733164752273673454912316570     
     8383918601771292860856703812338928772210765337755553796852091102955954     
     6592672059285721964220034818106458532726296056939688771746299954422907     
     1084704516835076269348813375225315662396288347426204324240265558710076     
     2004902322818549929720824020469608972695759716877503009550767016708915     
     4369518815567096214384762416876221337848422240646661623769528723400708     
     0237617306412775144654514228940940908749908133757832845893031425212836     
     2730476399904165413562566169511277807086287545525789956688771439921100     
     4362624182946234722991957403196883497622645885009171140122864012367194     
     6411394470280215397684070629404745278711088550627089337055416938316541     
     5354624425322199223156773545754276499882209375493580689304065707469443     
     8995471022696015656887858680099168092100431020877406713744804766311460     
     6462730049774733439531559403606582029420204760863556281430184185811790     
     1336726845319171588896915917230006898217558799161213773388468006390890     
     5675004544191777845993105193561233957509614027998397313482784232031844     
     4043270871924116001467248428014714803758197756930496338869753275594249     
     6148021381260665617143361506064478836839356623560445398013484205378525     
     8071935317259279948834689150917366751734579750444261522957092702365598     
     9270073903003438399457216368003094732972938459878571426708698062634115     
     0192129520011684959489388270513900626656959161834756383729296343040000     
     0000000000000000000000000000000000000000000000000000000000000000000000     
     0000000000000000000000000000000000000000000000000000000000000000000000     
     0000000000000000000000000000000000000000000000000000000000000000000000     
     0000000000000000000000000000000000000000000000000000000000000000000000     
     0000000000000000000000000000000000000000000000000000000000000000000000     
     0000000000000000000000000000000000000000000000000000000000000000000000     
     0000000000000000000000000000000000000000000000000000000000000000000000     
     0000000000000000000000000000000000000000000000000000000000000000000000     
     0000000000000000000000000000000000000000000000000000000000000000000000     
     0000000000000000000000000000000000000000000000000000000000000000000000     
     0000000000000000000000000000000000000000000000000000000000000000000000     
     0000000000000000000000000000000000000000000000000000000000000000000000     
     0000000000000000000000000000000000000000000000000000000000000000000000     
     0000000000000000000000000000000000000000000000000000000000000000000000     
     0000000000000000000000000000000000000000000000
