     1401787583488115254766195758904473494782255504458291882135747829172832     
     5203920862744495693801090632913496914740259762172232509610095909746537     
     0421629168365178647380987772223477212658537578962311981314097068883464     
     8321866317529116126197537031264280965744140095343703518059682435485187     
     2162365775384180986509936400425694409944953833238071549798703912949461     
     5064479679355629614838452751199942431199590471816502670813295746768621     
     0576058430827767791891982403827485574119091677348906163810337655411466     
     0089876174267620554831436802340005538014544710913769289390304489756813     
     2506058172969814431561795778497644527714496270968620955681071839999570     
     3284218195483911377283392090913884026227293407507235291410905533783752     
     4315435401665168640312286609782602963368533564832982096008425943793656     
     6261794075748220800650364597104693890270217576139030176341539697508111     
     3669623541117604161309647724331763455627724456823109836996833453903775     
     8807224079024510447238148251411225396808055136963591153042206360082167     
     2656280196102367303406996741849508057833972352890329627622378222919414     
     2541801569735670435416150194149171158137937597005576301480708701580339     
     0160293087128910781382528669328033896909904873328299696583845623262785     
     7530080068300594911161329381771135084267373052423443654068955629092012     
     7663800439830682962070078704525926089230742168091624314900212689090290     
     3545705972067200341092095275634076653907251406894592104700451614155041     
     8601492679354240767884543793741913950900397858871107210819907635433048     
     0739935422227161010228601663930701945546439152160516732001559504007546     
     0388146179805028133532326571073443632673538454787196905048864953047302     
     6575929096038958279309840306448475488048372050632920004544560934953116     
     5498028062646355232380033977740160085853989285876261997853464824675210     
     2492113575530858934428763228359204320021767483720505674847789227199625     
     1260619705218727538578640864375672060169151255323481621781635375069139     
     2319462637490114057329685993658639063776275790064325223189556283836988     
     5436782736268547939312490297891412212476169990644892732312891408026370     
     1820976147305345566165775767826639853174132663251806099146542173964101     
     3978771314866274208733215350901534522562493466210342415411124954679197     
     3503268909414442618440888260693466101577518573614978348217528176536442     
     6661514965409371343120213339108422930174153605395719072695507291349861     
     6095765819023423260256078974346749559623641605783960090195865218689913     
     9118717030784398569332374964576205412289100249590865228981501520822944     
     5060286736760896745867467969991970724207793852853711225250926724714099     
     2483892177155732379311183767819423963717962700329791375664563416144220     
     4217237027381446364617973408908161651295798075300476870594909492739681     
     1403686493296159207595904916785532672462068358738837502000102946690088     
     8547237493362708602526581067435541330804139792255553699382189338157178     
     0609918323263238630087997668597864500856339324014813615657048872866336     
     6848742499011933437481809939159518065100036152941012521381073255547397     
     5630564715066969003958400829061938341612279417620916574926349946788035     
     9138418267527759471783783789734941932883537699412574297343198285891784     
     2022853948408965322922163786139727890363573853037824061672378284793710     
     6152525386203615870772049980490171651921924234448685902880300922690451     
     6230747094046680162127245895947888634607035674574548078753043115798458     
     9308247867043617567113979286101509300726660170976461225104783441419278     
     0021946062941598221557694623049981606586588879863696360069586512164761     
     1247535540849675091797755868270960583945981511518785981969164049305383     
     9284847254329619727995449761296102150219958404367200830860213915192219     
     4293754429719704516958405926633615067185243307214065080445435363764728     
     3402884813433948655503637191044601652402437872375304959475417665085662     
     2787009452177188347333334031170884795313889630218977283679727693134154     
     2685771439674905149968715969759231371571843083625851524544636625056091     
     2857186310188315010582952083104998255020198054195283411088061811023747     
     6134259140764671484953148438415392987942195118497445484086716417263767     
     1577812890328682351085397860513888849388421021811669326727847556619726     
     6262589571030167673064734579932860703049933549940174494172110549400578     
     0268499136078614563431617875468830188270878016707656930482446447513440     
     5248125249336917565949028027497840972260884817568343831266300503253663     
     6186405737698129527342156371856045258802106799752233170161716913055436     
     8496104993343994129063947361391043157999107221013198458352343894808779     
     9611770560588117203903041566864579887197167348063371836914680945088910     
     8132728765559898063906053165363145775033223142581381003422139649770721     
     6697059058844432987808832610496949485914562311440361240080779391306570     
     7538700692197659086285126863955519452871439182096426391895418496726686     
     0795087976814029266347806988130367515600335812199400919722750890694977     
     8030603817519359752591803499034224374478881419522600789927946995233375     
     1084194908565688179909082215598929351233440391004469825662208272571149     
     6007929670737604460233252042519166133127506070636837304150063589145410     
     4982937517825326227315792994398284590879110547518872556303882121744528     
     2990160575664942102718026176777692309417622614789089152069617406025392     
     0497371150095416723095889092160535357105173859195883670472544867687720     
     6491687230993114248330245172808179457549811151954824087382028497957825     
     0121697364681276862389040209949394718428837035350370963518270665288344     
     8947117822277025421854858099055320339889312373824984819882506924566382     
     9719253099291577569463559203173791186231310458490119069748746919440515     
     4816238458552658281192497164424495842496276236725091127683247272695611     
     4547939808322699198100168402466118639094418868163903410092177195888073     
     1934566666937891575472806840271197394648067626857337714167504221921319     
     6749888160961835844842908934594537895788193938989186887527689307672994     
     9751552858006712910355405534333864297990051660380193681781417890994542     
     9477497398006496396349480205057714435602624896287117222189320472392148     
     1208283102815092664710507668867365973049338347347089680685823227074790     
     4430737463406862479392753676312389869386937807419489076757776701105376     
     5837193349126098012069573400206356126269203590047615269274678617428494     
     9109877638438536021308384179287896592763463671517270828019724012649741     
     9830176880415923934218491702099835514234737321412666398431872829260492     
     0696680443014319595494467357597876583833613037726696587799604951862008     
     4285264538742600312009596932000452210455791916251114015897991837555675     
     1119851844181946816497580959463218014118748698486457382068895165742102     
     0574171077783125866473275457503284459003385488871834501643393552120131     
     7686070380889228003925243194011986305037726030883666742039759264137143     
     6408496341748493374453803085242536433509702345029371027907472239454330     
     6414669847289396659590135112987136534015006702293733983366504472327104     
     6663332925072377780489100569118897183973641147941183939070329274773216     
     3846608966557002383088251168754811837287017697631442639707542860831344     
     7766007077892520604831682814202810119787059587795675808429576512249299     
     9695260349159728153910106398102842299581790110497028395090625860990737     
     0111221528273639672208272099379917290225975399390918536966522366933703     
     3801062817777520032318887948362920229161651408458845081355299908368498     
     8112694307861322333863525144950617521323953185435916941544473595354795     
     5347420516436694480888566406644290244966469101983894697315854823071485     
     4493448537313244965546835477623352146502473136781342431169227988543797     
     2777318644490312167332353978826572192333685473812388222255235425540452     
     8659619551199847170843859505956470037379226523675335987945064970177862     
     2234917341008352056104395354144449156339992510770176384586285229246799     
     5766936563006218155852092411904517034971555745097669656362834434169268     
     3866413426921254300158158489972981486128265409950395770835498599854714     
     9468862746390576218726511366732898994794657677012437882412218025064113     
     0083108031073729754331693157202054838632170043559829831060191882668228     
     6616987211575113723785905914244373442022533905469084854341382942181304     
     3105486686693216923949000595698433677683542619530120859033959243016273     
     3397946425624726388693329589867561712415738400943905863636501978585918     
     2297421001642267134673307945573094846991828196891239252692117408882840     
     8887666433356827391035316829751827777920214407165102725257379323567761     
     6358026592519606515937518720337205169064009878460770380531743968320432     
     1147089128578990302851453127457504767739458920531743779507431358107876     
     9170722511661059882005114602139328745505152690138846234705529199715628     
     8407925137520898948779075393350182787653018284821507391462891320887816     
     9324358054656028644934856885251109272388512508898563259224657376334375     
     4299924909456267699341214124553703140573800960553535915149035520541880     
     4857137867702422618291752556556560408356569065829078206979722459477572     
     3248290963917117290480292804758721029174950380338008971294763153189862     
     4206077357953220396830421052518539773169279718253872734503854147397473     
     5793693641283734720862731057140449801249098099412166409653656366200569     
     0230249210203256323077172587119994611426427276731700076874754017599683     
     5725794338708026452389086263167838009495020601021262275285552288105870     
     7430794692777763778097075767029722814549030523187827797848228046129309     
     5780007127703590056975533164596070024163450506438045719291645520342115     
     0224500146212531825525925969987293073022569239302669747645294779786986     
     1690396359536326910016880612219469143901553403334933873959363228965033     
     4583626935326110534433935020544687409437955947037342160039419917966664     
     0355633242026158520723716430803044652068930500946873314967806033571348     
     3537589061710326196173213372104392786931503044297645613680800065343850     
     2414806342117509769702430326785951213063888267655934031709114040996433     
     4779793945560186645743055973776236817332044611851920224444034658301126     
     4073397097128685597891712312817923159615192436340876577834405660388249     
     2597250794909371350420179445259668765181222829906935784104060866783523     
     9699397873075787612557066591383678826521728733860004575844096367892588     
     2642975965585635026827399008567620522811455698677006874283060574670161     
     6379385515157752231530830027036179570376207921395477514414288928761660     
     1513392653787464212874828500888168012794029275983336798233779824685383     
     0634168613891177272567742851225532926104587055396284172758208553883852     
     3575986369025507758421201835174646824979023283113701184242492566204380     
     4844450553895816054451193238107358912340716999143703549480734948864412     
     9356521187595898821135976769022737444860261036663848904354341864927665     
     1821907409209725330138671541504080027742643224214736526768975075172583     
     0600860093358345722696681481597330159852942694161695228593065138012856     
     7878838418147997061442934670980048162275654366707348405256546361657752     
     8132580897182213983396138501437635334153920428385259331402801903395833     
     6437904216637429373682113876472311858299718538675144851307403817210565     
     9723587344847686043254302263216313095207794461280677704646821982106266     
     1376121226759107797910583396733920309712044683392245351918902412374752     
     4610986446016354299399416349246924992989736183117530190054706946456134     
     7819503138491387635064210365130999244484030626937248663887572387137603     
     5608866682192817114782703566297009312093895304613646894881921691231243     
     1619322489711389463278174431131962844043219750291764242236066053326633     
     5865362874573642200859676160054804519745586189693032234600374584297255     
     6516956714702008498019053576789550123325081696478609391531070759785158     
     3689438872230940858908031800782419116485524483078185942623536962521035     
     0670571183426054417225467144473569126382562932320114775759073156507103     
     2299042051956916589792389075265177669662585715503278207137667767857892     
     0692296852856430783595160065507596880553268361485342763633323183110407     
     4333942402627076161749713614332451661696142609297094552534348051925647     
     4326174392397076719794709556320254558746670824917205764101768986202578     
     2155756843423073537762745815747231768641457964433564653402453791076299     
     9786462836866506897847783570917379566589871514805910670836758338966425     
     1397263691163568924085379520998813683894233401431791263827554113788220     
     9685834932474874023421370337454265196546057027255807070253805096891826     
     3406702353774224156670009095696786410333663973809908102829452546049723     
     3375654564473694990895693011360818470535975946608357128909821743568802     
     1011715404057075794351824120348287896134738404543455938873934507578842     
     2793762051225299137003318298830417095797534984859836497690835789708332     
     4839439027189115697701025993232779571232441354462902631489197276559289     
     9746410111102071378511559639724601131044769935378197539656232422473409     
     9669525866460513723501172260304519896071799055842760278492431059969569     
     1717215360154415259517868578767889349783660148261191829683466111173879     
     5945720477012972233160081955698966305667682208833587287356559293050703     
     9490077752264705237526619954727587083399675342886591342743703877974796     
     9199517511063223268175373207568979049632980460489176366820508107362687     
     7423118950154640805394021522584522181743286121886077373933569387210307     
     7398025603052114170634787034759544296379438234315805971933517617173186     
     2722751263306579184706955319740066850546722215957293401989898673727082     
     6520916346794687447844085645165209829831165341926968288580081482106416     
     8928090724205538623588793206325923170223936500595674859527278946517343     
     6673809566822178370288035059500272502125653463101344840227977370656368     
     4818660655390109474910452080191896242231709406532238180056983649530446     
     5467340015539893288880965541088761304881878260504159443073284351702310     
     3384526479741234680454897501508025489812455814413113458287461541635232     
     7424604011350049184842958812641368953531914887570194836456102818822745     
     3628656897075318523049388871551650366831444581964932094819296358818148     
     9989987743252131803861971162431727317970491120294632162617010965131509     
     1359053923260548527361351694870189021048114260457255523586408932966511     
     6129429333742940940361980470393304402949577263492503721485390486974713     
     3477285707766014249935580546946358327525179551718668023186514586121969     
     9545049252427499124020262488874391170419734144869731405534334234412117     
     2021063458121640328751380977727793021367544251960472740490884606091805     
     8994320837365441487656396215200459521977846404339755944401516854713626     
     4078928456701215702521921776552368548070141350640387960847950884358800     
     9961166809577185158546288932717823153885470389086168635930293884135932     
     4862477056008904894603014484138289739029475897590657519779396983486057     
     6027515455562042071952085835020988814127754312812853346331538678856384     
     2991561467446451289883871988698118792941014179447059168957991949389479     
     2153132047269347113969668737092084938155907508409452006677336143547322     
     7381485189593248908254055402252771146006929863852692027049061983672874     
     0263479875248193307879703434399086517672191872252414553430791410817624     
     0973236959356189894917985478588446423611437028878153986163728920713033     
     3014804089360419362175863543418183334762292524437892214478708511908252     
     0067247573966410340290115191700102532369441005488510864780621188555821     
     6271331186692322027248109266153776768320031919133374184265040389370479     
     1943460336521166007743653870502659768348895789272587455141686167770950     
     8092119525494994764631202680931772744802033029267507478417836049314251     
     9494663238869274271156146954787832938321170790200148491610998405436053     
     7283356827637349778902339949853476538350562373077915145162790658413104     
     6199274151495925122058608656115495262622082971938012207389206578678261     
     9558566481791954777644998390868148296120070552339607199480933325025011     
     9062319877491691064284337563540737366911531958958745463494304255855442     
     6402877675452808881260291611929784993315447031805811777817548119581844     
     5526744456425091063881467126183845641438121252865732970698718567931736     
     2177996711233102652966941169426605985998927186426334748584009871584960     
     3617754540236590982317283587676103247102086494145097809274301065564098     
     5094979305434464192802620428751743139005942705215318069958505506426658     
     1310116760431675927661495004717453959713023964277215042392875969632244     
     9546418562380676400755668808609189456597988698072537364854840490143191     
     6422157876259006481085860872050187182227837195772327098655237205477768     
     5012574239365824842767448990042483628394253423576353747617640802736296     
     8197975410060445594567529197273043503623618923690236773728422630868259     
     1751998095167819847137143704720390383117845401998013996500426343620973     
     1342019654176956451036744325725974963706889854957622208024152934567533     
     1021940157343009860185768398478255671784702777531520168141709388553555     
     3578788407186522353179340999580080063802451560938190842005013003652805     
     5687695637927701046349619884593813593240235594307263891590401681515334     
     1715159199785824188704251312460734467514581843767056097354431967471268     
     1183721239256459182722751180333521403006581497550349081613360642201353     
     7393372209316031042961936057499177775285823898615121646419076980436113     
     2522735260474897412461802399133753368444639404789442448141113022198565     
     5968018725082728492459673870524315892545752422368509228582880475239711     
     1453231256400246754786459903051733579631471916594709956229840925400683     
     6092618806659242533271416950899788465431394982341895333931082754039598     
     7843653659582040047145423831100259544453175781897656086681695585085185     
     3487707139214243262819788105855604279253332031360859103982435034548643     
     8441014883799610104388925636739197802682560483950636749450183940031408     
     8766856971719524280143301047960354341539982232293475115777921443617197     
     8848701208757969031027903864530311561328465584693722985054949978388795     
     5827890709044628247143332909826182054251816148040593471016408755882459     
     5543832673776019279033065947969277233723112569659924528086576127233205     
     5441287339600641633989340584365562345903429234128108502010604568980618     
     9452613897796372742407668899292673581396055577185831927237244283510660     
     3000550517773429881501519214829335589428735989401000162604789016774783     
     7952000000000000000000000000000000000000000000000000000000000000000000     
     0000000000000000000000000000000000000000000000000000000000000000000000     
     0000000000000000000000000000000000000000000000000000000000000000000000     
     0000000000000000000000000000000000000000000000000000000000000000000000     
     0000000000000000000000000000000000000000000000000000000000000000000000     
     0000000000000000000000000000000000000000000000000000000000000000000000     
     0000000000000000000000000000000000000000000000000000000000000000000000     
     0000000000000000000000000000000000000000000000000000000000000000000000     
     0000000000000000000000000000000000000000000000000000000000000000000000     
     0000000000000000000000000000000000000000000000000000000000000000000000     
     0000000000000000000000000000000000000000000000000000000000000000000000     
     0000000000000000000000000000000000000000000000000000000000000000000000     
     0000000000000000000000000000000000000000000000000000000000000000000000     
     0000000000000000000000000000000000000000000000000000000000000000000000     
     0000000000000000000000000000000000000000000000000000000000000000000000     
     0000000000000000000000000000000000000000000000000000000000000000000000     
     0000000000000000000000000000000000000000000000000000000000000000000000     
     0000000000000000000000000000000000000000000000000000000000000000000000     
     0000000000000000000000000000000000000000000000000000000000000000000000     
     0000000000000000000000000000000000000000000000000000000000000000000000     
     000000000000000000000000000000
