     2782594834515230682178814822173266404978775059224926266420888082671917     
     0645316401974561233928904798514473109887662920546323013974154021850732     
     2253103446463870551730715297814178245477591662145515028914798904186817     
     1842366961939888036288278972967589018271661735556526846281170008505598     
     3621049363328578415428328972622359884768416419044778351945042251508474     
     4804205735353733330541247295127528253491938231162409342896043701934998     
     3151199195632863189668430126438945584941961053844487877490195227303252     
     2573416652512730770288278315102511180494904916129730862190049577935784     
     0911972714267519538745496688632492023192323555687015181258298715349525     
     8035146490449830241601908260604258400163995590681569096889720638232854     
     3497289008328736723176518707176700845572893316177848229402380758824602     
     3962742713792632096012022056641334521504374452846456386492984572409528     
     6215701976020524692531193990909121138399941881587763112446907108410014     
     4198643976817859139556793826836197205235113141090431007287881341819446     
     4060429398061151377287276849360752969053508294918273601505751025241361     
     5357103679829500404619624061137826589246824133393724753023757572923969     
     4067391580304844727834094308258007874136701737290149132936823810843498     
     9096063428744617629184131482835775639476821170597131839341233660130444     
     9274487747456175763682290088348390689746747639790929480655033996130001     
     8974497177601740272961618028019650884727354531908393343847150964903699     
     4978631911047991813365712112184922368388218835817272900714865556905816     
     4053534131183713953613578071128018436168957253337380952088214694704191     
     0128360257545076369142220388148327923276788753266674423256109620552262     
     5087434521858685042971963353953601846961387540101120231201177580314575     
     7570607077785369784035364939227427597918420122219431439667914659546634     
     7363810192786133464104234565867954110966882736986072767924329216812374     
     4150587342780607817998258807210526403104603782922400743978827325496224     
     8828999671056824677244003149931288171185964185391612268956852734629401     
     8865934674731244708088854285788710126626564470851546800912927294590800     
     7396206948777145291418975761241764718873567177853791190228011059272654     
     3608320606376736885913539054725226046281236095896604587605097832613561     
     4974236636780667357274217907634629518990801299634213555634148106011090     
     6635947831668416570919332681733169055909164101735186593816694547411742     
     5943710694343541446649928427301990829123067814831834974596382096474623     
     0651848073735735858627347514809691055569901435513292431239322627979552     
     6819978760843324356517542252423621256134896998228048168060758046994891     
     0809390003849875217633353927237610052811963857265154961790393483156005     
     7468182991086058891393582627586852594461198542643419829466496941003855     
     1147132803058740667809349966708061677136158528331739340970582320145568     
     6440791150296068599920545120381207984410462123998762545444106363331344     
     4753163756225432560573405720709954186628232622752633953698349373262922     
     1734576541214958165607137698491084516755332659681063052916582770511657     
     0694674003189908770524093869938866201405430084591545739228139629870948     
     4431627027769706279650251561803189862845009201847508722823384917839774     
     3267113563316184513042001244722292787291735673473390352772990753438197     
     1071862376647316063827154692617642252483487464993095118220778856308916     
     2996671194481611912642793675536220308972306009790951969843423816741239     
     4733970970474439885989649319695173732152820724013095667371104696646820     
     3796642690054226738953770983333596684193415840854206567505512063824077     
     3496031939111431700167186938985124892500668289392724340110068040221768     
     5125239093988433058576775374442450599913812478199944010984374435203538     
     3676034950994410057822968561507083311155551210788462873751706539891904     
     0963013308894925786506927443202709127978262467229112018336364761391334     
     0995183159822499688747395187852067418670143545983365803049250839429897     
     5510182636017468653278806124536503422128927014405400957428255528575571     
     2139862459953386531225337463005759140816012253102750160053496001946171     
     2523416237588137626337285435110306577212988771131776424114016197428837     
     4989889492279017404083076344170272270817532052084156506359418491264501     
     2380931102902521649628421564798769848870262827540914763076118997436353     
     7970167139088790301568505236123362481242007680951639078053324225338318     
     5828605363713255552728637652388100096569046530551036793138905702200500     
     7827937639032101137509859613056939019849845407444667872657937011101005     
     0964320503860530114606395006977340907419486396602552820397040353851665     
     6649610504631073151027299879845032909490535455264849562466748513991249     
     3744116386630181855699915120751727507283709165632200228678165536609219     
     2768796826395061598385957280113342066270279233534827088927919210633792     
     3856611126211591489821582027694505051545996132939937870987535846848076     
     5092792284451154881135425306579489356164179251310791703643079039725400     
     3828023743011554589213379826151716423863664631872779948002010561787946     
     7557742454994018312228251416471859104646018915539714174177912586503605     
     5889660861110294918184407572336606814922544503126388743561555610692754     
     9293721540036138919902885814553372802523544062637417898461152842601881     
     0306598034741773158766227881308805442578924744522122909613345918043446     
     2863016780483490938964115656108469732455323496159565466262531710178684     
     5892349635541479510347534124978372645798628655204634510556846180212924     
     6710251033531687047617535246270193264312851978963158839172124144586987     
     7194252277448957867586697444855826561353673360322527213523566372970686     
     2218176165608161840558669081932208386507148261236399222850993253219331     
     4907477762369615554010538448851105984255669030479956705241877862165252     
     6870296898828177606508877069832395481879793608815190089973383255354829     
     7672765840514756505171539773408372809074879089476130565420328794150513     
     6695828109241893841110823182840640342196700601051815842185592050108641     
     4775223230937871332802017237421233663597535929645743322459687445912254     
     5437932105697519716245444110314823350037204885312083332061765491219651     
     2733643164745405721552900326550271208800923964521642694504268613477462     
     6430919406932675609735485206607275348847527314043522408423330833698219     
     8045706721718668773746100212222033365559376885322649168509976882925479     
     7337980913745920591132500967050046618916982367814358836255230575300772     
     2119963438400251423829664042232931838024269617811107937636936784729190     
     2127416511550868933368208122225859620582380802644639986782492997327357     
     3322075492788393360913012028531223862481261314808060485594695509326030     
     2522727575232463001009588310298352052890564781363110607086568868474430     
     6513980185519846097461245720284213581976931236908642139948066363878497     
     0621482374571172386033032420495873741548318890817002453649264383914839     
     2889025116856586500886357880141439090708071281125664384547467980048143     
     7476612382769452464655824212596190559968957665791078945644001865784588     
     9591750668218694146881691964093080481315381280345059753208323425061661     
     0483273124630526859905461982149409047831992928636609586165689672821765     
     0536014259841860240029880677177201320534275511051973147452273195238439     
     1468790161243704815897383582713355828315554038108041288226475569925945     
     4940190715448184796637422769272594688613225347721383960393455730794074     
     6292360237601899982876851383098058071441829744303960397977856836175256     
     6611445454906896373582806454677248678722565754385058311765757856272327     
     9566589092404946121463073465185462873126571108049298637038759347791037     
     9962619623854068674961823474013108896925401218165095604584932555157663     
     0508716062976145853844233060767645056733004485317171380231161865332833     
     5313894852107566748869603245537901609656203125882720557317679207368738     
     1424829579945648001558276307076010598497018777126479240595567752810304     
     3727135770492160310500861967048871854787092184860075123303719767260256     
     9796882595367735984261779470223029340216121118544197267585550298295409     
     9021077242522714553119499028395124972160360021438934785992680174354500     
     7443849917211547459039757923728199962046412872037968710917975997799623     
     6341728284590424093708664859562297179270165889086626950708046502722247     
     8544049373529909539753382780158479599263479427346027546406375669548959     
     4026021053086151136923563147170135400240611490578392824383135283604503     
     8792907084766636725665916802190028747591881853507314057324379260152342     
     1184000000000000000000000000000000000000000000000000000000000000000000     
     0000000000000000000000000000000000000000000000000000000000000000000000     
     0000000000000000000000000000000000000000000000000000000000000000000000     
     0000000000000000000000000000000000000000000000000000000000000000000000     
     0000000000000000000000000000000000000000000000000000000000000000000000     
     0000000000000000000000000000000000000000000000000000000000000000000000     
     0000000000000000000000000000000000000000000000000000000000000000000000     
     0000000000000000000000000000000000000000000000000000000000000000000000     
     0000000000000000000000000000000000000000000000000000000000000000000000     
     0000000000000000000000000000000000000000000000000000000000000000000000     
     000000000000000000000000000000
