     1325399389113626515764386708858589285087699057938000288096127066929877     
     7399521302433968454106069501104198735996581204080264614698672386125217     
     3934004454379491845216279104699141414567782566074158154914030639608182     
     3653147521998117782351072345375627126096208573484327584199899060963160     
     8109579867270335435889266614541347217382090987258002873472489175974105     
     9900392909803023590418146236006701013361296632309535414800967353984427     
     2769876266105392423763911116944131810135243004961883339435742916508541     
     5753627881775380025577470563674412432254516920112772826991527531346967     
     2876875818276543226625166395463073669763580602600563533396786297114031     
     8554292311062227720251242934965146525995993941214471745271215840835891     
     9567409743162229589855054189587508226342654327235702007891272836907597     
     0029295334059663764350879998480655273687723720606651592835643434630621     
     5944337410725589218914189622478672503682591659738068310843595732019802     
     6945574442131057838374254596054704175178355047718130551289032706033796     
     0824752164195870834128864461263861388283779463499288030928526974689034     
     0560719632388617120807176001114203894422214157583400366870796107501005     
     9280443227905784049384012116056120213556576534410485742358358212807723     
     7136780431662479835591381380940678853983708321621461149967181506926919     
     7771207167927840100021725785789721176915557930386252573029702093931616     
     3094904142122111363560255909035593147291790752542799253197248319064664     
     5968448782958992578956334922033002314252502077084598741913430059359370     
     8010617839073426525380593530482265816506758536567006325351896592553908     
     6609011280904729514431139316356193054679768140058648744078325710515794     
     3630849328545903503928737287432385907350719836662150353143206001485766     
     0367944593006367625983856588298267680623127884864200965208222275843676     
     3900313789327455624786505139773902435262771354404720284259268455410802     
     8840520795653761146213427739109809822823523263985798086373261651635369     
     9470486678867880801694609532338481900886092628110400136058910592924832     
     6657586388958766184804716354888766324005327433179716128626458268370176     
     3443351804628645977236070051394563853154068403595681190774996031241355     
     8776709060715337734934967351548832331126894355870318869120060721715032     
     6497330840519958458610475812669407371796517311988755246354754169039820     
     4818699918544182021891696848249765258131359232207879240836783054081705     
     3212388896635955367373287590082683229258452336438763214002639600287004     
     9739314792119589256944650457417175646399886505047622183773448388459330     
     1190404221516757307956132688346287102836688733860181170521041725912189     
     0455599230882037720335087330732892527073885344168906544354633411398265     
     2815059545978361388557864147527635215067017224260943667961869017503383     
     8691282011951486874760906203644495375885912856275495724684220879613859     
     0252796246663141509837749207184967064797331358171472793662436263194318     
     0576901480222114367413305267412529956224907444302331181940824195620559     
     4886207441472370013230481704816935793742224304045620636120991163081141     
     1255676287309932871507725978379039303299469559194346976756545505889356     
     8333458502516842833601796305793876675325694593944538397855386384171132     
     3050670564865319052794394937770852963428894356162011436161445481564591     
     9990611855752026290221377473357093521635945753700440852398885447145364     
     2258689780853721466116853041212742703361550677825278178320283720577459     
     6811323473804863714149806611149454679366680837581324032562998911657872     
     3948079149786103995338410459008939646671583092894814536507715310443570     
     4232267396144958802747285537783320321251305706535931900868576649255865     
     0130300230464350114554403195320581742073304027570388141881571187495905     
     9949720673356205732174949926667173485890948204088657312185224565964205     
     7096863210898941909518501798851513423456655150472372751368496616619040     
     9976195003703678176739669388245893613327003975055449481322107861211563     
     4842520582866732794049060992027851333288851287686959130992824475870196     
     1475179259477179262643898518510278091383920650217336901272851796380575     
     8667919723940509296329791734092474143232122494328199600471813862453317     
     3111317040679631301743670284228201308135694471999594577719236073452848     
     9272044513626812034744367353202276234990353122416822061955710373683747     
     3541519845703242550796667769959468195375509436879861598607528670012392     
     4126204921746717438923774287368158587002984383567707078487374033634222     
     1939797286264921308850564873680982692764759026380128874175333014560796     
     2111305357921818336036668779994704131759393022303160054304014991891840     
     2434058353739266831353539197419742368883818176832082435765246334443073     
     9194371447321310089278878160523250304383669623436672595852759333794406     
     3328311916477270015767066886861833498547528308390951927868821703852753     
     5742926101908098742510479760012163890323563448968134410224016493282269     
     8672413687613748175468637347345922584672076097154548141309435941697481     
     2808460885870759524668768022885255012157859297555034128340251332548270     
     7025312221813780568375527450327564908897588325331593751275757369793225     
     4124767510683653365513368376467740130958444154195256005746309089317772     
     5938199617252710230011109937486663977689528817213825875119552317113011     
     3993220795688064901941480062405254177801815625362306162762156131392760     
     4169619388012729920635917940238114216285994365627400086134722947835956     
     4436866342751664542129741145730498239725877053213821202096218916854762     
     5579744120839780559575551958320540193368450092981469300869262117945341     
     3362663601470367181876958810482298604716401484920128459673230645951392     
     8081792280214997175993178994904807880703664067870777519874772333740636     
     4514914123805342495117568975316815383662254620576323236777337787466797     
     3220994642995157898451587246581818845250361283677155038175626659111156     
     3398020471547157395926778502263609191619705552817850488769768531840011     
     1485167704357075950908354696175437185600776864308038708489748690273677     
     1064926319903409226462999878305911214293428284015445513968807276780445     
     3383552671413181574889674842553114540331057029254038710159977579209800     
     6829560804712070568009879435236694841576462566653012362563144315510050     
     3742961495892818230783386195225830683565429506815774234089531703839073     
     2108546433897754062210693823769496926133793896542365737303041218361118     
     9472903127800296276083151813115160747513733667897068353388649526575443     
     9102890877735345768230720307196288348357224982795691361487424361983454     
     3853978746514277748319490384565235495696248344390994384406523578894473     
     8437825864076805469837840241449822360536935434924495999753742135853507     
     7528774540096614788806326682917924757720281643564997496095798100388268     
     1635420809303660300432778298769272665719049724089171279087509998118810     
     1587931981971682373908076133143878510275532911101831256328326642875819     
     8822236742094594556884166424883463160427901995870734837783584089605025     
     8823920127464612270914270439420264728715452632446610706072172645684630     
     0061430420784723845105808327321847404119008728510803082905987436060285     
     2713993903094169623217847346215585414213294207875658616434749092309372     
     5123784633313390108595449881056719877872252082566792677290293737557540     
     6813383927494204002353544136314743794134403722918940762388626835962719     
     4121144788831833612928308566603743396783418031936392182560092119491541     
     4412906542359922910803463408590500646506526806054724310791802182696487     
     6238193145106513910121374737153598050648148632954191967663946278817986     
     6305720449933473187359714113188464119655039887978259882534536603187525     
     4735373370683668851989781028179107109135704908938025815551583836949628     
     7456646517917545343723565055740459592637014963592567720231353207159796     
     3024813907363439033834889802367947460296662708744582823504513933091603     
     3695905673669587446666108307194133685169134086256665366842189084422053     
     1012504576356928807519170400900162853356984610333196450557951376581699     
     0563155247895579192839390175202166100048929880414551858970465540611794     
     0228383910689810025634688003195136255738810124312056637225627762854622     
     4946240454118790193103646478930487150976081146159506060450464055228309     
     9814545809903196790510018458396201302511914813651560187586644980768757     
     8799805526894053068950918595683277038210407885613431175336515867613266     
     7962606341885369405262653652467916498235631389778518939300365928091805     
     4389597689581769519751382567545549834164711040173171004371064550861314     
     4873438489237438687051458979568451977904317126943456389781530827107335     
     2196567562025111254878143672150677885259112212441455840560374159270561     
     1807027098831490291230259818194376494556049125900020310971751888389413     
     5881864649635376817066117618394999798924529610493066990475731430400545     
     9036574879334287655346456503206459057923746846750920128449833897399777     
     0509266987765129970309182234750723478195463129806104075233491978522189     
     4339198706274162711593193041218701735240691674136172684296406599781337     
     4953528122065705529733706818174926764298244897472014773039758010875028     
     4143787492162258445663766476489834662649720629679050735732210209176605     
     3128024321841824055673384906513156313564812382167252301039802269016084     
     5794354033962932816141778644523061466591128927929682278064497070299773     
     7402760894261752350456905754000267958243094752647630818222610824448498     
     3141391584725258937575289752095830257622131903741354499848085561282769     
     8291285317587935899014110019722566710111209762416578645302185123909433     
     8197051017937120900671155677457402864563979383773259730670378608151794     
     6134815561820643018805090036961215502432146274636394456943443765412550     
     6129759716767377108485372121014532463235225490271072127958702741378669     
     3626757512921905304519974136015047071047593182456923625349789224901186     
     3280555767425695982903328023164590311202515748031916696627081583873146     
     6655804501592092866994441569880225468957930481793587504755646552801444     
     2154940601313701544930802736928003309420370903706839093090486056003191     
     8548162829588531775262207970749261926246989120453546045192905204850213     
     1426008720114977731955244745615284410429025988199384481928726329465833     
     5042608743211448246018769260139014242256308975603480361897535075653620     
     2349136546706339862877787765428882089149001401491235108391853807446982     
     5476275211072934677154207421534998565885045401803332983046457496063310     
     8335273046260942002853267021519976885414395719296356548087524382944092     
     9975041632610903425773403794769611968862011669871174450351965207648512     
     2999123309450237788397578317729013895267310771862823546293951301430998     
     8678600310059144070923161273781775880075726594193334622754793768429843     
     5325112996191355211414314133859650750982671100402508577610940242380653     
     3480476572649028035633756356333769503613208056177526599148032294016394     
     7347496209140965884848494505518442006487546634894504204124507442783547     
     6344077690963481247239329152597795150517701691590374703756330806255618     
     2726167970192427951094899677914169914665082003402024993820095032052358     
     9028990282780729381642959057769028805847344780144072803127145552634262     
     6912562871299957553942141470148548148817543313573465778824198351946408     
     4857474390553630986340680785548896209594887717136977053152971009775355     
     8138159526222688327886090993438179895651603146531843567271649847789534     
     5573014767415371514096018300816867086180966795746521390463195504800233     
     1391452976645116692494642639499058375578531559852801432558655834966982     
     6367222022890168689365792445626249818145017077693137782580931323744101     
     8401521277563685794428884021175030020932259288854791689800569950688642     
     9326328487847943123979479590136225505186651441130037233743414582972113     
     1796687244730860593041304855520610746332072457847392406378144188588156     
     6074201952127251652893517060321422122267724974304024837928379019741347     
     3090880219247514367105056294463562703310296173122015798787857118123797     
     4366031559567605438813669209427843027973531825866188345295082409379467     
     0455047436567581400421592479473207413830647345352366660600280566132870     
     4713118041616442597941641007609387472345740711225499598479349664159195     
     3691349782393529021092892096719643561351971992448083161629465758554593     
     3492759678107440709711343472655579706952006178663645572157566381071568     
     9472237661155541813353091889593668220597329257073479440464832142039715     
     5061588567343976410190250952686917155987126762870374289544597698966908     
     2251563986182814266414432345170106836587782840735231020896738577255008     
     1743499133853750248533987005110694103763576510747360653250331252436053     
     8719970185865010521069806554781480283546872729267297874198308814037584     
     6197048440734085583242476415470228314232738257498864089384382981980883     
     6319759029024474131342640274721676245748726589234169837561803229186842     
     6876435711733724219894797796252210761472079421986010491678097576676562     
     7241914499444806378976232230084994522416106991737915953850537092600769     
     4299280825306583445163679236145555841218337477012845067133232166448814     
     7882560676361588297107121118480457495878962793165423133245629310472688     
     7762119389493512610844694805537191637594525507761242832774759843150731     
     8024462289185120628508825464477683908154084530945018004879524517709308     
     8906852961943447083583015200496449357372865442818898212769553907867546     
     6993499333460324622027199593943292841099140353630071235789621624332696     
     5207942518305076510179329323028702601355059153915316128859729972497479     
     4750824583904135304374195751079441191753188171405899602444775650492112     
     7178580930959786380111038931154842080640755162557571952046260507671804     
     6259970258691615160550698434187408631336318229389752879728458055761169     
     1975094815832470589913946093546118418085071037000987854450029024332571     
     3238874374191307686184649703499799007981750104320713519915646373506554     
     5680205143623028539483511047467903811222099742543577333454057087733334     
     8120238357263410571929716576275061193361090755124181056196650196782759     
     1044521632000704886996377738787891863464209085286900829809341304671670     
     9223733425871953720060355542890103652923010233024527463624004092545413     
     0656174904147708932937457899001777417031236461307719849782289344118197     
     2799031875665636737129417262672476478249447217832592221227381870107120     
     1769662274628865948624968614269373762034391602182183562426889721342037     
     3616075083376027705285212157522946227080714250119852088925566698234357     
     2999156997540053404745273491708772207991986435699270119000203252246816     
     1694912579101258228424331294624130055589509621715273568275666543522739     
     7608165529923249369865070344398397640082340004158717151301031974850681     
     1823591597084519448453656233661681383047427793298312194270524015222542     
     5657410760739756251273733398507867714577520886506818704846979227640144     
     7077986114334695151687826756933800628508154930535849641175559745222182     
     4766451444124569302267358360251235272344973314476173563889820773508369     
     7978964546497527795631198358219021430940312092989788315938040105833713     
     1975724805563351466287023566342271481220323738921654021907957581438770     
     2507995327806227283833880248497340047234433234839012596521770564540997     
     6617253787750430258378920731122743969081276324048284316654108214729525     
     8437983843746511936027911737319331743756082180817366893419859791839336     
     2814833896124387895429688032569506577362520206935274777481359240578065     
     9532676396227864660361502163459313563097199979399408746837707601946335     
     5274146911044753954147985482791231351483882383520468012461288500361026     
     3165748651825946041815208584350569927676841155256074597073038658904638     
     6573814600970460393881615119870679061464973618381378631650161037918074     
     9827401022905866102941318939793582564947965428383270009821928160391118     
     9694759551305916368809781867302124224396656640000000000000000000000000     
     0000000000000000000000000000000000000000000000000000000000000000000000     
     0000000000000000000000000000000000000000000000000000000000000000000000     
     0000000000000000000000000000000000000000000000000000000000000000000000     
     0000000000000000000000000000000000000000000000000000000000000000000000     
     0000000000000000000000000000000000000000000000000000000000000000000000     
     0000000000000000000000000000000000000000000000000000000000000000000000     
     0000000000000000000000000000000000000000000000000000000000000000000000     
     0000000000000000000000000000000000000000000000000000000000000000000000     
     0000000000000000000000000000000000000000000000000000000000000000000000     
     0000000000000000000000000000000000000000000000000000000000000000000000     
     0000000000000000000000000000000000000000000000000000000000000000000000     
     0000000000000000000000000000000000000000000000000000000000000000000000     
     0000000000000000000000000000000000000000000000000000000000000000000000     
     0000000000000000000000000000000000000000000000000000000000000000000000     
     0000000000000000000000000000000000000000000000000000000000000000000000     
     0000000000000000000000000000000000000000000000000000000000000000000000     
     0000000000000000000000000000000000000000000000000000000000000000000000     
     00000000000000000000000000000000000
