     1911920781628177580063720014236766456711317680806151374670749194914380     
     3725563321707501198315517867648945803981624705929206197509930602710113     
     9424677349934619228649022352499703960672323251869025605620282865141465     
     9296118311221619808986008117074016376231725812958865158997401479721438     
     3221234247316663621800792330350843725119205673736326590699738806564635     
     1381664506300119449651696852083743186714575656125467934824941538989917     
     4373729692601897054261058272298622952159673587371061100623863796627460     
     7558684191236641083866530570891547624551524507398899049026283014473416     
     0777198367100564072183461346871041938897008469028773492117189251487497     
     3424167625886541899159440437470521487756748155944173041242443106863886     
     8174207805071021514322913326373212019722881965504863536011338748466333     
     2827377967189441302539547304404358279910581521530668534276908846936076     
     3851387591100980469908914084732186021966962569460312113662207015411315     
     9876520476856706185893705717289625987991165395084201258636166116981582     
     6957421419750406462597302082558496854914790908385504380288528008906372     
     2814737267970517135555012730401198922424428939108917894564987346640980     
     1384722387931528195583481984242230051851793432885682695050534362036939     
     3899996005309790554879569795967212455919107998568734327301657809554831     
     7166212194048319113069554580314799457121690157326195254033173986529693     
     6228194655587374480655957986402568176018075199409498913618190626594691     
     2858917095885960084648603250005184953805397296453947816422664442106414     
     0846931565185285503767578836243077105966527548861766238776983651900781     
     7704724217556033263054399847640403970434071245163221081351648669871967     
     1125758399496397341633991847346293486836935256180131810682536312340480     
     1188464750185657421996024857557328018539935088697430173563408575693569     
     5204543617262398388924035778460769275763026743919207236712236311015097     
     8558130548330067350730746178908491425736264888162295877731167399097393     
     3287000093003163066458557827419690780702477712735079261446794392365573     
     8966064858724972755446473382731201140499717504969768817038777370296710     
     5934935735854821962527265573209559841458870347180352879231109173186322     
     5427990837084288849611054409262115153006305345431110706051497300912754     
     6442286828510005377192217277849087249426231291429072314876494265381315     
     5117312500348696887086781830306579653172358493270417658847181039782841     
     6845875452844630576695877915324071702120195605661160868937099668463711     
     6192183996987822091729405957685889508139135453114442737932272964364521     
     1457291234952713576217562853928377426191827766930182145347991195990334     
     7819277972751713994726205787272354294692000317312003915618073201474345     
     0894542675101954605414515635362227797343747429997801952883654739489599     
     1219392282076027185418872216768303850437593535548775904704767605072005     
     1885562249705266513074885893197786928719585742585128604231568840764191     
     1491414859080501438071557382584446476890999560388298221086382824278511     
     6924382585599938331545871658834275330500876131892848986409707467595594     
     3798995189101422220328650936378988913330918506870764115404685399143076     
     3397293579687290329638475614537643681198016618071063486005899050313310     
     7020696315234728315608449957912509287037849801736534412019116485878286     
     5054175739262534609657610484948588976532247564483762357536519143406844     
     2810862045052007973997459474832697921614108402383854776517554440439978     
     7897159035361759276168283361227416946212095910105966305191329172957318     
     1735549493338279873858278993752614879895594489886174932452020001070244     
     5042571783665731805471226574845536325540948978701575845159673136229662     
     6435933638864716962442015838156522260985880748417076485302053375336027     
     3943471565340318378397544388339210381472141762153948150389855854367132     
     4308002023381797800028909603439479706645118267383840405960258532059849     
     1933222217407952241668225942589703803583397338731546165762769288363166     
     2414955171178770641690413065061341908389371159471786796588965258117699     
     7116370059593092403560323933985607172871833727957206104047896524296202     
     3614551225459982944712208749818149973061610093207905679034249753532203     
     9438590659318361813526510978609352725066379735523499823812513495298179     
     6761916629486910822385334644639350509558676562065707520151480780221930     
     2345869938346818635198930784785625969970297719837984498828873740203555     
     6972276829317376837809363308733492206034941104185027774410309346535828     
     2392822231128434665035699287775237994446531664996313447677436492600795     
     5322433118265675869371049577383287753784515778537830923838394576631523     
     1042151453221687803168268044593088916948345252849295813244530877482063     
     1281850719688864041832227667017316028347247335034632129467862326905636     
     1633396074362892804601809602720376449782237589578496845410633914829996     
     5561924648335455927759611822977813766822111352772588248197359493973278     
     0880963104837453525912580647908859419410574832504893840789637940417056     
     3397185138146890480128334151087519600053648323514638439173523157163642     
     0501498737163279221468685442287691807671831863378584989090464025663434     
     5995143898711646269270968832001785674170634504507040610173876308245410     
     1198276820917126053548692116411308069903485649886604669807328114200706     
     0286776328678360881319552538211804513038366187968791305828273895894536     
     5465488791152649431018664505050466557495680790401699520458593977772845     
     3418266816772668268029395368184626646494650968208589684741360650943354     
     7874299109211738863847715869282181961122491862552225999309641784225825     
     8218970929319894181958865181598688377004325336049420297046373101549169     
     2242072116320219552576555400182981310485598023030260638395674147977084     
     9924772614380203528361706968485331895322250853199597849634070385105444     
     9562153641634680505118990828559636956742515021593602713802126330196084     
     0033409159587417290298249934424051309170159746555184859660888765591116     
     8980150550809243555728668061559284625452271891752821828655175649056315     
     2145867721946418167405480817233942155319953938601172756349715323580166     
     6762884498266709212372357040131060947462886616036105025009695560474884     
     0404332430629974084849998163648822830070848932778658872138474561793896     
     9730252030651011838387339467500316874379330796472776077502271817315204     
     7558916639843662395826706905199233386855324468439344225760452584231545     
     1773565475299106801012885071370448720260341861977281852014917498727495     
     3368480254720483386981135594728803557159991803194296535704639248013170     
     4930661738497195351136739251314317605727520271617599619936824650653615     
     6925192336110980288537773884622225094942393280538772582674703933816342     
     6923352985516199792092174205866578880262718756737800737776434806109921     
     6824903338925420525165324994408028791558194210691339306939833010596753     
     0399299184606363966731638948978139801328441374662224119409024824078596     
     2171804012409314971455103316806721061079741824248177422118826745899837     
     6575937975414364706088966306666188034418851839055228420636678153619042     
     2229170845010199492541975448497013544792790120352688226872332368161810     
     6978200908445239957267279165751564316996666207996852674698651500922502     
     0424270249098816096246705074245081855510254313800441449227966723905628     
     5017197099518511736859129368763570704366620103923775274107461459550522     
     8834476919777120678665454957129082000671780139193980000823866015391425     
     2834596700691956414323686902351934599890287803365894496679800542462057     
     6964608000000000000000000000000000000000000000000000000000000000000000     
     0000000000000000000000000000000000000000000000000000000000000000000000     
     0000000000000000000000000000000000000000000000000000000000000000000000     
     0000000000000000000000000000000000000000000000000000000000000000000000     
     0000000000000000000000000000000000000000000000000000000000000000000000     
     0000000000000000000000000000000000000000000000000000000000000000000000     
     0000000000000000000000000000000000000000000000000000000000000000000000     
     0000000000000000000000000000000000000000000000000000000000000000000000     
     0000000000000000000000000000000000000000000000000000000000000000000000     
     000000000000000000000000000
