     4315252575302245960334265813270817024881042974143171983626333645797941     
     7976453845040050877482034720353207094990432605707655901356909178478781     
     8615325204340692490585779881801931362921876510210516558223179323464328     
     6245856648464607585705078597680680667420380832985867562516908912125522     
     0036574897721487304861386146397141980325728497975902112233923422251451     
     3788267612901366622278573979921736788997390032022295698251301837768923     
     6440438049022188304901253476969181861921060204709600098970819365859678     
     3359261129414313967620334435626574942004960487611141959324587380603930     
     5481152732625796698650500260631232125372123204431291914920479769839111     
     5806581930221760555618128327108096567677307376782923688701439101903732     
     8065580394071952238080556394568386877638744023366499693395195266029792     
     4016361106923964675375510140984067178295115688508962817202419350879361     
     6570622848343055577849527832504962925099141785331310221584960887518721     
     0337429530281851624475025497452684083349002676910122230269514146386057     
     6958167561220006664935081203029391977907259619053470452493396068802954     
     1841681930371306288563110118038881523643412882843813020070261864796582     
     2485025043508596423001481730093367309220961774885413136233460561238194     
     2661499341325560605814082063184362587683361021782661718147951688235131     
     7675982603443328664753630941524710387722360850567740035591047181104300     
     0222943501494300668337003820144173106624939616724929628431797765665166     
     2697764210004165531654779107984876330902049681094733334046618734965790     
     8290021974981018017820040274121152248893952569659801349952940689478311     
     1233541059958716092028340202533225609783441173413782387038246206603331     
     6717947065910741362544559206243418006433605720310617604444572418572153     
     3050226901559196117118705711711016904275608066747724070723248155505230     
     6597292176306453264049582302127962444003457578885354069154714683840958     
     5924569343308089680254524364856641172789408977507853523669065954228621     
     7984283439526607460390522092334561619450689331765419288001060750374095     
     3198030281307256136458018260445518105252383190169294827624024169381287     
     6071988504195223631046692324626908349979038127188804563352988416074006     
     2530266845029860807819092284550687431426028315749993647191906511110110     
     5099794296430102164855187860007438067652062305010076165271260385705773     
     1531504026970106088681335764066469136401884797167335534860820223220062     
     2402745303637940757146231254475278423841996327461639194903795762253174     
     7139566172212538835349472364433107074194793513055358164853591237665521     
     8563541066237116628059871037835463927770873757593959700519466495719881     
     9668645640820690713954530517217327418597091653704014855136505477548303     
     2784258550647881584238783894424621720164910702355559462569400618548598     
     6370014222152478408469313993662017543167369306679606275238623173397151     
     4892268300046061078070308676495245294106384965672420357967991353534641     
     5256087290135843483120685167161608080736001558044916736791372178737343     
     3740180695703943573157328791094871290449960936719428897815668263147145     
     9800113452877608513627778293016342681742938534845918207347369026708193     
     3095312879993352852026902531217203932961189288358087521956359808477005     
     8333458408460065874881500719117208235933625266090388625225635562619417     
     2079670354524354344801511898733510280128524591530639112916348770471784     
     1399723399124895241202425555272906004249636202148844495033639965477107     
     2132816454226887900587393575373573548381342745322740099101023319708505     
     1047159580462272703483989543671859686358493707463073204993876734286904     
     9115301717563692400866219933886425681316420140372081856595659713629534     
     6169148938306659665025860331178219882817560849886395593593136462031683     
     3119971272942085433861653633830570126216701720287972751031817091955578     
     9350143852901699029097274647197477443091059305529738106002046775411475     
     8789834373767416006876276113058597398991193926208664045950665539341787     
     3250526128645323551432628298644115669490838390021863346853525554859514     
     3616034055720059579372933615125409824208573195467982014721937166812392     
     1456500293364313445454185319645778687611989352565208202906955532230890     
     7017674120359665751259317167481665301018509319666503230312588341754017     
     2986766409786888311699707810181221788009619448574639407304302324082878     
     3954986471853576408646258877424061085309827045138596153238180222628864     
     4902577478402679115217556983960708783854162839175650276243045982759203     
     2316568320517394363024370551025302809204887026857692747375155935774107     
     2357352490032461655718657620970717403863997414472666635086346026643833     
     1304960878314895325334846861574803540288455978337316151942536901352071     
     0843940200739808821684787823944203787139562609245201688739737847302187     
     1617936275528405830438581964686388296167938461885327704356093810057121     
     9324905172816693683753520418225393702577093410907056746419426563804543     
     7682590079799016979675091534185732584671462913620968864931780312035856     
     2237553063898018346328579123824778731492047151714237819851765631913882     
     3085240223997040395963025368867034435027858470217239069958263635152033     
     5994829785264542898327005574660137685538898637961162485090964799825642     
     4670766640470866472807866292504674860547201145918113422224350087644705     
     1474076727545787345020545233092869479755813381297290416561840919551383     
     7263650564855392639573401040218953922142383757960185254205788841920971     
     6746710761950203235906858005898772796286554149550485422393155172019288     
     7878212468906086159701517393465751728261186266764033044671191154872606     
     3613608568796398623029309075304875855348642962287719178907946330109264     
     8317482217579129294124576730792433817002105774142304593674215789883106     
     9919190340430567606312724618738982411894546519900048201536314339194733     
     7201442904970295189917095637014856025888482975859326224041048289150983     
     0009551858095297281977534317818536019197125420911489299616147815264846     
     4470640727734318233646435129748910361987749659140101183884012079275299     
     6570393994626757751819782942690061482444580793686607274291147333404146     
     8681430993327502638092636115417139283812937045754392704348288983160201     
     7683981459162263802294245871873204829648141852695933983379721550020148     
     8001347328307378780027875555088163898467533034637130467889381224326657     
     6494407399708886105156291241818796272912527060620265478012773367482816     
     7375164078439393687606473215965447197337213872687918825402495311479810     
     6582803020829263770589722789648392236681275824543446530517495888900147     
     1360590648159296714015442391354382308666309588463849528990272988110476     
     3565441382052591322803308669141173008053201192256072460017102158411910     
     1326511067031880392164403795742874397782863879427260793149468408857631     
     1063849397964420723540143912250303738712437174336819203055362380486298     
     5546459988159885302058569840187789026108513715980476943570055323903043     
     5424734385496811544187440914656559894517577141948345462672081434800477     
     9330278495281347914078354928919712027376335639056951914271827994650528     
     9746247346879867952569927928171427953354707862755188927879368147439006     
     1405320217254897754765525820487608718623642716652477488608577791283526     
     8813191420001194190630062201991547180669474007521332270890928690224248     
     6123473444199973676587375666512585641507265318482996100000046022059172     
     7956936851482600953814231047268205744777244963359638933473593387064613     
     2444590443703391980323884347270534581973308185717185378121804001776880     
     9175744620991397137971212386514127634405750494786613935631980626924915     
     3212694633430878509980605699005662963453379660927911277677308717495972     
     9771638531139614661862266034407962464401055771995913733542062537005809     
     5612327643141413455856622811272085231778272187334559364769611596317078     
     2267958707845977239986006953171438706427942860374762719056226849742761     
     7975140686939678244844859590688053924360002020668222314191746774243144     
     4864198294904302101980811387927493456263493142863026117646476707681515     
     8979781176652240956335045068948626940826626746259008516889061868606878     
     1550027710579804892101394652069701960970860336268704359371569466353268     
     5927459349295156869174379679101221044586914084671960179746567945916201     
     0089552355231322404654765826421455214986668939048151652033118418594031     
     7503157765483053671653805242996273048431145094850234910364382666161728     
     1457589999763254048697235347962052238616482827099671329034423045072128     
     3053917816235847065963049853759017155085246401734159864782115176257649     
     4130397419491654525647257138183037761249317151343393847043404871214124     
     7874009342381866942779531449339359558604633834848361751804340598246287     
     1182655113026958692476049541362013021594970602526199379607237671883571     
     4251170689283213188744087201247405900484608972242301213099085829649826     
     9068180600323872510767801485509360890719903734830923447181137907828413     
     3221988470355565803887836571714304544688186700113710545668177468524332     
     0016363090850155970423010627346540296228902843032917033997326822819541     
     3421314744939407407011081846431642193495914556294367537974514029779344     
     5225920251893296005198389484249276305626821013426523726699550920324300     
     0825111404593222175522668930448016205035246504395541796693097345581788     
     0030804985292745306016996459629866924568680880585492251065106726319038     
     9063734685984484140030503727313134210313397303568437641723295101136792     
     1982906668643315011004581423682776308160853935188077423237178318067418     
     8406296776876923503740403607905654981974595856036737819660547439369601     
     6699375136256307426426818733040828064139850742486831431864086862035579     
     1166828251915634710502597163187568638558679247519674761258122152521421     
     0968913689236663615776389451787662644920756511525367964565170668088783     
     3011199737923427212307198030580705880155684628970558419316397932345695     
     9114936650886905113908600694038721031439641528510163664472432970986611     
     6215374677580309852708683656603728679846759393335554882936856955896877     
     3205860564658825285739255915020812493323160653035198809869994265276885     
     0088915805738050318747109162263315505554757031914043439489708156772151     
     9032730040389080674402554742327299986180309408644287396753183365521966     
     8120284949983023551282900193946737002959083948448003893236030770712891     
     2539656018963200546974690058528113430916996041094927946674343765940484     
     7022080000000000000000000000000000000000000000000000000000000000000000     
     0000000000000000000000000000000000000000000000000000000000000000000000     
     0000000000000000000000000000000000000000000000000000000000000000000000     
     0000000000000000000000000000000000000000000000000000000000000000000000     
     0000000000000000000000000000000000000000000000000000000000000000000000     
     0000000000000000000000000000000000000000000000000000000000000000000000     
     0000000000000000000000000000000000000000000000000000000000000000000000     
     0000000000000000000000000000000000000000000000000000000000000000000000     
     0000000000000000000000000000000000000000000000000000000000000000000000     
     0000000000000000000000000000000000000000000000000000000000000000000000     
     0000000000000000000000000000000000000000000000000000000000000000000000     
     0000000000000000000000000000000000000000000000000000000000000000000000     
     0000000000000000000000000000
