     6691979747024806884766164455403176872182382875760108004806736435096881     
     3049455600409586575689002400873475117928182353683785710029722381005583     
     1654333221468104392394373703785372058934606294644059408710640556508904     
     0902603243617830564276472890815077623949858851805094300194875397270255     
     7612669536161275777670391679093333526379309507168335404616751424708954     
     3587092690053845023293029558497655585006751962084699109113676842132950     
     6709067778458518218049311608421591524163040811986929354564498850872014     
     9272612932046113556033819780873113529906758369818854458349699997564917     
     9521490258318393313976189658094243955034688135412251099702870370947485     
     6637314086281616498141057119114290143573005988135425334474385348978859     
     5881342011485866226308004721532465887136304971433715299359263600916352     
     7787989949080138966580280451196000952396579007127388487358271368262959     
     9097966496943758079848953057033821011579112497275252248058785024581182     
     5568517506113421276874928393621223633625164331923672012045171542148938     
     8191553833763584511774929177756900204165745355487371304777772460065259     
     8567121459703187687338061700269001410174656080361231243458374458365624     
     9628067761471840946602374504699187811212299854592345606668010892589342     
     7748480827704086709473383323456974424670849553915734407401870527917011     
     7821819047451547822514175802613087234245581427516053427220678577592698     
     3216367712228818200355103684025960067648963609896433061946644594979968     
     7931050957880145783010659529648118619283256097855359586631243802316352     
     4391180328527721316181142567160239362522544401206126152038673656139204     
     1551500313956288086680401587658753417521380199189447338649775617978435     
     4260583549534074456737479446639042064191421736694833530334585696739072     
     7944363671446237525634703615180463616118570948745696430003566096464634     
     5577146565352252970817695420470728757800336776336592011932737696223475     
     4846399055799157870776996067634511419360367098134359360057331566326460     
     1918444242269997469645009013558575715041276645708377683096052653201648     
     8021185283737505985287407946463880784335880966887928933147314440276301     
     9896303542385616711333684500433631046542686403746939402611742428660288     
     1482577409321243554859295456052539740268062535611556963192998306026792     
     2120397235401865223651004126011019856868698488292938645108811561034316     
     2089291363089914045334322714808364500763804457873291912747857940451103     
     6906874926389774965414585019079957510515783798813204666699510697746965     
     9406863517233698232854937144136926209663633892844608711087809039748202     
     1988953910939458280748320294977218963579406354869007051782743501664935     
     9465381440615321720774021574808331832370083850558145035436236167997002     
     1164260029715289945807550851295632825493095781355420530973720623119479     
     2900860031892969701704666690417394161355843421842058964989658846956896     
     8523781853363444187249337571847608259311839004932458783033937322712714     
     2677078337793262666342628596914888831748652862647796564209109011126845     
     1251101469330420481603397351158143462226748474089746867644728316587018     
     4282793268193244815996411186978957436818658387498977593964277712243952     
     4694425911887348772594177568822469564446129453974541431869205933442521     
     8431057454731580612519576323500945927964296389873297322018244495623136     
     8063908602593948801730350161241221935837826662725444381493754966680273     
     0046368891861971479162433370647089496035804215853503099181619815821722     
     9634836664666448665858908908134683887336232522021016462263190101190628     
     9074943863141671994609557221831786195807583193649691207295289043966013     
     3234512972920143489155511872369291690620336530109077431278033616243539     
     7074724461082731300460178471031753555882587233624127102208234302301361     
     2722319417246984538873935351268868326150899179199242953246912974468153     
     0402904677801398098523428609601201634906993226911663136676753697906278     
     9895760998474426392013332632851520591998163171463232720441008951035266     
     1645481506879069562466422978213744966628356671201845578030953469095348     
     1500271941277364927050473668550651861879333933740642302906898770528146     
     5903882653855191836262233540533468562359402675752808534096146976777350     
     7816335088093097347349766845054856656082659889212015552752663399161912     
     8315598499784759586765346536742436999084526254443590106402692781423995     
     2570929126495329907907603705182069958135602698695330682919370868226413     
     9019358253206966086079829979091313066856696052912810868016328277459994     
     1611262990852171560533795964063651531390578937838800972687541574213946     
     2693331836590024401260276645846905811970077398942431784023092041190861     
     2355332058582411266807219905824462046124630817815825054585061438295213     
     9749219793675898597850696656166687534806304476891007841710493891744621     
     7318982236026987533349398228399665258577337056416153870106149593445809     
     2260827651484850364492187901489136552506013978274935671609122830927516     
     9042807900074793869470112183049587799204246821402166788937895213095878     
     6176931521245920552281222891201820660115215808433057503988121838584371     
     1934466031425033786872866434791471872832769473110103847644249014210065     
     8244077834011314526973373961094953770080670421446299046745500528944338     
     2721370006295122759368612900191276759195806648512400134602565360018012     
     1848456720446105722563758029626654473194939131994322488527553499801162     
     7748783846934309704914816745145416587612051453847843091569016379829794     
     4813918930772912192080062334043874800990282537728871359782370864855079     
     2631287132346492920297917825932143540004558481334309066866135681145657     
     3669578039510802020197353445164698406862191509378142523427164610441370     
     0633514827824004060550014674232591291171361778213322165764215674065397     
     7083342806544688764970391184169074186884690056950496234127963413806649     
     8049320234583029190075465437895914600293667795621066579395812166975821     
     0002648077182702340024529885459755816256218235149655567486767856368130     
     9256873015741595843481406831253477434449556203197666786554520509034189     
     4956071467262259654870592603041777404512449311012463525445186223264099     
     8785014366428828012915329944722281041573448451608139854449282769033277     
     7128479457549435550900251646888196904952830101210053493637514524691726     
     3100936609166086090232596880126650408257637325475366924593711098480579     
     3001429701517875007107684530004559992545798314172607051984153599051696     
     8984330182219519219990797872972523347945193177819354680195387291282040     
     7127492191607609197510278965543706490554026342749027057377368900203113     
     7151447104982847926523889463300435335431243302139021221460281934576244     
     5276671845301985207804324572391051363312854248171880565533020307083930     
     2218533211021394833390132443945588458825397186919218945120132963170483     
     6358757443923410174679398027494791715389533035317445453618131650528245     
     2698477725060202873955667169827159418729796929290588045451519538759649     
     7161658947702717627737304763978827825937208029588304139293016374070772     
     1368752623757433668847996672157848539952168835851347167075208010697215     
     7184231383980860011208140736919003000541215057130665493645291604733068     
     1479400547745168753401282954381708554267579080314500974206710447977475     
     2868629936772369980507407970337650387141668938732123840252766124031963     
     6979421297919557295737687194815365215157204010462379061666212925056694     
     7110868101639458296053779729170718431150919574418279164412915160884102     
     9513351856070046490465340546894975082317985343263915830189716573197755     
     1175845076603503178793323883565661576789081072184876414473205626910323     
     5331529015113966735808610107497410690653345865437996528638522706646393     
     8456888287166478456419692094848210949572556563460660369220874188016059     
     7708194221884539486586662511926360019822336888665976045514150809248672     
     6989169684550373006559432083963700397246737356814150590437873236188959     
     5319557257332146972279529926618492129442349199368894833225399745234874     
     1873654037682434435500612501035171872102575119242262016748676886652263     
     9459018349427451833572603349531113486097274961335509504768645621289216     
     1790464333007617908684305427586674708213177569668799131415698580816248     
     4827121966873148416839563261959293124009435921358018153717048754028750     
     5296876537692435368852148095641842348071437755233175488938597263935540     
     7500001518175079888676289835243475258247430789614820495673693792262092     
     8460124231785621507679006044492747106189876395397036209290975033721234     
     5462043209909438149184090707653973602393913895963291724030108816385871     
     4108570744503881669674138444632177122624203519788187056120499138502401     
     6331033419420233761113775003323192903565859716220494892735103350953286     
     3854023492303038352662430134490021317739469837419988383809843256372787     
     6859663868451011767123737424525315750329383095889339498291824058808167     
     2595415088835430319203781776713057079626446943700823558423063507924996     
     6686831390562657453212801737470864459417182246557249755490949777094590     
     4045150595410991863255593889362773935932858348106930977462237468513040     
     6464581586960691622971295897211473892145602444254891843490448006014925     
     7627558323704428406392527027651281625950930381156862844407423431022780     
     5403946965393399998284739979078745042318337874222155335221299524151650     
     1240713391476679404095473890648916042718170458068330499319375205354271     
     3221796972123612728934206700333154690353020840694621445309395391791946     
     7449459657971283763415127043711533910295168949005862950926138341184009     
     4366627170438142928205504083320122338187266190775838791382821348049854     
     8725254935684049215108521310883731803447911540297647647299824914071294     
     5980183649910317306386794783067638716358119799608787148913873738360948     
     7300925656410636034511246706750036707949871839490455236218408941088495     
     0095962189703448329396153998879966028494648872026956173560579694622673     
     7105937397671485033860440965665364373153385078700908730305498899838926     
     8634973910671889918276470981953528765123338826497933796069490261254218     
     2288874508464545370324112742852131586482939610029768601663342910529372     
     5480564381112346324425582344099366936097212583978040090355576201626991     
     2934236063634311801518993804182162593722159813512971893202120160233492     
     0347573113785935189986265984540794596889458078694326244379818355420952     
     0035763956165922322895706278295767992879126889976778967329182206231026     
     7471244023271030757617061053675208783152735663951381818126692419970533     
     5538553997211782160983100137545759490843413516240114052265869551674021     
     1672892180322500692318941388958145569332859030133433169998576770228281     
     4403926507842245366719924931567150885747698134771229647339966007950350     
     6164001667767241914615636859692909575683888228940292591742404369549296     
     5882387815115855313628270148364959695826178210776647277975268759549724     
     2628897069991176240294730624232089827876559213773192055092311065135197     
     0624019869281073956713272670879529963566058513919729372247805086057709     
     3097914020716703541736005516288166554960224241125574444414141029298428     
     8897506004623597685453599764284393600313615703089894663567633453585969     
     5048550647478914197448095210312568071775940430336895319198860538018039     
     5920078662506755103753517986655355811625033934807728241559014940997485     
     9993388334183894812294572395025431150272037215320134858366835901443682     
     2561248614401237938382250870837238678557608139399200353657340807932668     
     8697684488420369672468479638827427738418526781390910414818086011127811     
     4162528512027911907803269973277004440672565385326199783432724811979937     
     6122352701644929146751069117169176524623770091083348185349049579218758     
     8396047542540338361640035088832475332768266930216931909430117946754358     
     3781118060807842148474124764696542713113617169935826001633996860251615     
     7321723488890249872229352017214574354709735894959206504930687822155945     
     9765010061860189840526424127934354579260859666153288691184042864467254     
     2331481638893825571086113087446108808628831028209807541438413923436538     
     6418717436059442126736541062962337267979174187960707059516561181844476     
     1529608799314226208639667371028983180402341087468038247723785819337494     
     6331984511998393193751097491530186173635695274659053444312824581826999     
     8107210789361976244015681821025934097446517765184620281296770468488390     
     7654728877712809330560503768018135934320069733152655575571884531922492     
     4870627355218313419962875286589022959199491166271816382066962762096080     
     2936464662350972283174283255106554519540796593775399440182144210999518     
     0678867659927493382951365774259333647273505023488890360655260996437179     
     7128051333494497440408960154308081279489220149977729932280765706063677     
     8291814037127750416492669406097701320274787798460011103462704261974010     
     1829641842990459136175010811573037919343396885754047525190261102908776     
     8524827180164734689417541724201738436920065002715563639881170510125231     
     5216304574818371847950617902425033589628197080215199499031575855294411     
     0652502902302576276442154905951643679913052047463565647704610999519342     
     0416024956751583090988854444232500581662937802794099019085882527876731     
     8208653334953501936530877180542099271694102379757446276318580668783008     
     6471143045383822083599920221192087249246204765193681428138862698506472     
     3394007004398197971847833860034441669076382425254473492965479415689662     
     5278767964298389335427462260604496298700408718416054576205637273699703     
     5536421417788837666924780572425515957128011547149719383910329949353270     
     8361836116669746411288079076913666612031090941488252606727262331032759     
     0887097213624720037643737486537420976677215149748970647491896573758524     
     9288681950538086099360232507579168166565921236102619203936273475692302     
     9583496363428525602261121073395099322982716806589638131019733153448134     
     2581842845252086711120742536931742884024918053732049109899216805314883     
     4428739733124258760922499802040982905869422864203841023463910295877034     
     5354930318013756649036709708297174175063896899848764073529141638985830     
     2962053055750367368491303254778320885711469916207132534073654600493483     
     3238696249666356405643948732026178391067267518430319710402458032898855     
     1373087375365174851102973358523601829011194703011156871734219693070307     
     2363965843502076951977510332887208564138419542041965662791478540730532     
     1800646293299357418153663509752286355872940892108492787036424407504279     
     7705454783202427047147048778735141441560306581912435048080704529390093     
     0449605710305421157842258652596835762709245582740152833780489204234235     
     6714709465258213849782260224039841195716875542750229381557134010415296     
     0502892963222921305365710959194715334370269719342883743946983532809756     
     9632329858459633374601015899457956835456883000272644076292916346432033     
     6866924953885625067874738119618602445659478235509336219784108815431737     
     8135712571203140443426030945062624705229263673590157805669109210488979     
     2254112793092549377283022013497597161721116412984859254025415926741973     
     1259196700360425035416548026593924082569225186525348118803293082528204     
     5226008286290071146625701689487514166392502389032744260044939604510092     
     0528047909526179233312617111207294059957156607964080344900128076312743     
     4955958712915260988716161812297197453517357581446914976068127118488746     
     1010202916545269899217366513137484393393756967607013276102952389510704     
     5370633036098855239924245585484887198955946747414655903932766052132433     
     5713164046048857540829281254544934956098025221280412550232678288372285     
     1941691123793271609032038066844190016379474622253787267205184045395070     
     7302589036886379788195907986158817959120050095949291779378868593793045     
     4890498660944278313609345383678946380970806880745632464315617708925980     
     3377697450492267456792354200702980950900566730386950639838007929812580     
     9460231801597833405891536859379049223332742858935056735055111936260953     
     8724043538005141435411202834102823652101877996209285644797158813647303     
     8142482585004570339267150977518184122485975245060231866062730260085563     
     2868427382450694004148295788433516825230075588230020203614110040960990     
     2625069148280711540842137801402885350823989182214464234895038796450505     
     4755722149133523187197119781750213381037920968280527008617791280236802     
     5017009762615042916645008239148984611143291937469631286957703519186902     
     5750663872461362083887745616121496473091194366269540342988343537678760     
     9073957782739993797479034631284364712446424135751138736554474045080980     
     8329712845353241540400297483295273024166586923430744706071668030670759     
     5847976008104825785221976382700250882921056311261488367571224402685058     
     1432298267274409004106575151375442134871089355676102096336803525812894     
     0447165815897069644187797532697824607393520538193696192905395918447064     
     5412073478663180455462529833236711255096862161197412141898628137867152     
     8107674054427883651617905257806613429864091909253514831246927390098776     
     7945278388353019610175246398206613960377579311880869634768155471558150     
     2910237663663503641812530480574698386974378682521777193210824775366560     
     7608793963799310668226756399524355216089467912454020087564841788263960     
     7358062005289846564064834965898105203499097679050275815959116974729294     
     6323713878976997600799071503276167609167260751364584362383536200699533     
     3962355273861924210821269123203280680610119661380799939834090269032059     
     2475438302674520266708969229455465146056608979181579468757040761910942     
     4373920870754149092162256756934102788589345411677825270252267247436156     
     9109634385096302827656047059262886825262613496744282509355736266397339     
     4195685741967860085106563948536129433557566687393323656593189827799236     
     6652730847709657566095347214964557623783998782364787217724333294918832     
     3966127614037254604611489395394060419141753325656126222686296234840191     
     4981533444536158417784203076274446322441533593342432870949244811922889     
     3849055803192261366451743869156830099477083078062582830695066932239954     
     3099794934520761320680638245066974050519016433967602461051514619126428     
     9327578860082168894808881162027475820941342703113701424555090190979905     
     1921653755929666107898908451450544748233487844739159295466940835612298     
     9642375835267180267454225295552917065016668904995070453721254092567639     
     0888263815991333739302506987520000000000000000000000000000000000000000     
     0000000000000000000000000000000000000000000000000000000000000000000000     
     0000000000000000000000000000000000000000000000000000000000000000000000     
     0000000000000000000000000000000000000000000000000000000000000000000000     
     0000000000000000000000000000000000000000000000000000000000000000000000     
     0000000000000000000000000000000000000000000000000000000000000000000000     
     0000000000000000000000000000000000000000000000000000000000000000000000     
     0000000000000000000000000000000000000000000000000000000000000000000000     
     0000000000000000000000000000000000000000000000000000000000000000000000     
     0000000000000000000000000000000000000000000000000000000000000000000000     
     0000000000000000000000000000000000000000000000000000000000000000000000     
     0000000000000000000000000000000000000000000000000000000000000000000000     
     0000000000000000000000000000000000000000000000000000000000000000000000     
     0000000000000000000000000000000000000000000000000000000000000000000000     
     0000000000000000000000000000000000000000000000000000000000000000000000     
     0000000000000000000000000000000000000000000000000000000000000000000000     
     0000000000000000000000000000000000000000000000000000000000000000000000     
     0000000000000000000000000000000000000000000000000000000000000000000000     
     0000000000000000000000000000000000000000000000000000000000000000000000     
     0000000000000000000000000000000000000000000000000000000000000000000000     
     000000000000000000000000000000000000000
