     3539926283923164305217451632120923891423730653928429248098501806285245     
     7975364151886592739223901347832967347893800640175078095102713530432735     
     6698088808209263971901035577118000490057203657065244050542532748526323     
     1086872397491480528543045227514723074741594454133441212428509604553419     
     2634322179273163098757017312214304239742213451323628944079716076240281     
     8584014228153940575796747600311809340019347657085586298399291133319456     
     0807908632409932225202664274321629463493003580556519707004684816390280     
     3568391485196252084749121816295516129635518866889253376065273687916568     
     5663116980700485976944192916594577251587351743516993233145810244252925     
     5725731530344308560139745130212613920639073733654532636462775859405177     
     2668260944373099123231156606976627028675646200863360714696133160878068     
     3534669121290862610895199812447017821786857303476805611817876681958071     
     3744127076830810269508073494853876789450870653138230964866160850369506     
     5166898180528100719449105298944281914563823581380901652144014624450435     
     4021815134489931525614360175263726977723892836356340381169741241427183     
     6992706628737731896030292649178635319883389264775718678754979230422384     
     9907474214708365923083179396185648222892765873315440074581945758921902     
     0496340233568763174546289366801948382245482250581649925686815142528852     
     7892151185214572970148171838243437090981050503899205246974002127435003     
     3514130152560036596976161429787609411773176824535099673391770048614303     
     0198737141658536118128679649090650176192672329095010706827178591467190     
     0370212308304850197548166186495026049307391128344725164339334729263939     
     4578930270291570913596461952947096118290199040888724425963735210671227     
     0485347473919779327856837430056491164188391582814782390026296754780506     
     6636464402322336733954345012898667140791853612813048167274757095287611     
     3716091380172434016448155866529282137753682029852066903978482829414476     
     6534138678358029993751774173832585753073373041147078046436345730914438     
     0962676979657741504888281755080534806893725469067070179668665503930833     
     2914062759790402590751873567383381091288379383298385354479729462650480     
     5867253780137028889770292901952927375122757036411103256301154049225857     
     5897814713551970244858629832947033512092727309412709286906506121445077     
     6107169389084983191771839757941764380091187950831238784767405687118828     
     2097227267610241353263164645135314614202697285772652932338353454000236     
     3671359959593258158736509819718792655105018653757853813425359370141547     
     5177798430411210154673566378536422383137920049972274647027093215943680     
     6644038519975570779383496692715553026135191607803215234674255784406249     
     9134131504703438257385948458240752033268067480642782370042355163232161     
     3436313682917706621634139246677682192236268498465958465846193226477262     
     2506076276305753733666706856890875574837329429893519189902975210028722     
     9642034205057603086546256257074047446899463401719806138084855633835644     
     1406595668355329540144573843790387759049160727113976049241454555885165     
     9365078991241634612942112691106659958985059990082340755758889892835504     
     0733854426120221331792351421788148161498084468292578909160038407414662     
     1343786123164768861357108122230884815106467724083472428369830212669294     
     8876389490348987226774145365114526732356923614859269348270356960889790     
     4864726781559732459017880785012747520261852705112524873501858188358563     
     9684812899865787832374397950880210984709744706846847531829511372807143     
     2092246123457498069978301846666441345403263719023557258949001121850920     
     1174976083415089594341648296138009030003579867583819672810419325671582     
     6247417281664635016215528087667437079727799658343624038148748061750102     
     9719143002694615430532217123536004460902242488415676268956879749862263     
     5468512124609377314549430465280089964099236245998787431141453041890650     
     3503772482752670766161364618759659495220296937606303927432156044882016     
     9829289236735651617118949131814410506557052147642102919116937472643077     
     5625694025655384766865570790523279713123048352373442711821498227471625     
     0192952611526362709094538997786037891153705649249987627337336851433391     
     3465452591444998925994798807260391131169968046178930460971777403962330     
     4864669933487947480652452608402097069080887955757815701467984337088911     
     1928820546562801606969420526823967430453871623659980175047241074878108     
     7656836040690143322172553169787601666918269064112557659831993011258249     
     7829086334396553397284932478711794942309576517481025507996982305476338     
     9354998955329593708978356216719983814360077834417987888202922432987284     
     0946112535632648264756189166566203751878206688761174309589454040798548     
     9454089250808960371785116754249270927559026404005433800429378044281545     
     2013747945630211620124068154717336822475229150857145912142502354568859     
     3051111042695644270523023727662058945011355988309213900606770607855913     
     6513476749561290914709902442048622508674590320617661399845825692426613     
     3446254962049719635095701263746618804190924531333806176473539087268657     
     0805359339351579920291721166399635286085026692442541909192699069576364     
     6442177563916578895672287969543467317857391019650504666821132793730494     
     8491372322907986968851022140764778555744835038692827984686397906494175     
     7369293783659616799667622172992798806416195097431090118596450878903034     
     5326278006947802520769600230531005949836114548735615112184195879462421     
     9871530162665807219813708840412844793225168606024183848498617195345467     
     3760614608997975996682728305249118959060402196011441745952142375485607     
     8044601123424669594830661746818473753227412897951834562290352763402026     
     7856416019334782906181028313912476023126930520417288773461284181587197     
     0746936086320016520766118454147054405427945140358315539635851382105434     
     4293173265474863127922154631943568355222747770009125585984938636588748     
     2923268534599307246785683098467810333771514864414267930474643034499271     
     2997972649401796965072841455135054891217053574732928056890993902040685     
     7525319175700184080169654183135147792178300662486951485313160388850239     
     6897195188649563105784863071550679177843343762723915108972363768510171     
     4064859800879386899385978203672600099057623068177383903371443551315160     
     8391340319283155258787896619188833734372880379870290872698204905843382     
     1153874567735247935696801734413931745776063271134745946358906072176339     
     9227369120974304967978683498153732983427717101342058573837234086178111     
     5477790590731238061962868884643410769155285460140225231985040801033798     
     8011459244406042072673290752662586879570150351763836698496341728087242     
     3564559963207583846043411434358435922717093413309069086495070763672614     
     0135333759808587696068582921247199524342475936619284927450691294854095     
     1850368148468231471877738442112409013812887952430309364743202423999252     
     8182283111747449350770000528734456698669614751665183956772595171929891     
     6789818946919215206197805710939883952003121133372584933967191675068656     
     0310052195696186915614596217564826313514239903394736960801058621597817     
     6703811007531555291218405884922628892185861636484612408435983640773328     
     0334309969082704713331142592549328033713079233868738372080829291522212     
     0685495289889785286219550419725047205304808555276967553247175975782243     
     5299074357314678364998598992400186077011373711506077642370797920189852     
     7964190994777976370462666915914822985593169579540218129236027321049060     
     6045507045244517580016287432335046224143620854604076490647077985113194     
     2069338309514079991198493086065975243104158504408925838329591809171262     
     1507575268148069033160529677589724200701223984530810858470020061001876     
     5737484722391067163372000863618658529784397547971295876017238225824522     
     9167264793153649563362183454854409889491603501274505713580538117077593     
     7828381980445876910409779363615822693829478633113268490713401186995647     
     2060927744251770072666744325256199392346690009766503420154539554864176     
     8998542766673510168266992169339811692557708528941479539680203299800747     
     3888775080789635727887143944337672361981396525937469063519898794795095     
     8523312476588043141708705278852471097378144458164831283136206245447670     
     7200178048201891308208778449158598683779862831673931260337849465822422     
     2973570722507571597496619313205107015264197482343316370236422136943908     
     5520767430497776392636794984236376543272986079884134367726614274420952     
     5285011429408631344622263401090789053389687357088420870684711867484885     
     8060752782564466739395663630213945020905425445955629531238132406050931     
     9005720728490901814196295244773457387862538204080023870174241590918367     
     5461395500579146894277757020226918187817308928530704618525143167628431     
     6232225652784443565588703034127913293147320983874673518836393584521658     
     5060090281016938741797213915950875348186293444250895295556722187983072     
     9498326157213461754690337661893516554089462113286625167938088665323222     
     6782922645195079060980891963475028278884662495076607240332736016645550     
     9156970263800872044851088438465121007605098356683285030428871134096863     
     5771564549372965750075603136107574777449505408499352580890181935207722     
     8060922432443195188152559918108630933698083386420872654972642937801600     
     9580859392303185419446127438803938217642172229798480177454875292040632     
     4963152283879539411595937723311327400023154962811164598073350171145998     
     2812695646841392624502223322442626849316544222123406534326639772435946     
     2310384644248302374335902739605725850339472425462066935127918111689208     
     0269953197264938980688051218482570861676751488434949822589847344473150     
     1943494837179540648241337200750268366826529969149431789411835448334288     
     1379616411305470772053606854603814578311354302771522959239409423309227     
     8701370173057449110768655434438141196976626271407146380487958536204436     
     5786631992449652747174596448544707049584390413631462359323805294799814     
     3284190140416209889215671617992680094050157805528649428701769185914603     
     4593275078496190631796380825517413037359093052984440866479850769708894     
     6381347037598202983764457660819846273427044318896092826197971132082571     
     8547909660316579603326553754320952535986119108789557201370135361203692     
     0354000563910398919412084864033850958749897538779656409562362928536383     
     9571388900921809143125043508460001404443102706571204182313175189075872     
     2045265056143866468892916741551430604155252656494209781910046621933853     
     4516374084609610975521074851352486350692661313600586496102846921452014     
     8482655808184059981271284866125289513513680688832292514721335217110055     
     4675753753597379068251478339659627114166324116435159291809592915645488     
     6572691951407640165880863442427731355997893424358722914917049966439212     
     3903581094390219120461649291416573899276607679500121332360964738422618     
     3174383757995688695957028421096258972183818962911938689601583208902857     
     2226565905580265382639530687926726036213562616120152669275646048911949     
     3752934237988322328825339680474419721678837920711677531815507706432400     
     2988718962739023350690761976450784951618476351830364362034949007176397     
     4222108353630183203389911123466835821744180592512022453187989638932561     
     2010048578482801911844259144680841011833314906872387169970579984383879     
     9362362419153357734088385574928924734797985342876250316073100759444858     
     6255903726299100239702205306353429803904945071179380964010316541392399     
     3496401638871101954205110198592610335701389484457059243395575335973029     
     8561892049047521434926824475691143876760039404686441311461099485286566     
     6775480641056748159557844687181217712335512833530797796246535299522587     
     9319172804381523263450617729686695665844633361117557767755415476738946     
     6113182862932674395843248589473258328149915245632360514591671500760769     
     6826799740981606785865137799840367384192209978856864224314413920842151     
     1540856762910390273736818757808345146760325018150637745226178032588357     
     1467641396675222259542979210683661763163359730490809787301444376803512     
     3046749523696714953824146061151273184358854871060655194112976793406498     
     2502302113215034331792875172763332774977854637426224358586345617151290     
     7426218145283394795898951283465075653075796437185926129300136199135930     
     0464565962891875750694046308015264176103535390985466941161858348284504     
     8257615761418115081006075793978406153562674767370939899128381315809869     
     2454050259668430497881226273888476028686056068686436327324553275722129     
     4835172718059240796421048107336682747646132279949372919869111882734667     
     4696198891786458079725662054423634768863178375809398044345319939658483     
     1252246069397295580544479389726583399588250190081180672997028910824468     
     1150652657223072157579208307464639465729308254033173854311946480767510     
     8000320915185070660752841127711008779038999914356134218019231232372929     
     9903716716090482563509996034693619345823825458493821936911744207258812     
     7646696510000873436762981697722814173121491312684484137959771702856097     
     9229388705662725126069399466563547909910883048739251306242392304973078     
     2438820129199442778229471490304983595809247807793050830064686474357155     
     7123034296737017121820939464007302444439899771308119796589940628605127     
     3605569773734930805104030217787317195917430536686222204257252617815519     
     4787654257617701871932695164734133467410302271533554807337485604845267     
     1180125083724153455100629429774528112824347139355662491258307091694273     
     0896916608181895974379058377522573854326537492363319480466396920628778     
     3838758444119823407802605596215644255482514638214458703430561571631645     
     4677770396762575024909193290336974418714040958711878125048219845569379     
     7457014522707460195294325316793654273967562350593828625696331365475601     
     9188560671728446267700451685300039019360717642884881459334988227051411     
     7372910448833332389125746512257289642477951137917570580387693279368149     
     0935701265425317918491528589595426956091942974574907137241365785080315     
     9481054408736350915235903726622064967442077785071847831707021640973321     
     0551783289812135855490001992034108095488674312460022103100453089139062     
     3900776510259231532512420773792948779447596586240037571089256488958003     
     2582306254179985294945720863485196638441182231631036369335670032492690     
     7255741068161033098440014971282151153228458914958363068943348208132767     
     8836726832121133423692832542224697815858768136576583332451769527692763     
     7808797951631774208923893584514908896099722302043605131939606773734450     
     3023123657824726752981462435558259311746402456604534088433908118179120     
     8523221864930662437764529942564102278315552681567260626357445339429499     
     8354375113651973062761525935698306940715375345308628701327145603728045     
     1535081063318291888817896718100778509233358790216804669119423670062293     
     9021736185610409782185259657312084435877844427543448194941475062089270     
     2513771817710627365260875438239602702825066677211268885806338892724405     
     7189944754492901170680706880311136144469225308874709466496465541421045     
     3874065305484055379816796687421931451052244250659145555698125325553595     
     5635616990988558444347698055650602448092145840174403002743858206041731     
     8321955189935276886461721089909429198585416144402051193115175017922437     
     1261416173648401065505583429768396739525269418771520511832453965763421     
     2371026308455940184893763243311571166469694554106956251339259610558993     
     8199478008705045752563841568586746364427012853255341244984267399703989     
     2648086626621390362283051289819724845052168300756985525524979078562407     
     2844547941213377163871371806514587227854384706815796598460189338053137     
     1269819142070409674482192625448752258660617402434258039719512195651463     
     0539704060477483216518178313849825545012824927069106428904671859981280     
     3268360655966570695346050684486207913156016198137981643789200642903235     
     8969087511091028393694013192604209924937645881850921000369904788622096     
     9854847287696629120117092979151925721466371989809376460871202040842213     
     7179923204104847490507491247655769867882999427931028891047038718104689     
     2344069348912783302856517755066590432297164047902678185616754909400490     
     5456254912612903548912491151576258688908003204474502204473473884149092     
     3518019583868928000000000000000000000000000000000000000000000000000000     
     0000000000000000000000000000000000000000000000000000000000000000000000     
     0000000000000000000000000000000000000000000000000000000000000000000000     
     0000000000000000000000000000000000000000000000000000000000000000000000     
     0000000000000000000000000000000000000000000000000000000000000000000000     
     0000000000000000000000000000000000000000000000000000000000000000000000     
     0000000000000000000000000000000000000000000000000000000000000000000000     
     0000000000000000000000000000000000000000000000000000000000000000000000     
     0000000000000000000000000000000000000000000000000000000000000000000000     
     0000000000000000000000000000000000000000000000000000000000000000000000     
     0000000000000000000000000000000000000000000000000000000000000000000000     
     0000000000000000000000000000000000000000000000000000000000000000000000     
     0000000000000000000000000000000000000000000000000000000000000000000000     
     0000000000000000000000000000000000000000000000000000000000000000000000     
     0000000000000000000000000000000000000000000000000000000000000000000000     
     0000000000000000000000000000000000000000000000000000000000000000000000     
     0000000000000000000000000000000000000000000000000000000000000000000000     
     0000000000000000000000000000000000000000000000000000000000000000000000     
     0000000000000
