     9598097126357844527204929633910166958531888707380198845041818993875696     
     4581914308409429450895340364182522452975696876850023713811485826355290     
     6002988047079096780153352096107736191639789712122098340887844394324841     
     4778116408810042933397608705544637544667644575935614272329807881446109     
     2463733640748742114298083471594088829021467126196378857223216591378640     
     6512649859425568498755314576550812683609760111096615826273977024948586     
     2734968195230609605716385386256014090374569724933564514579713768917203     
     4223838121003129397229888262958468283527549909389051458820588922837142     
     2296712011561524057674153086563438205820221927005143693845168856532438     
     3235478834321745110826814532025432123314185142446730216333167297913871     
     9252940808289466364333376416746146553445925873542902287462927319987193     
     7590666474168864035574964695551673329806699682948638444225511959735360     
     2239205043095780171657566690360154490465772087809742140612944218903069     
     7494564499909687646405333663221453176586264040335960269074649811804942     
     5343322062942819781342577277187654693915361940692035809485996665465433     
     3078244930115799058592361090557657998952234528589595565138427544109563     
     6284626470452852108101388161062859426796932915979376519114464860403520     
     5987470512117045883768269050470130426139824277538110569775991592264369     
     3708402800450116374088118176939546459381528629564495086629411977202081     
     6388549326574131686528988560080483033184164377047992617828806201587292     
     0248417401891545404867502568011360869424555772262850455267118807181635     
     3412857789777133787836025838497513248655507553683446296464177667660749     
     9467823346508386215174196653625360043081005092695962615417165990385759     
     8711854909537925496057282750569794187477198643124102861086452328072851     
     6833375996208990942755410780838984945500242604776720699375506464507261     
     7226175946020730568949428976396146596815317994372562227544268870045049     
     8563655875156128084784076009423116239942459416971784353893282928841514     
     7070410299561121088428978080137617556748479393065727079225607117774461     
     9952911265991011793414429713932912840776291351702109424567373893696736     
     3357315191996492865243858973508564716988971103540845726318400191347694     
     2441630731265361143532271762635680021952817971043926993603725411103058     
     7241808141775743541017866537143571442093063963807839451782632869581360     
     0068739298593216438081719375659995728703395718636506943987091923440478     
     2044860880189185196458719938280892076631471543140641209211539662868665     
     9875002330230178900837333381177064394726641150178779595347625124109886     
     9085783017833075349974154071543331177546399599894656092920498067564171     
     5277689566480572954274700630397187829431575812645804401460440308175829     
     6633710951788545766205024378339751886703379497385646387518256923880554     
     3631706012536762930294104345925034808705417677110899238350036660225389     
     6165873326711408521215158512053399341489666571764916815773313494017019     
     2902469793644658355189950685618890379817656443293740907485852594933823     
     4377774467609742641674318041507805516826417990151552490222442921198448     
     2280889698641428755691318754675942448373428356581454362501489796587023     
     9473752320793017216975657572260192360141779876889384903116925023722233     
     9150884307382726377015234286011275978533830184541422731915141848510875     
     0285575170134383635168210324026709879422280593645526690183164964151440     
     1717209024395973173725842698814151679477607892857647958025789887093373     
     8398663458443076134825096385543209376536763937109338729556815575849882     
     0615234855435316782024013905743361352187074367684628982986562696515719     
     7937493283270156797374033078490689088144150862286139073436347698891018     
     4994255722899244371948948217295056446907084908331282395617434452143909     
     7595424314585269785375758684248157292623915584060473168771673493250096     
     9714420869262380933050445569117733767355575596309570952056494161275970     
     5422420240115412804892300676202980512352697262794939282248382643972873     
     0187977531275828725509357415832084846297270671858600484883251937080980     
     7617339543599209713422889126326414103247258766117249474467839221277058     
     9505081878876363856043870336432922427008106872771925334187762179538488     
     6273639345897272640907038993794799154046048602106637087589988148043091     
     0900791213443307121128119844056708583060472976366372925839471933209031     
     7226092019304921600526450264289361049573772037985942905298291406615076     
     7160740141916431897560359317694023761635733864224369685583728488309782     
     5186007520464215330252712351674243833019533960848744302280917048564803     
     9993885722455532083360547373533953380787800153055295895250923969744767     
     2624636096717276276597382199077764659186431653135066459153416224187917     
     5837131366973440485477668167846964970157190706738920428803183774986661     
     5866510308828661596445640106914087222139857023270917994248865114357730     
     4171377015996020571811140656476096421571353584195388973435837667264294     
     4352730815313196069738526459981155175739586765613301533232065798876809     
     0282562440986110657395177508272184450364997807502055379722208603190522     
     9371499384879950833817999584477960762607658005908298354973036069589085     
     9541502219316734836176351870721107740936431433443036845768926915546198     
     0362723325772251697110881700667425172857513614968140164991507036742893     
     8675616440552245496568150727973519553944506852835126967663262278381600     
     7220665093631551661906986689504746474955929370352796302920048537633718     
     4396515851947583595508250505164992140091418977714015486294011626454781     
     9715075146006060913002485382233198321369898527393240875159716683721123     
     9783913127897013659023117926868475379500849955094620547508857736713345     
     2843868909254460183262338800243566918128717830147990349945694976551973     
     3576388020144709326298717502985300736644106132070354822927160158791922     
     7372273271054692125352150134353367794165264023169607133365987066526867     
     3508518248091846304715877975361187235445454163613129503152812641655541     
     7275163897478637102242450131357369100376444929900916143348276855588181     
     5145265095780773141240433513867858721392918643857358520753048530659152     
     6929764217369506241419848624253171785894449312612822202938420006891228     
     3991821371902596216458535110348770886406688201773700920110537706840962     
     0249246736255025030214976956891465134997927216339433652059311861528001     
     6197043111279577754262255106043085482317828682216287985969388253281610     
     5900921072915501189700524381010519702541586412010285674885442200806787     
     3490224332687439997392736111147323687078450007346153694343437070078727     
     4744011774880749964508476745588067215805271391953455559636243294451648     
     4007421738665681845519873813494274621793988879457128001591346367333496     
     2028890715279880173484174336757395055941194007983083175811593885259060     
     0845120259109661212135903353387992868593168556471959272483103160331617     
     6513756377494928621379578705226115372719099716422771420420310479391923     
     5812142996980166214691957630229805187182249165383153404363083270643481     
     3979718464632248292873408372494624661180352545831731096188589891510366     
     4952558446374946549436232013887215818288668503012053945994661467572575     
     9671313209998579291229589901565441125022023207234134149475817295303267     
     4590286300018207203490019195377925942634677148314990081610916009578346     
     6299528131875288746569035616908232798903747894317036088045311655908795     
     8982918124245684159833526782403844277000632272610937578651135261634104     
     6068252273016776406547723646255722454770566991215056472900935719939567     
     4514336331227635782102500741421759665212660294284455988416063157966723     
     4578630312785545061432153988999940621839079371028900899171803213680167     
     7747258607744296325497651913565888958352199518331782776752916455396598     
     2430515162015158079349924758970785533637730854085683173363757583868669     
     3024767490586496440700101558625089241319324013105818869547942632724047     
     5983147250479310412942685882492726883812599087342070244642970363463262     
     0565286454514323477923834126412248125284628289332697359484696469737181     
     0768101521592958586754096242331157967967276035018414981836695318419159     
     7786247665183879895047073535628617164962366829619777694895740963132207     
     8794296583927416551143151756627721953374678743232576083156624036556845     
     1389895718501396316623607501298979590323701751305545118947178529472515     
     2941918297839467442002439964827795592199517492613809676104564799775610     
     9888579081270125206102047857291839770981951680527953375166231376918238     
     0964773198001376690764169338714660650579505810815518518839689881008945     
     2974812331229751921177576221666958987758013808191846653152291824945326     
     0608097732156146858440636900959334564526333011575989520245375245086563     
     1992589305413927033248513419481447732058498936117474465367803025265402     
     5406233220728586474006281088077096089509728981372742916110241454801982     
     8173838751499843329864605900072677682779727497389975497462320037700411     
     8580923894485331649748957373135883239657090915411854493821510335925851     
     5799364941042614862888030743893836776716387229344283496808195543131068     
     2366128702244061786930228905949090358313931243760305321775925465407239     
     0362863905725284397119411895350472908246069393426988611182843131977631     
     3834076495516491282928345870831023479901929007800773578449277225708348     
     0029963953161138308791656505118321940813258563282135475884258782871767     
     2595548435475751554791405862869299732488292336594950199741674698290553     
     9807661910989788403500071149401498769173251732806324457881903499237773     
     9030832055726550554216412879491961766504390088236354649866588849480890     
     6174951949656776873607600224492394159474596279677996910439855230095951     
     7317359238890945847508195176377434235023874814139356983229988288502074     
     3983104412246404440730391427785199544777682383121475411443700430139637     
     6746668127253691293561251773630218889116234763321033812664090012520402     
     7040011153776754450207286258204755424210078381017608238793385014950589     
     8596423399137146786931046373979174018897597361673653506552683380096157     
     2576425111628458517421926295132685220680890517336965453428431897915007     
     0800923632907544140083794247838596291270830201256657554368958134076624     
     6050648620439910924406658258164837317990865759834501151948189412670365     
     7107883346440575739982810980055484307764421752816760666949675657372686     
     7733981542160298626019200233603776783755111425271699232800778799413288     
     2618909792759869558164841992766035883628405161040757918411047654988868     
     5999426243136760585698088723185939417482338401158096484425558408184557     
     4906898236437987767967937273364354202157923568587114277482139467969865     
     4848864936598082555119566278820421780248185170880195827788434166124273     
     4939463331010902420115366922298446731436100391877315274279251836023719     
     6480491404088674009792449691514302572555360146164848705698546984917828     
     6691739427403402435166003214542448883305136578104750511723909219701813     
     6997795306570375609410796938537305789261676297294745429159776465575083     
     3050564885290283169663460978209895422540861092085630262225569810529832     
     5719604584009748425267736131145954786764408260521100663572514105918998     
     3179767188820462822483152608238524496291636971287749305784184154231972     
     4671443871141658471081860654148177960042616082392534387342992559230755     
     1077025750352903551038249326720230904049584903600346026797382305263120     
     6669558129766781408232709122893423821805055273833832489876005889642695     
     0642329882021515743102841415773404593352314250862239327050837458391177     
     9707880714744702416391067989712181853617431107469775985053282576919589     
     4835994671824610418253858961869488907368661440932006562904982186572190     
     7986071739541267380092681531841980992959428609713531412214564130711834     
     7787412360718955599756985486433736869536340666610580111894787521701455     
     0257765576903106222694407330592645934563343050014479904856130427014020     
     3481675918889986170641553529902253595910586213904128974547904032248424     
     0542367284305683819612761776687636932693926152191677111648507747605063     
     8602825800375950186332769374631556256728255085873932979222715068286070     
     6184743071285706002730843612179945477293620782966246685574441018914102     
     1914430735106337728760030430891298742703872804389199239838318960096391     
     6674423721890601332975314748868325638794394273137982401458283521571643     
     1184160976747130805353210806384504448720625683774374804117291897408645     
     2416226611682005452091506718088234858074687004860354613506584508618310     
     3319772097844433815244995497684079204708261608606070426655010519715458     
     8418386862549966136576210079092403432062132563547921601635477071806863     
     5993010910717818139774026768923577878160790994629632920691051082038298     
     8850129325642262458389562909997722677279715734198386745953611853855926     
     0579181913858587439575372322550431238155026076935061691808772021763992     
     2291080020624603455073948433703309254904029717209962130245657057209986     
     0654317853300876723087479318316070957048602171718606920240817792056696     
     4885319283156736385675036764303941147608429052408086509308914383102563     
     1856805277996186866652593127974623820454179528622858488572543862251449     
     1670117000828446797262938969664557070142799354749335775082037408520445     
     0048753435568984255016956766979856424546026999049630865917125677081738     
     5758222517086246707174066279758113425242361005301308751540830051552032     
     3734960117191282609161218423957478571951102268932555098111847506763082     
     1756088663498853389939473349013448567068196951874925441929046968803205     
     6080888901906934081386373242037616770445678525395768694965030359365714     
     8649595521638090021085680619037808122430251018045436529971773453570286     
     3007144063220088142141900458271657102455495525014196057920123290932591     
     9749613649322094075525930217223032982732406746657499747088984575200728     
     2804328429360748121863822951650011817158645770108676025155739435465069     
     2683355464810511757392340899850994584876858766378946537231739054271827     
     9225380415673012584161848226241015575579355062278841946120824836781517     
     8603275843934147094636871479832982167979684785232144124038327472052524     
     3339563163944715886702595768448266180180885533063079639738133964316303     
     4002170211024278467883594185673372960376089597585596085964013514324432     
     9822240815808743548123230160669805963345036716678350584846941568474573     
     3174108500433897970960622472164470994453029188516681051360436431772673     
     1846662929706154480670674221866392678595857185207981814795097913105950     
     0072315365313454781049545406861071349905618183692888038306540931077818     
     7754831163016038475070864720089900113769402713922158680109349818087085     
     9113397090367383927223488573436528230190924995057492543075112441174403     
     7813883574948773241830825953720580819949242450476532661951485177704702     
     9185629110896729348976855679947933452260436187044881111012898117839977     
     0487247530430216793633395078962784251563399337670105440998452274266566     
     0150428025356032613087200037479490170983716854598232569920405756752073     
     2411971053333255136323894088353408491541633046571025522846682966075126     
     3056707263648650359526588516339508866153649062300029732463510446611843     
     7522487834012338643068408741816901492549277423533995700745157746225415     
     1700135922247040802058410386206768825731634958503049810066059736583179     
     3844414550463567430531011308625907157929725543378412224675057744612908     
     6095597990798819167912464423394703847699138661594142869226059937041021     
     3968213311968032689927976355564264221323636890619700907993721062181982     
     3380482636336964233873113683226305210103167164661585162076669696440100     
     0707541463588369844407225075837754044621132088207562132088029557910506     
     3499751505056122682073352670855435087094606703099194873135678551747515     
     6896675408275978304488596945695051340675216409964264245404048671206368     
     5341164697974989082943156736309612300502299388484493735095716596796310     
     8650812889787302084029913116245872659882518999188794232608870531031169     
     0435779103378688229872957822116524774190989071879678149734618252694026     
     5407486968939336216040898299832060106902240760810151387738659252510293     
     9891572791772354878240053402299059771672098189041280873239030652991888     
     2738827630302966032914407558329762085844437120373566736553650656570216     
     7031017002159956322354109984827357906110615845292502558887914653815355     
     3439015973995947116501261590910857194605554975799894248809673438361136     
     9467018794581822222569784144082941470330710654662894498506480574818785     
     3152307294843261666904489974604209285750724778773516623213088204529600     
     5611520000000000000000000000000000000000000000000000000000000000000000     
     0000000000000000000000000000000000000000000000000000000000000000000000     
     0000000000000000000000000000000000000000000000000000000000000000000000     
     0000000000000000000000000000000000000000000000000000000000000000000000     
     0000000000000000000000000000000000000000000000000000000000000000000000     
     0000000000000000000000000000000000000000000000000000000000000000000000     
     0000000000000000000000000000000000000000000000000000000000000000000000     
     0000000000000000000000000000000000000000000000000000000000000000000000     
     0000000000000000000000000000000000000000000000000000000000000000000000     
     0000000000000000000000000000000000000000000000000000000000000000000000     
     0000000000000000000000000000000000000000000000000000000000000000000000     
     0000000000000000000000000000000000000000000000000000000000000000000000     
     0000000000000000000000000000000000000000000000000000000000000000000000     
     0000000000000000000000000000000000000000000000000000000000000000000000     
     0000000000000000000000000000000000000000000000000000000000000000000000     
     0000000000000000000000000000000000000000000000000000000000000000000000     
     0000000000000000000000000000000000000000000000000000000000000000000000     
     0000000000000000000000000000000000000000000000000000000000000000000000     
     00000000000000000000000000000000000000
