     4847200091642442873533637618857160942083644799851600227009591157796742     
     7539845555455947582375221263469180232884315503855171988583007701270022     
     2312300415478719782642362043844366344371544116880856742526498833817587     
     1871793396254072866631687257535588511544791335791443825025401653269141     
     2759125517669659410118233458151846579011493155423154491257864777783737     
     6475436397692972203609566373978567837323599598397427700744169462181557     
     5381684160182235563948900896216108491914718183361007922475120851097377     
     1228406478063476225551525580522651807541855676357646967749816285004782     
     8058083963960606111292225539236953705506450464382160233853963611308772     
     7374323673685988454072819272510164225282751185895643670298183404972617     
     7019044725670661047434091309889157016536862044462964990913568743897055     
     6906819653597804599413698491329646026124234206126903333370222227577550     
     2578639461304172113463297942056004701628594510727695320329138935324427     
     5778105041866403916443288023156402432540330277452503197243273199106007     
     4038867890719276351581240058507956340449563572063755415041871023420080     
     2947493807376545284238463532943090863563290124432106119693391206338595     
     7660278788159825756244106855523398003518284185803581381924851952719400     
     9070750793501100429076481923277784564597857130379862971634930862330600     
     7049636541685156921350799195946046231055438259102707778684028609203290     
     7190662244781207825488446978659447770258520166745860810313941663669803     
     6265582981190174944138475909228957622302270720594818877238716719459721     
     1550287528323256378953838964016073297438305080274885960187228840108199     
     8281119605833115954089523636522647749345401199231297156710164315623767     
     0433543778621285958792119603676237225938412491464254651740778422734473     
     3490559470101375098855900916413868464110356154870176829380258583687906     
     3618575365735088202863200123458818816666391740024366087618881159885574     
     1573410264610843300777689617280460617247055553693893910674300460755672     
     7952318783436796271076654057906990516051365970999915148586358567264131     
     4648889078328651554646182250915025138667175267895126065052875680594964     
     4254157696811262428432487436112000589806778174027705222370538102138092     
     6710352330003795097325476420127184494322908012499908885826188180230266     
     3735702770867213404619828445486953354101585526539552779103525275389127     
     0042482689698321047562962185148694274003913712272374228374586251293912     
     3368783302560349642831680857899172352533499015585580269002199049053587     
     4642863017166416307898018427785848168803270538243660520890049999650786     
     1842590339242035835885592443157503702272636488403403720514564885780938     
     5117085428596542424716306048060914856931797011082511832899180976194813     
     8136888754253533368264729915701471214198613173328935321957923531424816     
     4753828797871324823241450476810492280845287479340223902345728192738345     
     4677362813239582154492187895711150324785869505627164116274210049829230     
     5915890138782174025294010853670209062296860445235813135574424194694356     
     9572952368919777398959810087143637823662180796494491018693449311509366     
     6994700628966512097923492292601144183206873426529606029014998661893535     
     9010831866350954972167406560782420599004522452687345251349755546959042     
     7875915548953676433075946195052038897618426829014910558784074195754830     
     6299838874864462665276541605293161015630907540544446945378814850138546     
     8150132952146007663133358895686929780030862451062345738025180892374542     
     2954422617613105893320796996893493892250840719467117145907042282340799     
     8504659503891366633784313646455666213353846075605193791026373889766474     
     5208768491844026168548654569849233179458660547254002015188406769368858     
     7951419922437622654161256228551193544342464822060655615671173092858169     
     1754406650338922444389524785511378890236163767662948482877002997629058     
     0520876112816828112871370796954166694349687945682095662087149360802459     
     9436175467608555743359652898858453728014689812145165802385308164369161     
     0565634317185727305780124285023624269990801742126459731589568157982972     
     9444494636088580446220676971500113670219686365471011466767960957228269     
     2084554482345752645741606973389535506255359231895273782218999468831292     
     2872039365500578532671615731180677575822588655970019496942167381303327     
     6037217794771466983391513740241955754012174438603240529635471048253016     
     2641763043867165516642723940919216623473292251307461427151209307886304     
     0241147019700072207055408647327153087579030488509763331979469206456000     
     5752349976965980607035101095586497003642403355644034736657568230649582     
     7508398805765688459279956036431543615606893229190334723473151961263911     
     7876395577255208713047944823690278852716715261957259230595210953973434     
     9569393267398728565720637310279985807054458711011173210921870204663407     
     7675932582565183772897473999483038584849247665859519254367798165801943     
     9558996086476681235049543860121082350684236944705722674475437186943278     
     7114525959245787120062415536246638577833890268920200354194261025137763     
     9097284053447387747773299576249865624769855323065057472730960367017332     
     3968736091367187273957990410218429676098084625538086846247069206907261     
     0411405071179812343012994600967343958000960687972857480968899473654801     
     1731106227838852586583511657918391460244931994420537624364088522598419     
     0420068712456163728072320944530402290724826980199372768167387919671888     
     2972701658530852709356305081650780333751275868154661800797207467143264     
     5296430783874164523401880723556152003787283529083865678981329371215448     
     1415888067560652629841036171347360420513092471596677686247332689034921     
     0731398315919165198032646427418676026680997940986066436087432531752072     
     4516549699460938839637325703311786246517157916383887879747141090165213     
     4243393656823172190603585150423934978557248461888702480211815067325018     
     9603955842072648667058124544220396133749005600245819976192911765684225     
     1157112141937330995116478537385072735024335319973777321103782708609372     
     0349618570688825973686965259263184526034463126793819298923744626327731     
     5263371476086705072340070714259893001817040263548025902764698521358966     
     6687538644895802776781211817407681884734822874082861419680002805908861     
     0151862247479375521776409972470809776458383339689750118991965100579659     
     8944575978597461842897988771550040490994669176060965783023268226567368     
     5278085032680972493009121412244445137237016162084068267339971965484567     
     9265183440966451197841098375880749230410070790184768174026149229236895     
     3918588578669379368941511914119360346982125641524683840265067960824992     
     6046529962819667803948001305203509830674503814337736872750530463676665     
     0359369416388803443133124492668889719928731074052708012558321286912768     
     3954030837896838286126722962704434923571086585397872576339711574940220     
     8662032308911247453678951141248760507705681583642792523180926494631561     
     5667338695460184188828650227881971451320115384634827445536973788226021     
     6740696606327814072549427085540774965880064717196411187503365339121168     
     8539149051722281459104504330218498288918286695973859071293871114237454     
     2392199148210115704863730581194447741931057320392298677792693139484677     
     4225895900866704866855678579116247152070445627031166219712743686241508     
     9915744203806489814299201650836680811869199538856363702280703805228502     
     1561505241877788899369006324218849686573459584166496492527508874158517     
     5031715992486188146660202161327766490819651624300076536962643090771187     
     6530572119708806205346959358685339079984764030308063652033724997073697     
     4724151776858743175514032533705885928049399217849733175327657937071195     
     2081707490173210208263315766641699755722653706064683807111604964498883     
     5881893176521476834259818760832412913871847978905302591581665695888859     
     8858450937747163221312077121216532406524410219352031869558284895805532     
     7138219673984977426407837977800765304265679875631614802515861942535791     
     8952811127456222484073237598274923508948864435378817505306200753310555     
     3365191883227195731902668565957112759027970406611741220781904086236473     
     3444159456626471881319006076882295377858076521120362826127205660491070     
     0832118907844620752324533518750816133234319608995521689268826211043960     
     4983801788081871052315943011802038107838828719358821398240817521908231     
     5729705694013546713003549470905638896695697354056550111392965142117517     
     5735987942891569789362509843280085006232030081435395748138523771361349     
     0196929324013343635584903303425639516650004796571377780455141189729258     
     5529153629965522900773148932896254257109072277223591989641091416284838     
     9947182011270492758244429857245544529775488752725546493032447827927281     
     6728831570618054331454142345095344845780127942175431380262364392904332     
     1039543485622991017294755866527255025806347002710780250844206441933576     
     6932061961833019874414008136243128594212588653107460087110241065523756     
     6050990282773057083810335386786398088466139781792005143691726799494155     
     7398018829447681179365195092795175480360486665451216387524366693967100     
     8362519913675794048267684598628465455271222638031074990553915383253802     
     3556867028712852274780331840499447052646272782111228641522335576685657     
     1526062626647390676901116634183094116322280699268923639569506345675175     
     0114075413300226347910198138249452404303707039132821158353338829125559     
     6409650446288762077772036116095237855868843191711020016203350057366932     
     4684306882758869557568724756004763377536576169067964700536709877087440     
     9700658008140164096824333226567354723350093051455753465396769342937467     
     1618934618737010782614697955077402632795255178463541752835478993056831     
     5433951703143961521159354869443222104997983215649360525037201073126529     
     7659238743609227978969980303889910042491500420929075559701253236497103     
     8795109558457920028084103575253201927120580078278136948176749473838261     
     2786215393670342955309170977045019581461684487467737425299486281401504     
     3232236446298280238632854844818935230038430500452588859468961630445432     
     7871624449043934331880981417699618536153968508567906098169661934881698     
     0275894650346942782057948707598151884925248361032447151687257699211719     
     3421793499362616697594971575198888271256784934162347707051140457891143     
     2502075307345503118567480559194788193539649271353648636210070985574917     
     2068318502215967992479667464995506350906691082263947482418210108464649     
     2650803439383342151999941973523436271512465476801883428050608748694743     
     8135882179589762599328993210104981476253210773419436064533700682536119     
     6840851209991189349916789484896074443687206100188369796253679941990365     
     1147841392011417614470669511951745618940973849098495994264001410094498     
     7349434219137750814879115243875559422145822689339493809333159080381613     
     9543225280511941438518738708232909080804819603109507914031895476470038     
     2188587669859674635374044725978702182607577035166714228921114274669750     
     0845814224285646761951983900587468388052874755942249822837991765175445     
     6868513266132700039244940984431316801535054830187865764861727124983789     
     7950973295451464282766980166013209340652053043766571597390156138570069     
     5564364607455627856635406846730784701345190257623185066642544221500777     
     1773581908054312065835589943450548136832498179405606487434741705819106     
     4913934283897466803921609865075425024190611080213528152746726511343055     
     9558587874828467570373334112154002409494625321766008625203254680390304     
     8473684116062849634658336758784593504596320652578564202600015993539253     
     1019095912074858949462969312301668440958777402237620594957711091185681     
     0231728756663012243077413890298817102944198904582594028852067433582806     
     8879956835242502873651990756760322960357136346369573918411422023689430     
     0213464564409259376782401126943457343970378252935875333311626941119504     
     8018071552171978243336215526744863214570508895839679839921488152707434     
     8021865680644668252460369223416267031705029056144893300772428803084745     
     8677486302765743585223231874767547038374724540481543398540423280516190     
     8884517286178267502978208758714705549874156695792741602158142422656239     
     9467023434039537608748068612650063100288063647289520021836287817039242     
     9825848996629636237625974632850236012362028684084574626674416930444833     
     3314488623241235185591025577753884227020505735147177464424772635930680     
     5507797376371346087775081658247424541893905061505420340319797983116717     
     1077517809548523809153771647799531263774662020869036574398310520190780     
     2251118431140401246586167197368512797068498131623495050562111839013831     
     8678628636886687640921824479184763522142356560839283185165363084685277     
     6952197503614988010023071783368442479008480918223880098399786363393164     
     6417125005505049465077919755885944750202226876532349328202174139273299     
     9418263656776083414847225090159476423684085021166428441683963917080166     
     4479886333688201408784105771856648535208710556443627643448466319128059     
     2774460818040065128538098509513305615400916302265377870222512711596743     
     4666378465081375345010624704600710410078657962982472316660136148222388     
     9137704118782756456764802387783941560667559904471329581431010920296338     
     8272248303316867443388204818665839034962162853256847475448440451929492     
     5765693583390986986608505191767446590561482010870321198453156399304376     
     3168146542528125593536366451302154823903651838310425985809172996127448     
     7037242661397670268121411049284356339614511625546569057874839825869620     
     4603292071948741933237911916273636188762173386958220834109601149019669     
     1642398322999848951401969448392550984900260910057985054941082902488313     
     9834235369844133236076486291886288336331302124464452154576827990040508     
     0022064659005208549976579068854826756975452942117324930114740109505522     
     3492186734078213238113735734144031059308683623244676283952999158371924     
     5125130523762119907088521500603308453232610490626742789475782384832856     
     5229703548250147976761564924055651563209170582774194672651198271774062     
     5174133383054624182900566432349769577262225605748168985822890063415926     
     1688018936692700167743276213269537925237935916863587010918575383218541     
     5854860076674684473936395244289585984693670966017524541436395102449769     
     4026983814176150159708621594471370761504597784691345184672698706711576     
     4258438091730205677548452521308946183753112558429812766285503046931224     
     6114263638220008673058717749944751397061347718553523727196838509604304     
     8693428782458868734591495469715723267012167585970368195361465487056900     
     0058567335481138344878053451455828410714141067228672464504545199867494     
     7275348589509003836041234823813438597947708086246061554305039938733754     
     1414970682796625457984445669254778698026849221052719062509502156941368     
     0676266300758566505999110132507249481033661188584954516111583189142386     
     1067354851335439250153780452230303430879026444941246059461484372789942     
     7506866636618343335829186003949729947316193488675914969660986864573795     
     2496157086072176328529475253316585174489782841277093362854882545686214     
     2030654731775380889395232371363819023273039716674098548722437269078201     
     5400121349199554678262766031868585760787074416754860902837754927949647     
     9545589577502467559222977854658452423579292359689678572159051322799518     
     2933667633663176111178050396213009760588314757750544595787985530190409     
     0887666178307231826553318285325600028161022875439463402028499946050044     
     1209113720955704477061671506481399678547430063078545902805937409725843     
     3734248812009197735411598468267699312601424655902298882556310708413611     
     4083032701070301498736545711121192398308919552590134939699455335756965     
     3211614647026311265503249296384879466807386773810541469796380817746865     
     2146119902205562876592105869849858870489986627244956640707629753133006     
     2023157765281685915736510422945168594557175166634243141356084156160975     
     5292156940193706579365219283340829670902809628056611086479074211848601     
     8669981402796362735810699469457348949029911570938349782125672524609368     
     8087648450368715516610678622618631398119678820796558512531826897074480     
     4662440951569138727975430480702793461231222436922619396222753822801477     
     6440738406027925282208219316275518622838115843513526014127369955364520     
     7395613445753258678757569443964119015334891317909160142927433701640874     
     8027020651219516421792836783054870353602600159728776629663740029575068     
     3231904647866236922810704311093119000110762982620954125859826154527277     
     6100035610551278247112000115119234827618798095302021449486477136232437     
     6363015245521216907370528920002861069244029244681825268261789223877924     
     4879316758550308501464570468577249314170573447532003197628332671585485     
     4589762540733310217146751908324827342616861799515212802604677718932331     
     6946909029112460779723107888652865803377212083592502872442286970721926     
     8938852067359468203759204863479903077755762465025053805439187635566101     
     1461555436748768100698603076710949684628261836000626832246093542988478     
     4075041319417344561736730025040200003745872847225125973150415607968040     
     9617417818627946301147341144236239163552257872246542003346227345594204     
     3511591227135781600156462069297556127547655514766613462971173909118063     
     7419332187401038341062325604792527988515182553916363976432757531538917     
     4765139668777966705193790447014896438379851585656402125775573158485767     
     6422720697353202571015589451615154303076709780390491115518122882891819     
     1274271818691435778003849785035988897541454579768664078862391345158127     
     4590166132000530312028796598358232594961687300727649714332982792176790     
     7042057009625913747043600843108450070873441898069551419322711061151869     
     6582692881867205831580561644343690342742682571911313942573689923706651     
     9291893917148724196040515556858530384592299588867840578101638795987980     
     0385037810268736598646252425859264736905235176533417769087639452836361     
     6102297843109068444646240896718266699082302597964314193285646493846951     
     3871103113012087797909146475788498100709940372387038128204200683794400     
     8147803509731921531575045893387469405670143587141623785117866998997690     
     1997803675520528173956473979089795927469758402211302848917733077432395     
     4566772033338742140219924465286522154886665837964493694281799281841434     
     1183040053246095922485351205636378947359693251881958976373901243308596     
     1873285303797608370142445014046375003418928876707348291801158888896852     
     4240748206739440758196403922545136936115979083895249159714209749771609     
     2935781222303493929977080064090304728352049179149050245221907683573185     
     8227319399596989590438796889102735681965771820589204442820717449548414     
     3962787267572746332407574040130481926667009169044102167315271311198388     
     1406854640186128185023741575744948832250410149634534601931625803384935     
     6957995342990120885617385227881064223723874982110410402615422746666869     
     2474740622447778555128393489356374824406972710166592404914607112756122     
     5432876002935083660222616563969810369439486576759788589532904216227090     
     0380537549816288567474933148118520135672555145201125790483945965470483     
     8571690627447111343852718117935677924062953056740474566536305252156399     
     0188762592022257036840969262824148950313299337742021720163819126513131     
     0846269190928353030913171838998425564120194064258056976316577504283258     
     4033344511620072194181431420179066684033755608394276938069645428695962     
     2612193233239078035620157121925533222741075633385702682698213867392939     
     4348340449537391284590069485004947281470939898941029912702214311959645     
     4242416531982844418847555018173959483752929726810993969740950387391361     
     2036974197367419653663280332800000000000000000000000000000000000000000     
     0000000000000000000000000000000000000000000000000000000000000000000000     
     0000000000000000000000000000000000000000000000000000000000000000000000     
     0000000000000000000000000000000000000000000000000000000000000000000000     
     0000000000000000000000000000000000000000000000000000000000000000000000     
     0000000000000000000000000000000000000000000000000000000000000000000000     
     0000000000000000000000000000000000000000000000000000000000000000000000     
     0000000000000000000000000000000000000000000000000000000000000000000000     
     0000000000000000000000000000000000000000000000000000000000000000000000     
     0000000000000000000000000000000000000000000000000000000000000000000000     
     0000000000000000000000000000000000000000000000000000000000000000000000     
     0000000000000000000000000000000000000000000000000000000000000000000000     
     0000000000000000000000000000000000000000000000000000000000000000000000     
     0000000000000000000000000000000000000000000000000000000000000000000000     
     0000000000000000000000000000000000000000000000000000000000000000000000     
     0000000000000000000000000000000000000000000000000000000000000000000000     
     0000000000000000000000000000000000000000000000000000000000000000000000     
     0000000000000000000000000000000000000000000000000000000000000000000000     
     0000000000000000000000000000000000000000000000000000000000000000000000     
     0000000000000000000000000000000000000000000000000000000000000000000000     
     0000000000000000000000000000000000000000000000000000000000000000000000     
     0000000000000000000000000000000000000000000000
