     3189411296319280995377771479432232049731261639344577980779950976005025     
     3307068467174515399223503546940315766315086806915801573434856403207329     
     6880258377065542690540773423609018769939086100225882954680551839193488     
     0450929515183458857572636313047131334812970075166652156968175287821892     
     9296366198310857961480558651863596013200318319517023332457421442965883     
     1357423179876433081158764891925617275890024419314097426767467570225725     
     2723179194226360665605386085176473762429866073674026927460901910904454     
     7936039295450006904499582287045165733211622030137091347513291350707491     
     2779492319114874897485887114287231559305498859078951130952476907094057     
     6047055637595965134650005239792022333670794544986385601507607166155095     
     6427869438162519051069208044603753110010595285564818636847236595011786     
     1601342404512087658580979569896577843007639355193381184177810927692254     
     4115245704195049187162428823098609735436658112521340534660725766364890     
     0162582578169511428882902726028800072397633457689294404303025787436619     
     5903841930419511221270059519350756809483330765886567057967329405730361     
     1267918061399680499965314300437472593989534436130537400416071176175532     
     2702224333118346926942101633874677090428988837050341940931394452061004     
     8982039861752737473409084092093650552195763497120425777403149050599705     
     2640822404721099192802993856413154086798627685455300779017361355561342     
     1033807799509069600184254548341389172349347987112472158125890692918057     
     5760577605071442680270014929674228579198639164938773312672093766987379     
     1194339469448823323377695164356656251213205940541126012206583430835471     
     0573050561362316317823962828865351076898715376518579967458202341098213     
     3324836969197244539842690774127743591101915014183753939491628827667456     
     6379913635046895665004187341517028603167093381489646743383868996396324     
     7639649440020354075292092354488640377580637726176415729940011261327543     
     3736792370438588905311590535220619485853323922361696889048013519140703     
     3640733434354551718157317922263643200462753276885886347609841051568875     
     0890859770547679114019318569662343487993323888830598467977042429581004     
     6797164893343292346760310890391356661866161170397874433646548029034291     
     1737119956205908679029779922381235639472731160206749198077384272863643     
     0284658542919776038945098787398320153082947655753175641604864331488651     
     7990935243236917375069236768947039655121777712869985463786079789674403     
     4171447363040974354293136523090838887808078148770266284663436592885085     
     6706348626206277542355412704711854961764942045074445327665526997527519     
     4814359954999166791428323091736898914538855153064225143644453734687979     
     2038609126789209005438416722191108135856017478676986257509219345837639     
     6664310946539751164250613942978475710995315561556560049208152313640933     
     1672655985387687143769593779211063061802271768026104130079354191540194     
     7530107777659840175155456887392301163644831172202751055581175222090544     
     3668978658132196655461123705460270495714113404997682293183275466313316     
     5266574299013103358058071391585332408639370412093557243644213643537272     
     2177900279977594750257571411943077478784474368299489999307826761994601     
     3262011626303796121517378696476470902915672628896993983776831376967602     
     8749972791252370646146734192494459532340644144998191154095658183859187     
     1668511549294867030509442223021450422802617746857931974285859920387547     
     1101380515449469308113578282078011416372212326375227995116332918292346     
     2608257816751209517499483277379546544567973876769004627624186217406189     
     3979757139954473980561678720361505349328886554632160027858981710056024     
     1919180913175015226190336201115615052713261487570547451335534625032631     
     3616172509893582575181035387486482579625017448973959338384149630611125     
     4151837173730921227713145227710290006484764438924098156384560175715925     
     6767578696356503144838971387205024585261139819524981084734229917924824     
     5534395807093517391956299943976495126739583769795819428506641360338928     
     6313100590941816380709778759115598923825246444508979091861079855493313     
     6732273449057874395155367789347143611922567201514176502724268534111590     
     5072057626236409791143991370528864563634210323962319736479946516284625     
     2145533959390328032368873381957216010553570220081115756167938809239764     
     8305420667654711385453205742018219657626878499188325661392094935152652     
     3307072667613965774891246995476265490945352985878817627642887167062820     
     2720487287895114016170634157108004919006752662313665483722145775031415     
     2779676404885048626896406046372273488279861400584068544945662681817755     
     1328329972899679067968883651355729321007321041908380788592388541693094     
     4095708697577068443092913232510510446966432141572981747198309821820214     
     3640630739132427335353586685753731643938580914632723902446309603533321     
     4727498379551089659717722134872762493246772941188980836026742126924525     
     6643467136888404798498242336667075556804796742293694407547713087019258     
     0349806990067288544799828346916034133749953105106774975038152099801241     
     5068837591241241940231887855216679640687108523017444080406560264312470     
     4577810044447280515419105106220505134435230687719821450071903622574405     
     5204590054245877110506956892269666559622028791608586966803469386455439     
     3201161325736547683165487355763546608043064220327938954671580682445836     
     7800206433886797225067900648790794590823085242389322897363706478261153     
     4670713333073276504994914450331437909118400111248970587842634426775550     
     9940050926958610625080267280100021203392054598992095559652371551863405     
     6785870875221787707689237141288966412044691027616376848898430494171357     
     8337158842335362255766889470956151759842576285415591586630615199909610     
     4243863833740962874725220182553655735132451864273477885998101413987781     
     4756524406895926594015916598090901608601304207493353718694009036607688     
     0546838591759283894920522192155434667426660404136200776581491189630375     
     9863777281003323638588527324379392720547651358770729562037589513649424     
     0199369165046513348020740891191375943467865557591979347494862049157335     
     1129252390437083889707510787301335250942858433194365472708397220756645     
     2212156035700647360359095208338337205225462798429984286574542329087612     
     5018659687068967018247802306298819524841636431408282006993971166045572     
     2194303088147949400353265684459435081739251559667421636278145183322659     
     8446562165349334811073183529419569441993466019606510561213798018488894     
     6293170418584306248837395326072240293504101666560758164207292114216039     
     8480046073265723558925008517695841486863478162498804088873281394319232     
     3451414541091506709168767157564409945750870512327241143604823847653256     
     6897711422118799585889684656275997986553277065848256386057914651669146     
     8861922254687650565503476786099113678706156802718423481619584530911915     
     1738645932554646105253698214719238618903326564640570905718742551282631     
     6417972263177443797205536342589991641568204776631327139511862954372811     
     5017990739608251712232333995829347952841409173286220434984204917811256     
     1605415410803704769561120000609488158397581238644995380233726263693694     
     4638926892154953954121826479104974002775344249824492955028501407773794     
     9793593241385312714013622062641116655356293702670218406302162214750280     
     7438413707464668095636576159354805324878814720867490374790676704652986     
     1544508637695678796516396539706600437798039914855914953385687190085488     
     3405188194199163216858799079401501272309949052695121975592433674934121     
     1769613696822697419770054200493759549330314572975594772175807020688089     
     5914925115747703855255877781323613661762617772070678808540773571206375     
     1286487216527522098657907157996738579905024813635606759040039363008779     
     8344319649925438515334909815941159409239705166712641186091635510432955     
     5024854270707997015385271220305516440218877206114504798152827095558100     
     1306595486390550881747457769227912110284169125741928542399685542804475     
     2249645532056715012564171589489319816724411674705741918319420435468269     
     8022418943871626996291532417484875590299511365855749299555905070458418     
     9157486233571309649036767053657698366800624892312042668965413166162184     
     9323490751189448074504931291518197836167441254817056619079583689489896     
     2637386517858128843015198434838844877176928081669617422516186166966851     
     0564871833330035700004590061506214008463547677074493611433162361704871     
     7606301176339962266265322599309337849286678803498220566420528556205244     
     7960185765987877501709851225351454750330432901151670770636477501827632     
     6985610974840834037719090061765519801099450982594338050997333165560433     
     0657723260953064504754031398290161889365897045590088418247661338625929     
     0881610451380856919999130856504244129547823476389974242173031636977445     
     4662699197815697848787424987910701696589273507429910425419148575647056     
     6139381350983373462030588637913736334935141728531384948585074268657102     
     1690080880153529316055679690157554195279148585734464116548424560688752     
     3495963643112332586608599994993502565291247760954314583626868393902009     
     1108145629722913038316220052048546348764260148305638929904198695292846     
     0913095895023706570380152194594980278268245785545779256163996602290679     
     1816446466857792290647737091617878201696656623685248571838591438514320     
     2231977038856040231491837668623984403776103645524727408557928495301388     
     7776033950301867516286369659219980684649188517365555709893504352773440     
     1785340298731318236267756993788817877404470116263704830289713472283279     
     0847138175505129427289602043334224649817785029965197653846337617548061     
     3402886050218525226035987644176183623835424522795921602141224966965898     
     4969579026695148478450501534973519811327337310811362517339807964565596     
     3626031066471448079120593212917771101998821235125947417180354281621872     
     7800244528588020812272699010257958346129447498685482864287544820057768     
     5239789759100104460450143561477560040833246974329377550308014374531379     
     8049675128502666005110425462901559443252270295048097317507114056895665     
     6555391277979820696365433700612476736315472968188982370824983434882211     
     7085914440117300445197981816053910673176409222990988640022345327248276     
     9956468167409438974398206155775529092052432140928636883063568053415965     
     9902311892178597112895923993332782580351113275281908786496828149857197     
     9788829321311358216778175973012334731187999800239958160090326298896922     
     5643882953926731616075340023195036283641423459340322395867489579100035     
     3756512536273624575381148874747119601416511599969746618747685819946391     
     0466119522886897734129597375675809312723636231892184624286978566150684     
     3921848647204286061383977296302364885754778251759657386995170697771040     
     8731414058524411567721937741971992580468582729392982437380477436137392     
     9026952514657771033108594179987130181974608751582427775902798132522398     
     4719486657505585110750073201939562093419798425149988431303243954913044     
     7493148524214903579223107943963492915623016141173804700097571563677114     
     6809505780905545131225684939148515637930504641627800814215551306722661     
     1154025859873423880533947025554837188559050433155286725634981573639758     
     3240558296600018389365983045148762005800618162479830760932216678712048     
     0093344323157880047841180159640671564533459979504658154465031487290880     
     3702737445922919385388223037440000000000000000000000000000000000000000     
     0000000000000000000000000000000000000000000000000000000000000000000000     
     0000000000000000000000000000000000000000000000000000000000000000000000     
     0000000000000000000000000000000000000000000000000000000000000000000000     
     0000000000000000000000000000000000000000000000000000000000000000000000     
     0000000000000000000000000000000000000000000000000000000000000000000000     
     0000000000000000000000000000000000000000000000000000000000000000000000     
     0000000000000000000000000000000000000000000000000000000000000000000000     
     0000000000000000000000000000000000000000000000000000000000000000000000     
     0000000000000000000000000000000000000000000000000000000000000000000000     
     0000000000000000000000000000000000000000000000000000000000000000000000     
     0000000000000000000000000000000000000000000000000000000000000000000000     
     0000000000000000000000000000000000000000000000000000000000000000000000     
     00000000000000000000000000000000000000000
