     1317672119741082770668146022974553302578490932710263508603024130287626     
     5569359948041231058637151583920042644176960221555480005896555851801119     
     1039097579336374623429098743772971207975510703849896426324025793999909     
     9662798924026376423713059097349779014401504658745292852148914453653272     
     7426579838888925162605928902474992144343356751708858438840782389049846     
     4756590422671396948474677918611225445440254315266364856763062410019194     
     7285051354910289148497838154317530180554785869392812808243117475389473     
     5254885909407402798085621547284206364024103330917209852674887050080824     
     8023843228784893605925080567322133421326368175637713763921282942944595     
     6077964821154762490265866606497175377692018239282536378622779798041248     
     5220523094394859989200889783197165743534900268744990223984674733131511     
     4782567809682363817163886029971307297535290481151934542724781335918116     
     8911201773694682950514314579057030694973788877767846291755886199272170     
     6293379582709272356043649892682190707156121879770465163954854770910246     
     7544193551485403655980480819815096774760139060970143862559156558371558     
     6319873151560380790668614954036429370102513942615074366199631541138036     
     8060357709275384260693343843253762969847054613920486971165811871012250     
     6518040700467711640901290427359179854466694266431116338480744945822740     
     7560519740929941832582716173421745157206354432155084581646367953023086     
     7056030299253635441373442207497046090169988906373643939247109215984316     
     4506802472878622400475956563580725501321631385039779314773141663269489     
     1133867014588026618222015964833290877287714656748683614855354016660576     
     5977257593671754882870064314365794442974418732854111731381315055605252     
     7220715640406356279751157948767911468845169768028476328079389099730173     
     5129199569371292588678066151844084795736003846992716455702999869764216     
     8480376450322126894429950701631307238397964205984057854514437071817756     
     1570367860947400118413731149953094931180037492136129243115358038536742     
     1060356038294171498251140089014608020813614894802160842613539794606941     
     2118950049372279918817713524805738428129275308942642243579844409189444     
     5316655917181236497796594734868837096630206748307542917961757010501241     
     4404666000100252714135067773764666684189267283576040184335036631637555     
     7669329060097621652759583811759640013302273369685767136202150432879494     
     8371265957519898614501135829428104134925890111148953035234456708533374     
     6696428210428851692793623569161616615374064611814293488114059742194387     
     5830399950604873350321274962818962404288479946719363978949056856335059     
     1224885007956309277106039834928408421076343967273349459681252150493697     
     0356888621738576385988372721724325926268311642577382937342694104255230     
     3985698688257509067630473345378363206766086349953493358313830383796679     
     6890976029841069706463736909030556650233649730083710226527683112243226     
     2799907499302156927067004889463591906922360758571564763525703167400521     
     2737983787702152047897721410814137112279418882738424880901303292733285     
     4237372309780550300510535122412045789357539815915612348152868280503898     
     1772114040250116900164766060703827380610661702912000932924578032190334     
     0482010710225952048165310985134700721860510827595823826173519458754129     
     3333808324365985576144203721595770159397319741336399904560370810156825     
     2141766590869625988071782786123867191213808822186925938804296717264470     
     2060156368045034404690534964226778617162068155854943288481176557113806     
     5897778789014973936368546730654294401236621537006115124992640302095007     
     6078037247853999121507194197153711584648000971709044593451383801804467     
     3907960044343664971521989120056076064347565844469676609734222390082935     
     9417361352286152723426725022443087976385092155110254088584846243763678     
     6282326535418046620526384313066509992414148858789464539751685726981961     
     2078244956616201979367632592402706379929620913476571542330914397619810     
     5736126009808365193571834552002697059248151124448787704126137167183925     
     2531252221362850038930655161021692083936918950524922685827681219296332     
     3092013875089780109452134091311580722616627131540749486673532786995845     
     5678191374317850326396236603221673508468215353613419522403239258491250     
     4810168432287598338106447661814779187089101737318172409505083681444328     
     5198227608789685537977004057715688125438394592026983528415530908935614     
     9615668925640354867366217661673774630890742830442787541106012357371613     
     5911126119901767667301058044807841568086533318151890441161155698808272     
     3226594030258421516805889564013629401737737439013008896791020059685465     
     5889109811770128875393563291766339606539611836886584881156587542574163     
     9937309431891679800186084192436102590030506717287757548800654622058099     
     6340887302649989383160115995033314942727449918711506876481320216969888     
     7728781634280017929611613831024813441962036371681520821899247276978680     
     1216645579833581711614967004576100360394923195573650742478429225834125     
     0279936380524029053501582499536624079571955058377590965321352746383313     
     3459809458682633899083469765967931410220855389015788342752681948013937     
     6731979776321732814702996336335177338543782888902337987486015373039342     
     8385102726892556675854030420760949907507627791187529217521809781424978     
     0975350259569336762446865797266620861643143816280537480437507804266410     
     6242071480745087512460021998816310619958779961442295683172223580769640     
     6168745539493655788679404680837789964954165595115584307412988568089135     
     7080432743812137063155858787653824464715735580641598292901321844691277     
     4424888483180167595169376672529137985261998499005639266622135461420689     
     2478281098747556065008456411846109439418781375318455674609439370695999     
     9236828987319455763961183373145265036812326974887331535938973398202373     
     4888531093862893608099749147653174155801892604232815155989934257072337     
     1729258381270589206912200442048239027453309732956507039293582177474007     
     7354713631811266554939184705343711885671042791667996863580097741023872     
     5368876730954545774181266041080968259516115947105922526970466896550874     
     2295994426513139451448193438745478892746031401925253820815669192944800     
     6782130193380278099462639375774917115883807948814682473423957533389191     
     3564361948345464588325835918456306376756058848337511877624502305251971     
     2981834500011462148752706539901459458625876812784017420229329772294102     
     3458527256463011037801068251064770633118789799256763182275233624597407     
     1685266800544057744889194461446061697743204906555490811169856931044341     
     1531066242564463510275268672812608244238785019669663627761202215314191     
     7201608777906084504307482142266184642498895411303219820522270141588154     
     1998266745319068381615065929786470739169713755167520951979676332966660     
     0713480651665801701309617992056008306688300878438248552220471864132043     
     6834462100476162109959574136223456334004451969939817090605206884176018     
     8657354548626973409874399127019779488487490073740987248633773369633964     
     9797820825476374183495187199559248307164591229250330243207401979846082     
     9405125169812689865886942839602158604317814609701163352670042996292912     
     4270838354229502863956235022712758102381321074531653347374905452500071     
     2511291603219465640717756037282567956856750571550338727711137075237771     
     5322230620780488939931662442333354637720002011304743275422570392726613     
     1841951118609092273417028879249597903002071136564531013073450821409117     
     3896296001435314466928476317306592550767362987352067256363131232794076     
     5982790594336490369601703854781251569854353020027764904145480665981896     
     6930190255904308352893948943842685284921856259388573000385984036140950     
     3221174061308592992056653432831422339081361618553146493538984582468325     
     7505105310395192654484201715291531461815626457549759962778909259287168     
     1666761973933859166048748377412204202843830545871441406852279784818679     
     0257476694972226176919882162953483868511787619727216079068377996531893     
     9550878586561096406133939554990928044343451236587888694045686549313549     
     5718086647651263606216985049908869507990252941681565346138279551825854     
     3969755527110477271273755657792172301675482127377935483049379734071576     
     5468376430041985775544731253972717082353849788124595752838075882022199     
     7873158703642918265481512784359707238961882779263011905048611590150000     
     3931388718353321038678576544412677684522981455485506680245062145162353     
     8731292499229723944259029085055474003694122773432173962398874116249764     
     8228404337262086343472029617203973911628983602733898773760146306126108     
     5361069519266619264057788717290320000821045468131842393561365660560940     
     1667590303038835737839318565993135643039329228235610742694376425626189     
     1188458911018135089608737964889571562660635694123765297733452043144525     
     3178448071464926904397267235281758060252282222063096087883459668135536     
     1972541576702391952888032240667731535401613773199277696352963796613852     
     7009524791723615132651240465926387406074785669499639384843335986887152     
     6129474580509637316156630064421878093716533662331306483018870837604295     
     3140139354049504125635227182022642725533449816638178699669887102511763     
     4411376897207513374546979116073399268029423045431430097262980751627795     
     0114801409464829017800612485312397635202553863598381449872773886178282     
     5323582694782807836813460234938162769511311082910179448512041939077043     
     7996852670861819590855980342417389696748060578693756772044227923833960     
     5432073631024159380807739930564127483305444002854526407118338848525920     
     1911974881109334246647284880384713465757831909585900015682526796350772     
     2994507383488416276280853562291547905269735357868578282685591231174701     
     6885917562348247286997604682277692867007722367603842169191411831225478     
     0448559236569343355769168550097667864446585504947870471845502013995826     
     1899741246399017221814626088276620667882127661558490462946065159921329     
     6272754825080918462570368577289640682792715157389236253084995949249250     
     2468728373789066792708549021617484880549805368319097297282668693331103     
     1423082815488675262228139819998288680925171254997992060677108600842756     
     5739928920784148280354149006439428011754229216210662207839174675222349     
     4961202621838450598872598972934715470807634792580439945982744412895669     
     6293419075337351255030062464709943458866304558578877066003221763026345     
     0559671317225636827263143899964415850367320841518634403871088383571576     
     0290981292340886324870466128099522437883280311239821764106296460662239     
     3369387224349315285985849200808262278807233440378702670842664041525813     
     3615777077743356133005435018968860876339773452916633608684076072538413     
     7764141780887418740205693073626074789212278489595306141630635069032133     
     4060497210180294293882380135566496409312709098647971373852112756555216     
     7611511224357080119397611506775172675852842647816193030918706575646386     
     3160013472061526517255203439921914029442974675277961372502558456063526     
     9281681601563216991353946146767208110758754171919931986364801074022521     
     5206633242907261566722195103625474609154798347334068781382292087034693     
     8554867081225658814309212088709324438154818843110102353498618017905063     
     8896687542720378425130586210630986520218927116728361997358171974358750     
     4784846019080274780389865736557306595966510418578416802201958479889357     
     4128216329038134034404276987395029877116016940400972882241983942051863     
     3859466944119932232215810163312195407377823670312860618963053943387301     
     4651128551436213918218751645336131173156086079283100033123569324294217     
     2241213499984338789909736403850842524280874706641770068492684253784301     
     2760659871687834443021317016178428356574686060524271910090789784779586     
     4376636886733460603986257928663944440947309251253827243411926653769997     
     9377993898705206031812176842626084468413157425483674175359989317584131     
     4985671456062570737697714189403925050426643247524988749553769286100528     
     4359555032110848103015276257319173185898809692287168050518358660193751     
     4401712459258247021452208843833214370007091679605101555632429680632756     
     6066478647309748601016660428519615573600557616733648995867925163926207     
     2693834046525708685808139757757053261990333280498741372198281953995948     
     3540984182544030240965895330152445063772949551883563010072672139675248     
     8696612700737021315555307940684375470265647398979381291445298035578095     
     4402691868771685434124496853110748822257606691133140507947525262913185     
     1126727245059374581866510659446740160986220819681536379955556203155256     
     2544752749170332824891176057025885104027339006636519355639540794259698     
     2868334631692599063162559661992725385995025520692224478736815069567587     
     6394069019547436754199597605351289863691562741246571514838343566409018     
     0306901230393418777530844487694761274966190520112390807650799818941600     
     6743435484919111656367535761161638461275134527220091509394126647043529     
     7438240704168351368618212502947941645631608627143038522172456187446285     
     5900208063313940956596616052473439889620509352691092085472935788467222     
     3087258365194048769302410912515725815230226904671345833127927087076164     
     4919825382519793742579969903623948840617622933519584223128233471179769     
     1056528425718818621717719300557682520004841112083796217712157675843531     
     4420393959186710994112122989109221373805186516798451534006066635592319     
     7137743666342667578795088479238760173735766691796974415094681578958293     
     0648572925293742369775805331880602269410215455366740127751839414309175     
     4948837959583197397854120559264623208711956927257158227363297817173353     
     2782918182852187672882229319910504302977055764119950802973318156580934     
     8028161348473876025142553282350093858660967088420757108614191672444241     
     3684384678537163171672270894914201548731991701180716054577001981057219     
     6177669358933868301258118732767931418663024202224600532735058416666310     
     1433043588001650188071915176032612009211251505732158189931578852995807     
     5002400352613690212271148342067632250636985284969691731224418460611219     
     4711694536612348282738009355062288123586280334733440337435125479878198     
     0418474198432025489540544743751286844689397689912331210888600766882782     
     3223794131497901587769348294672224896125297961259684841192507270215738     
     2953162954867834605870132913996432353309125849795579625673913097171753     
     4896110048445236840763411092389642588564679873682704314761471103340140     
     9549842601583733488892118833619518444713905878659305357569962475680591     
     0205501431311647402431930252634838129449488036993819129149727912387681     
     1708763453871213659732107837981690878960526593703712930736812859102897     
     1737847198402172082392531839006367769454045230524727289213231538277038     
     1886775264032159951025254087078828012130463205842796565661151135725642     
     6694505433527360731693002422306492142353432734447852688638558673624507     
     5492161786414522387497019045691095333829718736532079906890447111346964     
     5651611767912050733478246741798021406062774244055078160741366787057997     
     8780338529513639941201854296702736236597495035966258367375300185543910     
     5084331207444575323664856109409961130073364054459327590591366708456131     
     7509735895866702143116814179237282573365328332981943107742499733535412     
     2518448312148022447816629956973305595501168818179750679233641267636450     
     7802096841854037253471827726916522818613254657266512741527047856944381     
     0384439369632408562291872586840855414019430608987899186683939260436790     
     5999461234694348162873106491020102342414561119034619804643183441126825     
     8918056198692789559163512126998477192905638672069584322200715919360000     
     0000000000000000000000000000000000000000000000000000000000000000000000     
     0000000000000000000000000000000000000000000000000000000000000000000000     
     0000000000000000000000000000000000000000000000000000000000000000000000     
     0000000000000000000000000000000000000000000000000000000000000000000000     
     0000000000000000000000000000000000000000000000000000000000000000000000     
     0000000000000000000000000000000000000000000000000000000000000000000000     
     0000000000000000000000000000000000000000000000000000000000000000000000     
     0000000000000000000000000000000000000000000000000000000000000000000000     
     0000000000000000000000000000000000000000000000000000000000000000000000     
     0000000000000000000000000000000000000000000000000000000000000000000000     
     0000000000000000000000000000000000000000000000000000000000000000000000     
     0000000000000000000000000000000000000000000000000000000000000000000000     
     0000000000000000000000000000000000000000000000000000000000000000000000     
     0000000000000000000000000000000000000000000000000000000000000000000000     
     0000000000000000000000000000000000000000000000000000000000000000000000     
     0000000000000000000000000000000000000000000000000000000000000000000000     
     0000000000000000000000000000000000000000000000000000000000000000000000     
     0000000000000000000
