     5475952801129628526286603194923590359905904957235027719449000959626248     
     8420050636977719004851427702959905098923469394084847304297805021586490     
     8517746334622881399314079471354465092648826334370781923086213765286102     
     0997779804699254017228469424518135277746341582748558704656333408389980     
     0505879016799611544825966752234124174543686950241324392705044407901078     
     2402515698144349807147386842847583625828651053555040934356484219260151     
     1919463602153043312592570938406169364976447179441728327090277147478370     
     7204863155400477628010958935365368132890643542139852787336028454842244     
     4558931656437841351151676796437488654945609571814223320298894689343220     
     5828677411979603680073259479367840284202941173080131466837454131462024     
     9724661622172120775680829608478357884464317553020757218482684078153907     
     4810247535716605708091070271963394970379672555422763530300899996477224     
     0931920372436668225473184759361340420610236010892344330713714852907215     
     1329929590542637768903076388032205735374545976522223032747493474908616     
     1001768119754551770571098344119795500211059577522243670136968493733402     
     7327145754200938012970827820458937360454167995958971174610544665050234     
     7227349021769963384424778062024300465205453358457951754270492945007289     
     5054431099406622436810688985537804649366632758433080286748836862982477     
     1027390547858045292139561547257667380300954796211661487144703228822036     
     0223698242484194109998141602101223841234662261107568018424720714126312     
     1127567844057108204807470186882304390125088573498065727336731348404253     
     9563105342249529923062590287262218253542294298785295338990560787955835     
     3576916616315237644309832285093672685729242786177635524308194052937475     
     8833795836956390972333814463983303038712623201559202818277093648224418     
     9865856335684351804813783460445831627952195940134852441252561489053052     
     5397675837122295606881832841188449624460523648322899422412914037056637     
     3517672332120746633896126032116288781916469274988067629216619380250017     
     9271346692506913096944007884118729388766053995578814054831636783828832     
     4978515982793860008930883140108970490064419613039338448242996011328703     
     8107086454417215732112147243549772842216989785998776840085080165908822     
     4444813065651858414929507011921420688752402474880531028955363428116689     
     2480045853395083365136426104836666076738577689880604173956196327887223     
     5431430376013885320625218651669767899320464181764396107108600159525626     
     8597775402308774074776970014293695932084288423720622237137959786945682     
     6915483760807258010484496905660336081035296979893790667815229919182257     
     2463995229195733637129093828206241593941103927022872276996306822199635     
     9152965595841593315958124021900039573095006272611198598290221563586599     
     0013003920498373583048537411568332883688898718447787867636794231592847     
     0497316317656472357000584573527003260481777707845003315948025012514485     
     9795832599161555663482116419859256539414374908956324493310414830843081     
     5602771709138332214995750396377497298181459299380288144652092309524431     
     1580788074036395075210670008347611548839371092296949855530612233422792     
     8916298522663981950819642325921261014971736272936207367394669059837909     
     5383758182058452181298858889843335019910596771267479485998948613332711     
     3993735051577929211512346561688412780374957601820678334349443402640500     
     4597481624787630446503542342361036295986722196298694007687668582847689     
     4579194285225506470699378772246063026442738308100603841897703167877815     
     6495243937419472649258251675537079586904465971318866279977813757275071     
     4211490659336674542439233942530369403964795380185361631965848613214661     
     1839251812735009356325299897475086631630566961568075457861192465786611     
     1319951097300328866125646101400191477411872448927768977862916308723810     
     2448000785764055408240123123274587633378035282231867624951848423052499     
     0161516124457860537001293193167666813158176624568911025884563774062761     
     7455133505853698056386317409126429031512587601136532531624137520708312     
     5182724719231751335296323180705483118909033829537925939926981043852335     
     6767702261630745603413804947296428080144012240817225176414190234925827     
     1495761263149212394339714238700330441343014682076934036507307425094123     
     1737087788183033373066667894164053833491363414904216742155317750773674     
     3469166091395034480667522582493871771277676061037782143757350683023633     
     2979719838119164078771541568506043172397421229380471762015741409279495     
     2071903333060328696694004151309008001409810476015505368694989289746132     
     7624009547392151821382744063706775875197198193598441391220424901517129     
     2070046801863246275443083339814800980568995823121771990130614696687235     
     1526987850455496105939221135718840177504295912792650425221488665595501     
     7471229516043937852071099008351503080217028718100956703477238712901644     
     2079267666677934665582604532487228861553589561860014902236458081439556     
     1677376752585484387261164346742661079987563636727648652295842004682533     
     4867273050985636181802624382302729946350917133834253470095927465279992     
     4896777334514159367326057830873987495696455288291204134737042471911501     
     7080573247857013674923144424303740099373887166276135878951641201903237     
     8376447139445944708422334503554273979239153502090327922411426882683656     
     8963339988871205256570569291005350964499597269906624212619868481044299     
     5044918212012875771754130308603248808379507377402603969893027208845523     
     6657052036516162677019568924139378350816841095957148667734142492170937     
     1035286634174197145262445150842287116655181900622741740822594708118069     
     0125130904464947008087991542010489329853199015729851121614403575332056     
     0683402039617341731953561080659061788110310199886988970601274370708548     
     9186303440650454050245045892102559702248211992120016869087523511558453     
     8209426617247008601762606547942648869744278584854744037441496634698621     
     5536936849408008205770942012230859486721649981170358629954728775970924     
     9683335618287861998778442135686234840057270055675382008851439506636871     
     2633736855586201541351351610200133950195458590707351726924410405771567     
     2654049087496094452402291361653373753865288187796221665825050324565982     
     1595905478059471366176529129071913356229765905107186706095288033037740     
     2636910264132672755726356433109427078280215843836852510271107056405576     
     1334224760316242930066265874390817939730874639881080129878915014658074     
     3195967137224978639616141124994243172231974880134759859727555950205480     
     8641575410260599474518408226033572752302424550338731751573370673144151     
     8455093181857266369198773778662290736834587371895114097263109677724327     
     9606908006636374042219903030869469373755717423716051697421502162093821     
     1458746857636969790594011608672147553001422798591774266097319888579252     
     3933898432719678048557557070732588309270846499951952931559261168561160     
     7278282442668778387710224502782063600259357326387816432166314717978736     
     9378588007465222306226031563983259386513398957960010292747648716048303     
     8094974763193263472598985646634800882492420103383759136363546567421565     
     5426654421188672762447519437977387864352170276352234745004156932155959     
     8060962337455875767229658992145240012798552439935928090577654666453662     
     3249846057316068935158677610171520968900291676854515166513680463953343     
     6989609758847789721265688956790904211255392389309190122664592053908468     
     2468741256518644460942261578562158699079887787442416565865043027561872     
     6721312909785756554952542572994331524612389717458808087810403173687996     
     1269709933329567676670920870670160637689211603840983884926144776713045     
     8556382220711628508743761085331291000004399006898484196580317217179496     
     2002314016086425436483879405434765993283075739263007415356423048022894     
     6448747970942860000287024600071255018034103471633859247473248161777369     
     7506606142361205354474451926323934892565578201682198642853404410401144     
     3955057102459182863263945078071522673616185535864356756010961625540282     
     2331946332311689728820648131216781495741117607593600212916535777044851     
     7673949120677905427169476233352563923036538738976189335352592645066112     
     8593317046637659676273374856727736610334430127765426891050592402208784     
     1909118377822446649867252795584017087169027362770661746740935163148197     
     3586653822770014554959113695987751994964699618917611334965334322046280     
     5421971937047505575769019125852049161061479669167069358163180238030711     
     3319326003934711304871619954507988929674800230324645408694537720206344     
     3847719183256323934293320091643162050991211011629399132693038548995515     
     0427182203905549417132452195019601177389524670187714659874928060656990     
     7011544804624581858498313056347241909183566101989658432946556101454734     
     9930476825103078628579241331204169392639733121259709014288489567413195     
     4782426056994678352310879740271089170766777687449631908452627681057892     
     6104091296097573499038267405237141114956133001695639188120033657320674     
     9995267905726412055120716426704287252964032287529414239377505317246115     
     8038973742926425547032946019679617228048896299581396448877395346630730     
     9655049539216461677584205329438816094668825306498910070926817664359640     
     8821092163300951691594799340828776645485092700889744581779012695110996     
     5584809691353196417587055462359958894404911217144350612724297354462423     
     3416791737116143020148006696221720930839749278711525178546956317160658     
     6608374486081257938074713046380196071704772830581653907906903610481957     
     2264745333053271132473908702728119713125631172339005439810084796625465     
     7938885560953563646875328784252279771533420481706409567616363332931892     
     1209233022003117976342229476187376329521463888727518028383855394064126     
     6884733319862799945419418430351679885455261645898409645595602719178349     
     8487708193303506402626395269987531594024177041209460987423389967005658     
     7248825459208292928260906550264672201862631466657311721481187295413560     
     0382980265489284203943492115755562925408399744341857505455648889953668     
     7348179887818322005234912358959527857973119684108219976407901843668538     
     4169743204111088152554815776093626387613435855341290134092189280637171     
     2408048384493264997519352394304032342624158016039859216285055955420310     
     4092126229467775477330702286153476173311410896084223968787577249465537     
     4110643018933343268579538896102458276793078737518092598672017254571301     
     2030573724546750129340266347175916880958514422615930227398538394139374     
     6980508880774835192062796330445674154757145751653447573389851260022839     
     1692795750234178393319601671972435170937527475193324765174594963496977     
     9440495188680301755637416919435716212712907862505684841493511559505784     
     5672063041916634900115381929278965561327127824490405782285508394342679     
     9724691335715363845311810928901985946062713532439568460837937253796091     
     2103712044704185662387647057777856570464669254302789940518238585269028     
     1156631083769641181170196934176306155901047977987513999882330628558786     
     7989777349345280000000000000000000000000000000000000000000000000000000     
     0000000000000000000000000000000000000000000000000000000000000000000000     
     0000000000000000000000000000000000000000000000000000000000000000000000     
     0000000000000000000000000000000000000000000000000000000000000000000000     
     0000000000000000000000000000000000000000000000000000000000000000000000     
     0000000000000000000000000000000000000000000000000000000000000000000000     
     0000000000000000000000000000000000000000000000000000000000000000000000     
     0000000000000000000000000000000000000000000000000000000000000000000000     
     0000000000000000000000000000000000000000000000000000000000000000000000     
     0000000000000000000000000000000000000000000000000000000000000000000000     
     0000000000000000000000000000000000000000000000000000000000000000000000     
     0000000000000000000000000000000000000000000000000000000000000000000000     
     000000000000000000000000000000000000000000000000000000000000000000000
