     8877618781620844712474155572387941524333208999836662711522965543688799     
     8242072155732659089513624034832391660110915611376027584679465760020032     
     0275994407665723993469202548920906196614690295204597648983618879568366     
     2706272666001112758743490730523839443078575415239930137074620041325268     
     2049626560191715832543908253055298275919309472190902789808547230713165     
     9841080612515891709447330565834510191003779699155347821543930376417629     
     9102435690336105666883064639267105425293066508263383453617642687943077     
     4097861045458212410332980188701310473818996669605670482864998514290554     
     9986780892384793146261774992554333011723464046463742715794894734068531     
     8057489468358912870705507616647070765509764760729359971583133487373495     
     3210779822838033520260717896862821561406307923362932974292570914317869     
     4518766548227518086003702343613793588511852663403771251631573893286169     
     1262933825466417557894141434999632753581551774548729807041131277620683     
     0436937932623852670401182217273194417347279519839910725296023242672779     
     1663806525410356834716315702011087365770055371676203476514487044733042     
     5524212697700947041653825164247153351684218083607716723604424532279516     
     8185124328102263040983575448292934484810362195220821592872173083807583     
     7911133408093854805615258200027897547847637262761842367205074991857879     
     8269458078933088929288726972243202596560090141279225193849608872647272     
     3250743605567578104134679400484953219524633790450519913953852461895651     
     3245800580362919222550615403226913217414351945536624707787953486343971     
     9550775244814808380205786510988360323453705616063408912327909669251510     
     2214305494767443665083278469153612077369389666499781875327546843193560     
     1507234768997233832413741682051807905348077379950537676435770895474402     
     3477868185851547119548800630410171555227150859591999584674217945648887     
     8065549086444977060163870331433906895435894735130941637504620867856508     
     6991987385056722216344133998042216675221619152275772716587229309074554     
     2128357911212836203726178728461005685724258796202238421466547353221339     
     9014577495203243574137092626151606862876312358465633108086883293071431     
     1918480468994807320186653673452594319783770919307831985273867739871385     
     5216700525907453505674103443050629385569021158543226372660933230184585     
     4841047621521884150882066301762789090360101204308354453396865305545695     
     9588954794322399475317311697890331814347390593531103807356250479721834     
     1440249236255229571034262386166406016812716845563683875007502272026054     
     7880731052281094186818997393180331600400465922994154045556402181083484     
     4402500173955770904377569373231534843208523829656461858094477646541567     
     7222422571623412979880840750046330946299167925888333648305216743042125     
     1674249789573825192289661209986145767267134483233362981934666081471991     
     5099702200854789105559059088023109469381836010686724208724296701489248     
     0404558096040871093406765609311963767469044806650538763208694094069683     
     3411786338162169487116813527713733069738074005728716290847566541076763     
     0565453348766412986581898518409611786715720213515123698973203075627561     
     1530617990632459377631196658978204929328035319288444402109615831691998     
     0272066962431004697781430272289551797496260838230322998596227547118962     
     0895551618850355549450040039602984791431948540218202680375975191495901     
     4990538093945650911846914062212019414725494201203627225314961614448364     
     2450017844427920889806121979835876586158225273391185901498332820822065     
     4984702697963490730785627547465783741108814398325275367394536311888937     
     0690224496828646014496410026394733419772003699440443426099232925256730     
     2499618849611400832775777572504291732724677559319330846888301544954185     
     4116036573958862227254517975218891454099287547443867530956300934761182     
     7858772472874907411076764661412587796961939144441444622999870584391663     
     1691821040845884693750492190736173732503467759897772389756875576866307     
     4375064304240901477265285684436624188704295126080359677586169053877883     
     1040554580032329266754514779864570308091910832445614428656531211406555     
     1438946678731605377075860788432783345566081730813765819242349713665562     
     4477597029589215527444937408593774529377118548257653170899669479018838     
     4895844727797076587781894096100580413007432742021195408148380444529163     
     5059133776300870039306883304883606005105077605223871833852085673415541     
     7371006109115044610469164659806965974715688248974746258593176970560979     
     4659424952968298345703983577423641514350081102598965526632527462395624     
     9414679890982477949181780908830383932166608410815106166051439381293066     
     3266880765558415596424799581320929105710088748774124488039620886748538     
     5530633542600326731936710052050411954584732749742189867768297725135452     
     2023382263410992062543168146215887741258348555925159317596543547424094     
     0339847490150987370959798910243620638006048076042691087493053886918100     
     8528032025249727468282231498802923018123464253863144245769930446711771     
     5805962872235465667602646712303577096994413269255537967830811315888807     
     1460149413908045845675995881847748867520359987400625457426647709031282     
     8592055245469987652670710555491758235329953701859585739687753529565514     
     2496466066847031307213154341292106248031382425010800147413509238412685     
     8495006670546974311585272306323401337956666569654433817649654847780345     
     7320952545629633197401476183922905303596436398252026698150151683641055     
     6200814348688108214742894876086262085579215911150917135431825635596801     
     1764893204965075164910290239679913673212865443478977666544402768501441     
     8791991662490527783643706075338906322594814236997493622792571397002677     
     0757297290857856738541476005780980944985085603181398190145349681516334     
     0645981624868152733866573937374036014846302184154716223909745671695838     
     0101634421401703905597264003225649524632629615563905043399395950981939     
     3445049600945866596335033178410152524807412232431713277297261355617329     
     9382108285394822706608905005116902102089964663676816218545642595450202     
     7764069094649048577598827246589503948204150493419652029428382185755073     
     7549537141234542926291124923744934978538554182811068417068972401895680     
     7908664843331958483899735156366340692428119369297427305064985419897508     
     4829229725982825797798711665498618813669432176724145905333701031264427     
     8176070754777653839211410838653151939106427062204942999948145080285428     
     7461410085605124686450902061095914956046433468554002334430073663917976     
     2551777448577161496583758294317521669333236269315060129135701148982769     
     3987132296652581149896956663824015588140205571149677735794723998432812     
     9366875444674818198811852025649596462627492250694926451905470271770018     
     6850014689830316324408854844662095945292607931478550347359063513611109     
     7498775223866513435071788252058140875297746945413946056378591546933144     
     3312555169218436919997259732212756187122288891780459432582256762529743     
     8843452900784561348202133854491756257994889101068213962366943043511915     
     3847286178987929513494855726943250547106973494666803027307929180031347     
     4717779734416539219341322448761463969396823834721716333100500251993928     
     4362996128880100216104692729963678116305748453458645194156295861890784     
     2996966530220749083076926805158286864183633781889052357172367252587397     
     9551602190937803161210657683752937483127115964438416823264218296185930     
     8290499565905785296853960411321400325883176993317528542536082708232252     
     2592869726764413502427274244858922173748639549084816940451607119993055     
     6397589157561901070283423979706889061156952034227523511120978201665034     
     2703218867270095143526056603673063373388457936347534849624790277385233     
     0461307167906299424676821441731226686306328132720566053179849325398212     
     9305536137774454175390258691403952306790249790818017458503357798248852     
     5211009568671431676804035139046422207358934932381134081154668299413423     
     4218460317729697241087788410889130974686661976194582150525180768057189     
     3396433932234962430424526688951224685376665868821657118793764013582771     
     1676622312605379342197109065108864189206981021789469260818522671895591     
     1902057375165972056890149319078461507698240994815873920688559463599845     
     0317070101855691464910405719751139205331910331415154039120432852521619     
     8136414205734836067975444751769172455027555464416750318984742806234918     
     9502975139877371133610098644969821892473540731076096156163238112639947     
     3274772765946256787565334942877297573750979235896132011852031027554235     
     7974284684279410189481479695957909956997084879664491269826947374612707     
     2628220442478843039779781003367378705953309023078273209684449988455301     
     4016616438235302080817272665124977429414860443308370640021138709394038     
     9060322910973845374743132119831097588501305051153081901952536983044103     
     8981413330237415152963974812343456194960901837670149070879892502074464     
     4485902059252751482650481824453203652190696903412972977661913871911229     
     7576258841679408701401460694971333810619057436039331474472350902648393     
     6211957895245763027569165659105947082665968250301653231331407355414174     
     3541623660279575359347771396865168139025389077116456329356377294156026     
     3964500296935865823727410966602890940203774417323134487489333004829524     
     1842878978562972743393645743532971589497582621428226144842890965654709     
     5030410630868485579126286866382736981128227862992690665855855554217267     
     6447062581836222357218707941793155489921494669847473025373877985979252     
     6143105673879047718121054723233128880439253892420269792253908964572086     
     0590015130112844062086178906671471918026473578569984730166474717422182     
     9880012252923185920288912507520623390212410852463708958462048274459842     
     7390774660098680643258481656630745489569098086949434994244492447835393     
     4386094521749391594602999149551863910499790395347030520739827978745981     
     2302063787457019391007326758581030994515250136995134419234595485730540     
     5014091367611729110672790996680869114144777304179343531311979894228535     
     7121888914184374033542963554337835504175427874954144727816702614534854     
     6223641454934097662559884159350290467356834766848215561270012410229981     
     5003290296493221548767187989311715207381766821702046612096620795505095     
     6569407338388740754835981579662801263124973612002768218639195429916167     
     9941860211846426771560500762030971829226955224182487559935588585693169     
     0855562841694760745060472869459248103863566542637223387820796001385299     
     8496792627301628347580714689045643347218533367071656502542660716570829     
     9069001216290860738434408646031759619329629709057158448657276720649296     
     6408489117345407790351344956156085781734953316659344936377278125693451     
     4608638779200831857622573992499223761891432413094408994439529555956589     
     9794380075522792552844880228368376809042097725364346105476379100101423     
     3095233478203032321113223570530642746053868009365880630649224343719894     
     2815502216966860285952257878628807245499791733571839065584631775519899     
     4953902329326204359145975447487870286241977763100037973180615063359961     
     7840880493558020649430916006812717148031543742132205962120730205390509     
     0564562506852943954480060296847088225365948555050168253911345086512789     
     6257541770558784321500528112039538359656871825737581449320245900857257     
     1864959136655451628777069623727833984254634018554348254418576778065942     
     7616279813078066062860553891930676735878524726082778016905610259916727     
     5928318654299850025937803079759395315313437893430133918001577986905908     
     6567025538054038603739888406029170823635361597920248631702976313927111     
     1691031916908442203573671625488526696374700867420721864669153867648539     
     0565434724686481186437177025867427198941128489614344682879211351635901     
     3458791002503455849413467548702767512908180611154393977524872774696305     
     4724879855085669508451841183976274237399211585288095049816864771589796     
     7508441071478506518665992236274797466011631231749085323872052246655791     
     4339021933698123570089503631053130759632253201419033098067716341758583     
     9177868529553184119405079339005491675419679066384826042876726938741009     
     8915607508197408505868744366799044319249293328732710893687129136909665     
     0094816516446144631578172928501623191461232919786876065403017177726932     
     0642148074387952540488740435233473650535430013056626118283170170282758     
     9607252469607636114815124747704152366159214358613479911073367908116719     
     5522202365499690256925467168648398273302919453452835085265126309682979     
     1545174929078400727782778223468360476531741470334846029986007512717620     
     7326546038281474197498367219277951644050184898632807072983501942068495     
     1033934845633071459756308536637704803360568320407900868219838242171372     
     6016270236955088282435149279726668484116528556282204877669240575939884     
     2132043526243512946938391722656527376973910678584839839236002633369101     
     8506479767842959822827449340438461732721433025439026624985281510462707     
     4351858193544968509097718806811977119167999604936672945290432409615422     
     5431200275987615154506547451280634603542749308321180829606875204546961     
     9451704308138104682112460868635959598326587433870158151746095536746222     
     7880785539611655221025304216521296958000603333463043391751022822554570     
     1602002323419181117944746802878496648388490900516804646734662374936094     
     8520505352108969355832674237029557110756258880618412835519063123094435     
     8906081303942650258992084709654148089536395858600483940019716152940233     
     9511830419977055389022825651046861826221783236372017670508845830780637     
     7065682584938366445851683845978039219503412259967382945057378895419463     
     6662565569394598708534719258162651290402068023648979140145716997095612     
     6791731958052956193362003458271830743307992911909898103714269383171272     
     7211930168715138105573362569847330579147935034012587805137822762332958     
     0210072728113554880449364099768082966580370454972069601469220303908899     
     4587197528097417987860650165649025181834566676065605717655013286221837     
     0073800356438034983881243687969200796617317671006143098898200329319643     
     1962246479399010762248316092831174643805196513479474092246563775049561     
     0137840007046992899548485208086161014065644764917851472732359101946603     
     9346898411130753568464556252085239398919996358821354265035567430087096     
     7593583088394800700024722114698050187289788315839624840112070616183443     
     4673259644279293948696226161117290188152004207710011425911924770618930     
     8605056280210215476622926706681345781664138960874816807947607002574153     
     9296498000490915303335883791819651530252467163106849940111934761189077     
     7422969073050594017764451236311693198640093420656864329944814098549647     
     4996302780628872128174369948572291072211144854329377601434563527929843     
     3168768689031035607679321409563316246413459494939202528238142335208564     
     1727289110503411604509496738292826297876580019225481172692959130948830     
     4609649075796406970250648844050335332143215659553548410728809298251106     
     5323662220941096010497046266041214210065314657464494766280669509814731     
     4966395576855972022871844476301113885371470277961769818794820055301100     
     6978452563694718043954334320335678416061185352582153537868809287053398     
     6954020975724876890581980227068117527540413649450791610607389608553755     
     4272986365012110628899790367458693303022315286845061915353383037579772     
     8514677768770496739899195180223703710158871578015436254940625127258837     
     5163426930748231247890095588905806285866056392498637261733047924014698     
     0535330391820191988029818446174623548608132687771812653695396041890270     
     9118436939533620904718996327188159115507185131792404563595677329375158     
     4996322642902277693355746466630832214857128923944549669230348634851737     
     7637108843697105936292692941907279534137566841844488734700008195622924     
     9150715267902595269543056723581024787921351225214469311957427236718572     
     8391453271011118028613157980368101743785570586500013106793233609106529     
     2190345352647115894990295882938200465859661572628828683466265726453403     
     1512821823462349722018001153258926797534970100918403877878222745778469     
     9932427893265205267435900684970982353822737635689568353894756757879788     
     0121408563991111688817305307427801887590771038131328125758742525275670     
     3217302317290623868937586606576956435601848388367400033170699827281547     
     8771206717606805436045606521232772457304205413954033376558441141930851     
     0945679909361931226482782945982582927814372981332708664362857255949155     
     3949240116846964882325984133369951684030732194136736780204776353829284     
     0640025058099071113638476259987562028810198774354748215328522970550252     
     3794295293118178953891727616500927533567716415598473506904213719926132     
     1642323106929337335560533784981696114515336559255432483704006858574574     
     8760336229417058305983826094741617258745834864523366271044561426461705     
     3989180246893101990309088477761208790707413866468880877078354885597537     
     0515652549064891783335841352342266949402402543172122030918557180776859     
     1492148494763603469118385601865162476252747551221758243264946909566973     
     3890123102425910074066078852097797131315911255910499452081550792770267     
     1408907754656115985958418699847210810776095871545065813942531173429174     
     5854466683812474216253588048670831165529142508466155754533727588124155     
     7550736721892639128846578127739565215630952821263540019937034152207020     
     9477571728366172042046095639173770646184308092444194669453233491011261     
     2072854982750230464548296486695925885220930886792869261656599074628207     
     2521376639706593729002635066110731270492413725036405610896404274203072     
     9050100307809557041352962884103083919490827124313071381465045572460625     
     8177034206053591543010861773134297825830644055773114703713254255432806     
     8117448582110850842956832847171550241459170210144310498751723592239002     
     6221296549281389083667228995047248125076555985122988459925675603803805     
     0573665573455066958641792317848096822164425640603648774498692614700500     
     3992434061371724269185488626670132332505179431596578307405672909358367     
     0374900899056311165394875232921069135823485869868286905163604932015794     
     2771574377155346808952559534565447349764975827078951592096639501073381     
     4434439104918328055303035206487658608754370952736193399852743436460992     
     2258239899002812794425976612025608983983825379660173128495858445575370     
     9958074903009081989654382797565819298035910685982217500503323992445256     
     9721156399373754460619017483125638723575060423760020447351171160431669     
     8478175285543411839140101825693665557140065508496162736122755439051492     
     0067696622770111021055849424775215930226540803720349617597019065339472     
     7049547297440138782265117390921280774015637569390098675971236384242390     
     0922509863977738947289908769944469308936483090329079326222816631457281     
     0368289948973682941852901117352750225053857774806405556100692089388685     
     2674266976823638304544373852885852223409104278403775899347112024465236     
     3705093474656263529783910982291074889250180815734998276222051040770815     
     8600359449197558231960151791908665886399364548666980318612776695815309     
     3369644577551472954385050820418700610570021746093186730245438528883576     
     4399622584503193962773100080569465973718230941331244259184319901647378     
     8440010833618780016148663250485533291784900152451803739463366865860482     
     5303138708145530793282154291627357403662382349771597645208459464047725     
     1088321512158913233798309814857530737337406243520509790333365768772733     
     5147411174968404785062899635621472769544757911347065166371732620902969     
     4095724830625995504775090349361061390012965183360475453306124693979812     
     7784549653190993951545226214140501755952177431320463647246275253016254     
     9964190790330976597294641584144566744192781759656953178408043158598374     
     3057720410979166034936077416423579380204327520500254327678912015185521     
     2829649267073366230835144189598838489279756587681489462812519048972348     
     2546270956074110793277707752459781800454473295947889553108129043227393     
     7262321716130556603498026817675967769084515416211605775822352996692871     
     4957906190951942255040531517806161427964205171039724698856892263237548     
     2784556266715416117697041937748977358842705745266997093544577693435363     
     2476382945539191888149946343583438665463224825857463958913123085974023     
     9843116270261908474642498767514102624596562492492985333543060676038694     
     9612932528876153636407957575085238009284820095505571103341303583013767     
     1360245664134732594370248218472774402644584994937685825368589955578399     
     0327053641821150452817087004673635388242557449186278504909021130300366     
     3648926309958717831234395636531749214190824605660297206672254229554711     
     7062350983981206680751490470405734400000000000000000000000000000000000     
     0000000000000000000000000000000000000000000000000000000000000000000000     
     0000000000000000000000000000000000000000000000000000000000000000000000     
     0000000000000000000000000000000000000000000000000000000000000000000000     
     0000000000000000000000000000000000000000000000000000000000000000000000     
     0000000000000000000000000000000000000000000000000000000000000000000000     
     0000000000000000000000000000000000000000000000000000000000000000000000     
     0000000000000000000000000000000000000000000000000000000000000000000000     
     0000000000000000000000000000000000000000000000000000000000000000000000     
     0000000000000000000000000000000000000000000000000000000000000000000000     
     0000000000000000000000000000000000000000000000000000000000000000000000     
     0000000000000000000000000000000000000000000000000000000000000000000000     
     0000000000000000000000000000000000000000000000000000000000000000000000     
     0000000000000000000000000000000000000000000000000000000000000000000000     
     0000000000000000000000000000000000000000000000000000000000000000000000     
     0000000000000000000000000000000000000000000000000000000000000000000000     
     0000000000000000000000000000000000000000000000000000000000000000000000     
     0000000000000000000000000000000000000000000000000000000000000000000000     
     0000000000000000000000000000000000000000000000000000000000000000000000     
     0000000000000000000000000000000000000000000000000000000000000000000000     
     0000000000000000000000000000000000000000000000000000000000000000000000     
     0000000000000000000000000000000000000000000000000000000000000000000000     
     0000000000000000000000000000000000000000000000
