     1063172191165317424788210328560432155700297024444430416342889676403953     
     6316486140411698025703535220822785711934656075668652220178041762331652     
     2665905635827449493514641846296985758346926485713900836032171034145185     
     7012626013754923852209804505336848173505098370154229970757192343522765     
     2021538209924140911040310725311584329438664560967283450341147296101507     
     6689181256762370513744859178507536848253557573142537901725991609128749     
     5239234975482973367329899407630167463273900099339249829596182438871028     
     1105324418478309968022965564896214530269651455624017362131772330196728     
     7051417910413162964047843895613438330444426658250830739664111997341815     
     1794396994102094236349867710470841644741738569497089554612114533405206     
     4563598147673290806992968157562620821586676758537449004733439094819690     
     0435015751304448940205745384497795124606346426094171701142402887541988     
     0018281146686241902743917601844425456016647247381335850989909668925782     
     7745132142268439635796898237198609788533537664467550611978566571975888     
     9094614539851118132887611600464449317776009457796733189167961516881867     
     6896406859898178420910754761378630301880434630319870716987751027678736     
     2480577899708388723739465985074251421307401216272265042933759473106337     
     6183529051284307163697491317951416228630654834142561629650694509990496     
     1576238264462788466213884037680625954563356418343353874249946093631620     
     9762014867678664707112500808767936033039705671948244260601655137673237     
     2731433862478676179945176295950472168353262651283978725185516905090768     
     0839219901849203343865852784330299813467472679539839847091692894033309     
     3173989009296548454021189253963842811204065452855328316374972097877204     
     6078594328296013694112009604842383970217594453740617260974159158541162     
     2897225598762421522752414786090601693843613038042944300573139152268859     
     4738665606198888204364962980874402022016354153855207625417263150175483     
     4560999113765712645114983803770761853869946344680163173992276640017883     
     4868748066765490944754326891448820093584369109414818759411374885594220     
     3220169182309826324055336245342230399570207969281707844478616635075018     
     7678085325640078517140670998434094108095887380686866535772086383663100     
     6587011692819728872845482370708731469807870614927832712995903368006652     
     0894167661909289758169471852305880730620558056807520986794960991408359     
     6179014336406881226666226326792393187350818753496902222885781103544159     
     1214834298339379444943084576838287603930930838698707988311638379902696     
     1964529818896718958842500334745690584852131003126185118229292966359065     
     8034811536700508885774221887030290212350550539538131193115167691076796     
     9069371418210024568255373361027989474310512272398341103671564646989241     
     9136966047948193153878083175969546934263550493405693778854890038735970     
     6966833996788858733023564054396706502354591376575151136348919769902315     
     0201882908725078980607364419795449011681063570060987292833873913559620     
     7132067807483997765885378053814510201273508625294456626627087515707734     
     5646629527484101518094684970257000384386058536187128301677343650533818     
     5146548942060679073175761242142968300239267404660883746923575346297810     
     5285014815059538963102138932139691958747733289518739372171775176147062     
     1805378033669663396829490899026376657803188733338741554047472905118516     
     0129928305135037958123314518799948014834741809279126786605864956260684     
     3771316136783127702209302603310305280218346116276912175483263983877996     
     0228961514939548590178131327890929308750493349441524725639021218055885     
     3595029667090108199496475348447884212997714542380190122088792796078037     
     0467613685524228037287807789452864723109076848350150952559472098002865     
     8764673319690555002820321184069998436201885657744420283818682410016412     
     9409779580971182044363231847537799739479210984246533257528089996135733     
     9292891842745099214266429913419450246037297869872751646501860213204286     
     3716652683901408326736007055703769836489912726942693110906406858491316     
     2519725284529075947531028001968672599279981820167702084447157141267943     
     6394351580621615580624457202320045532269506490115351671909051508460850     
     8230589673016876187856271172123455765866818222445750234115189550733626     
     3425240219801300079229719561275361304126485419944958043736661004588102     
     4761222733950886416299918148302471295345917063009796985287362084972392     
     8728405952946772929699958559481541313891640533268507893240790435490312     
     6255505344895014229428033550170004951781079178912087198963564522496832     
     9576118008571256546187097041403600160266367034318673360106643922481227     
     0485446125067305868074855188633533443140171019518622174932412890453557     
     3973792566899286971735871349499058569543359549433641513938452107351380     
     5300384544113517334840390441851118693892413526820107086076065439771068     
     2581346355830979656716764409376647865472360558281579635399382910535457     
     4241811497989093986074968448283134845282983339236429414673265885952948     
     6688417682514703629812904387947953096036385876981673503029212288142208     
     0675063323946130936136009100149909944782748808243233858782041515422374     
     7776874034453929011053014100275142993618481460482266749146149249510623     
     5287281318645002233785631519678635503504285655715616014388314094172116     
     3975437019545797654449996255938827016827117253394006654086428478799179     
     3127930811893437588033164715536445889364591612640328950844098575917176     
     7125760505564700425581393952668258688602271669254683242897851967626456     
     2770834926817334163480374285156362354184752703618759928713225174111757     
     1867121864774566544126966962141723385183031539093706694344104516947628     
     9304744202232391476609891015715844623632452821287473005444408066602102     
     5891361072714240524997182930092693659864523352783061758266514680888501     
     6369541898150855502184482723277901031837085361811388222261876554276295     
     0691689575336035513997090723862019852760677041130853457665541201449519     
     2507482535244038333700121856316040511161427314393724129050948924355152     
     5348530953752832632617138317263552001764226347633932521950962942985683     
     4235806575895229745472377443867340817150921360500502911110814375363291     
     3936080078868879867769476241172482041316408307605547726615899592184964     
     1730229694404135768310332594245517531669433099644372680845590985960754     
     4200843342153535083990264920033552293234904658929995221197025172009650     
     8336235696833797101576794335069791206470652294118394000017572036423078     
     1011726690311081459958676985218308531786641151307800140377060955582959     
     8694170458136690627247139369420022982119485487439169021199753884154571     
     0552329483033154212003277156010347097844241173847707172865093618513200     
     6102977357021517629960742095473532075427736627393682791012176576982948     
     7411330312777994025202472087636786049807242102352932382932080012785898     
     7730272358613740925362952050212106701361751355913636946435977873889224     
     8538294286068179717495056276959400321587694068347331211779286012508379     
     7899191699871370690323590290260795330646765279265302333649570196486672     
     2982971788066883921722109518437031642104840092942361056184223426221769     
     1056338199229834143685906787682887158703889622549883600425675142669053     
     7158886406328722667159097996527787064849648297615212307085736303411599     
     4341684988984044318175178698829106634773683173831657453279920393491502     
     3867648976857598919432496335193169660420859357004317664225485216229610     
     0189868262962324524530344589678602901558261142594404977995270646485282     
     0641902754768096497070838710921988917090576661461906070317875140382156     
     7303687221408736836083020868220145241227432961649030900941657599082931     
     9441510854779261262145038193733707400489871990366797684744549930521787     
     0181450870358821482883003822098408893289751333658950728500429989252257     
     7552403052771409014448507686013532222299605163209720658280052713934272     
     0196383385415659589592245701494514208250075166707762683591526737844328     
     0620626763369678469795157269433596216544034003142586262482394334193900     
     2714407833932594220916119796567431853769959167889842652911350268547583     
     7949727659489769990800322776437228350523259084038530174822350652507654     
     1840014712582649081259083683123411794096861046797809141651101314419388     
     8326284976989803547009798875580405326972091443827653894833355786908254     
     3461426963260714273000349527817000642832719150547874690784822276505107     
     6452191566530206074251832245392174230262198046922073081744622491923703     
     4234896649972312503319629462844346366597285948434144516236330519362577     
     5515060967555887947152478063032841218333581416178012672757656470142339     
     8123312622732646465899924229203719385977743227648117467638085506525362     
     1396362878283102496927222077886811488858548839220742346491546005424433     
     8712191625564856286593974908187482466496172706893405170143953432512829     
     2886378743471303186028907495902262417507529341705305597069789545540053     
     8964400385043285467064860364932061054615418457158571980048661491524129     
     2776677726843456588888099576938233239353340883829514820184512988490782     
     6902336323867950045030776078847025580035588693968439686959572601597830     
     1333473073359367783029215154744720315508852066574417357644911681724490     
     0328900647381181399984740418896125696533645652845189418617033059077452     
     6755412442832932951520768950450506146159275747134387323176761300488434     
     5531430374447103835387815353012482860943074719201103752505055927424199     
     4818491642408180571143230722403863788843014206415948644373205821754728     
     0879997551883658616229935910107760521053511862724721612297910678493470     
     9503891521994911817700772997459174786210736879343004903198880825636300     
     8092991169178953926784506311344098896000465118846999828549534390358912     
     6388935536776983997007734224975068869148326379344674900369545368152576     
     2134524606694251724345195019702398939144895585607636794525124935449957     
     5732901417268299119798030209585929483087356237568413101637016903114100     
     9814009381244393240871400478616389910423701350156342259339881010679247     
     6861767269586793049992867875775238693270645254145390731083773549334611     
     8174366437631634049018862892633020411038144137900132881512183754960603     
     6837127600750538782449810713817011371031942776214687478266175824557119     
     3216053248678189030034672646734135293121768141478885698366791066400825     
     8792842168217594440883547302442077992097868000472222110159461572025519     
     5671316652918266971693661313534198082585832243613723432693146682912756     
     4559297664905224741987101249844755810830808833282638363076855389032683     
     6520095956041640793064307913402973434739383750977611482032444023303934     
     4051164662363095832228008638121840731104210898311814068529921268806056     
     5603259228187355606860834541540625485008214708149084343061442778528386     
     2862994191361746557398768147620664624270083234530015385589700421519344     
     9947652570508932115334386651252141542683055520319070087659862808010028     
     3501893667796285119872135275549739246457198643654943909668266283685705     
     7956353759251429910780429334990552802549285529341581431958130146022674     
     6801742478838083521600529006450018081952549856886255044320554278681737     
     6860519844158575922979476116387641918954115747862126631430027197378924     
     1820814414328881173453578770019867196843338063457674680023547146047784     
     3995759113106797477353132899370479773928816963697356286482951721110540     
     5424568350740342824681587188714394283101168512943608155900893538463760     
     0460578903423062748722858273841184554683813144738421840789037089200073     
     2471903406452673120304493760881198003687719517547324234499986250902046     
     8966532659328273331326111174991792593971049304989338010605195530204550     
     6013348948774745273143474738340037779254509319778117057943672208102125     
     3021475176183164803529412340142540086414775672995717153057671497416705     
     5509696240072995705515156719900616045142710217128731518642121458380398     
     4218583368607047090702890744539629188607986875115227953948866184795303     
     2009298533358038205029294905453615104669442988894389408579679933806388     
     4857222176676154214357458799473844539643751618767364997196841158936737     
     7784648550958451745740910671387334225122617996571805071886557108100396     
     6967803303408315627383781445616711599063165075505513187422163780329048     
     4699846630179743333266002407373434544230732373543440296960686157678453     
     9264276432311887156510334870163864685101045761185244203964263654564095     
     5568566895331397640363054266964539540160522598808410611923468985960873     
     9854439267196674617117850748208604063521054985465916441730693299804597     
     9617502276334100098953296635863966696361702161051160852359023447491088     
     7769293257302656937999848839177129444141732362314219051293954631002084     
     9965049078305004483392042490920779105618248978570615957930535342859112     
     4665351559184644575384616857058615624609196830768848256075483679092063     
     4734547996200904456243977260976663483524285503996103757964867597899947     
     0072688533456918473068156006467488845020742908202536587889271195394054     
     1257592976201847192368132443587231348394914106787296336625864699312314     
     7689535159042124836388781082734867633763186209153246933387122588964886     
     8251155648521054912800377642396642811374058492550394310635675834998506     
     8182949765815292664569278379534462972850681286406179089604766383387846     
     1126633467692751155750583052622791663673769676916554061787274343038800     
     2827422045062552191481768809707561126723027316296398172276729086427092     
     9520155633577889886962545927804097261994652680951652773812495267625749     
     5241270609331462152112997350580978740919308625491302488429559525900933     
     7603602004805422234954522536828536834591875172263247273264056091124925     
     8722542107002376854708356616888410661579019106906971947133466403878835     
     3717860997813142836722981516117711531305955889462840406277335363833967     
     0099111618224418787219642686897076737404290452149730351523295350988103     
     2027056727618366372317975865793286758435936391826418591215813087144129     
     4169564687791539536469144836627819690214419915308201914360616233907437     
     1818277559423955694478958922388315962891250658501353324227372421577687     
     0148099198959445494122530460126402339262379796098483822323446608477929     
     9150084133551134185090910697534247026179609713486257476339579318755147     
     0401567245921679054131539146751356246254054261939063263746342401425173     
     0533076183761344587964457760227796679356147235788639941826101317768676     
     0425569637750217650421263574128972825440031415735532441915572484570955     
     3078752300259494508825444840001461174875562896326320308673993881990658     
     8790586073546640519729185640444371621530829262674857134504951064301866     
     4759328057146671112688739523860694856595012967864808383448864295491501     
     0850484207715765402866094113890002315813982678805004926944915490269730     
     1572548597403595089586279785283089991244841313933681900937642404902837     
     0849466437980054096967766512121069112590117583022064445679810492333664     
     4400720060797473735647656237222678196682307984297972568850657500689476     
     4720455307397321652672820832905370325540436919123721418218733326901967     
     3862715196196285464316896271783268096999237330040519451477664853579063     
     9506483030090571803635343535825935156536032950895056385797889231790605     
     2285218212939447249098738698195511152928917107470610121086778093990237     
     3082671156383179577574045833425418650558279584024101921060556106247877     
     1077993162731227328768390722357799268179367362593781887185801250650416     
     7760654783910016825125824999053877921968577318464104585776410018594037     
     3372392126210961847845342742489364074281713016910364506782083691360204     
     3610833733071935477572882442161535659983429899260280930131944189207485     
     4817753712485082546441032189426741829947777372147370590327309468226983     
     4937935050320353603550326053445074900402616568057737225771131154334431     
     3727558721477476233922892184395882956302179509731089598039118849374052     
     6891222682186986408663500593685034841091547182674416294408612928229821     
     2373076541216416576655339377373767991047415491124339842410061994407394     
     3627599939301798644166198356823807832979581944441692934884980757717165     
     5552690625068494519071404578110901654856200208671746112905487265020584     
     6840679599794044595371546551135288647854048058621224109823805494412168     
     6088381035764132811232578690975383898963165283753122623929563178069764     
     6439585264129091558961606379145188284160766181485315841215392902218898     
     8979827533345702651304927395968645446723517972229149357182759759407385     
     3333208494270002572994587930123190876576320739419736927079264875527584     
     8949267537604378399200030341409163173401607735527644782309637899978759     
     7755350211667708353426089674626770973047065193131824467359984024276424     
     3343786202922514013425838689981512753924051990855374164325877998280266     
     4077679693503655945815726145709171044565605358402888466411507825891647     
     8631550115659955217067050052481023378207264686664391980759269261483022     
     1790450956366688843080233670420082582045431567427933245222418535188441     
     4592059318215643682055587510227140913453814639679987142804727354782947     
     7398062634683718554528897818385356134235305782414014351096268236970409     
     4889707059504563711119727605573935780795565211485092931464800749729010     
     7740871510026091978622412315483029603240149707831363026618687911593796     
     6838203099856045288073621748608070319887449672307943821240625483624862     
     1972770628961790257991881845668258876012427523662308529549904433832531     
     3588103959025457945699468017861091005110013880678044712608250454867084     
     2136351984638171685489989378760814501041545219064025705214856202827497     
     0473959121937649665200530087723550352065400401298802776546478384959188     
     8768608019489853476359845826793262811146211616229351456170684916671495     
     0621304398573717603707960543934240257326595882826359774631305779945816     
     4591447232962922799129351767131425569320291494647109094360778570683268     
     4289971906838063979228208592647736268620994966174178759475322264735012     
     0121149660741245263783439478864448352881295895914358513865496609031231     
     0562803005606107536715382120569931566927369437844104061500508820089786     
     8947214448641033720203512419676845091140667403404263619432652500896922     
     3876615223256616243860645386003813404189634181906712781715216404256163     
     5288232667715863447031459808433890154513423667424033210401766492627876     
     5468518591760508845877522891252696618180301696795408944781156899841110     
     4835278260244061018815824568287893088130003994770948387572288408795898     
     9275424466996389243843552700202052142249677849231921942606858822828547     
     2182970305915023067241590160734882809731504323571405424538477031697843     
     9014822118104558957091358440305208013108738114846034962999936100135973     
     8377716608573778554480277183039789492871101405643175442534562815003398     
     2817230366276018342656599584446990185787648087644641832797610851739208     
     4042499777291723019902634409857713625022428471690740886210833549576939     
     6274840733978525988884876165519202535828429562226974100179754925348925     
     4867955559974668581064376124424456981875732829059607878324141216382456     
     6180874544313359022914428659103345543230756757406498431172012571504014     
     1003733870348944759753312589484989822095229760008218616821809675338978     
     8621829742113205013432275830243602713754072914436564991164849497459692     
     4890541706069551115605323201577731867900402815476192355042261552809288     
     8971718624086962560358316450604884104354240713093895690756802481857352     
     5651526989403440654773615590794336619206819653479619845760482359626058     
     5214576584389995915913652142237848813047162707780898626535445670859251     
     3331368409288280871603035585845058675413239069835441151560228503913155     
     9603625268184939451246246915705230304891577171680832056991779891858266     
     3733251652828442765433154733941684321375049509502976000000000000000000     
     0000000000000000000000000000000000000000000000000000000000000000000000     
     0000000000000000000000000000000000000000000000000000000000000000000000     
     0000000000000000000000000000000000000000000000000000000000000000000000     
     0000000000000000000000000000000000000000000000000000000000000000000000     
     0000000000000000000000000000000000000000000000000000000000000000000000     
     0000000000000000000000000000000000000000000000000000000000000000000000     
     0000000000000000000000000000000000000000000000000000000000000000000000     
     0000000000000000000000000000000000000000000000000000000000000000000000     
     0000000000000000000000000000000000000000000000000000000000000000000000     
     0000000000000000000000000000000000000000000000000000000000000000000000     
     0000000000000000000000000000000000000000000000000000000000000000000000     
     0000000000000000000000000000000000000000000000000000000000000000000000     
     0000000000000000000000000000000000000000000000000000000000000000000000     
     0000000000000000000000000000000000000000000000000000000000000000000000     
     0000000000000000000000000000000000000000000000000000000000000000000000     
     0000000000000000000000000000000000000000000000000000000000000000000000     
     0000000000000000000000000000000000000000000000000000000000000000000000     
     0000000000000000000000000000000000000000000000000000000000000000000000     
     0000000000000000000000000000000000000000000000000000000000000000000000     
     0000000000000000000000000000000000000000000000000000000000000000000000     
     0000000000000000000000000000000000000000000000000000000000000000000000     
     0000000000000000
