     1195757112334228578144789001861204638271281193956753064460029100429676     
     3862513720492068429080828847393103959868932554449050720909803893830417     
     8484533899957759245599774059993363352526907095063580683346130284323161     
     4523689774084003536389073812528141793561392877218838738168187224233910     
     3318416339346676219375924465634419213822371859556956739677708992023858     
     5620590133807598227433160564286376920466312238602369064180773141945991     
     5741826998935380476675801786073626634029463947257021960088755249834452     
     6406768414248696251988975414051367080699347429415130781457815948718330     
     8212214193902784506175439024792998645577690574913564652368711096615544     
     0190510062693517877060184472123453132853826365725679310947773219307834     
     6954084563148955804150576771985234128348606878978883604988530780629833     
     3479756801539981068364649307651487022645748417716021456783406811055404     
     4673628898257603014938028139023423908688850960653080062804198180254000     
     3274430594329886689416921560800233539364307161856288055546402644086053     
     5694660428312244189204023019380283376543522386476766897591475028151224     
     8779982212677398267389416011096235838879652182757984954491460759547571     
     5521893643194164577694620115081332715060955194906686658086755405883559     
     9544343719526119179846240255710272385720688718446707142317189168340696     
     3012549354773218627037360477145218351995874544915190543979347627486639     
     4311582087267673116921111277707027493061404061200758182829641207336720     
     6810267445992992610442847683761054220107901022824483048367397624197758     
     1725435316475836475159496790976501617054874054232239927051834464377951     
     2477957854307372262376122041435533947048254134010732899965888150336840     
     2430404397551539649646630601126471680822196102100748147136222829444689     
     5809083664241531177106714930168233527629194164501281203120707931092425     
     3370498493820951065977982556249475342694953266041880634925521682437337     
     6627182046280584027516221380666370398213769555828354472345989784539855     
     1415226368000000000000000000000000000000000000000000000000000000000000     
     0000000000000000000000000000000000000000000000000000000000000000000000     
     0000000000000000000000000000000000000000000000000000000000000000000000     
     000000000
