     1111357545468485492976888265556899824916072611478586459577556649536304     
     9918854425190017875255769147571984594153422141714381310212533448392518     
     8131743321289352709520082250277177743502618143905722947523906251148019     
     4971775581442593591762665885790439629622887304568510067149564934785986     
     9676201505138907643534353210779335177027689011526172498382831230218077     
     6291256270762742921756458185120904592785945261648019208577779856424092     
     5058445134677786816503719193812870800860740767820254760857827699861619     
     7535709594993704996629182940192249079916070201449725696860986304566785     
     5213379174162625010740652338022955758464715697568613818059430651217096     
     2239501369069180131460517983447165369493619331286866123582679246759121     
     8717110679263497906579501296380649386629269057155368812755427867677187     
     8758458077465993086388891047566993048547707302418023977547556448945211     
     8055203936581980750487852269818772206318982892126367432265878259726232     
     5169387183152988705881170576725370365521306119991078283130289547051519     
     7673459970256413394812684269254455165752821003844499654621409352538547     
     1544789669116425375840342980214713203716783609212748662857995037443790     
     0729000854001065058268341485756126817558679485871953604387450976952937     
     7636442771922264051713411025744786820469092773361920996695311379507308     
     6721646189369907276323749073814066613095273653059839944166966141288614     
     5204842569341883997659529430531851958212189433478673883488615348269796     
     3252073715741588295896216234642191522103966046086289085060303355042135     
     2096448071250224635264606646921360179810562265035259723852848288443387     
     1919111787598781005149103601182573107024251514762053379509887567467624     
     7083949158965976467786793220037333289853552903685996379679285466544140     
     5804267847771143565825086468190220954682603105194720694302144754820604     
     9106382929130378175759465335525582169618396560096925156840204194874771     
     7679945287046019232967581528356189716259356212209125489773232765058677     
     6674223016202786828976848753645930512197950629825711147184869051722062     
     2903028272025789080727715673577969395089056828648634033136813701176999     
     8127455209247330306285357615130947363201414340629394464534255300282380     
     5597861030754712488321660940917289393413403733239668138928022884531107     
     6265992578483556889044893196883667601060959702218708021796062853937442     
     4772378651545803539306349547611363564515924869195296541604057703988420     
     7625324236563474347328166902033862755833500663698846394646182717128574     
     1495307690676050482603813965295922557856547691347409212458182072837374     
     8143912769409766480832441568502295506034452464113943251592126515574717     
     0007865233408972447119247326066570717899486846957662360624862946576519     
     1015135301849980471001971934170093729658837619026839038651573099551013     
     0755361176540860365096816394370262492008784694940577556122156414897723     
     0500320184843352594037028133983741841650461849158136395140138281588743     
     1050135343528939023956558643901591947207111342047416031588625986038791     
     1180872970611023797104233249244638770260165801553978702792941501777220     
     5431201565351090618933631721972714277969902203928140243096800453385479     
     0796339756993145190933647787075766867458215717108755275626363481230013     
     5943241916767245226094580391799856092133838851623535027671343140721131     
     5200000000000000000000000000000000000000000000000000000000000000000000     
     0000000000000000000000000000000000000000000000000000000000000000000000     
     0000000000000000000000000000000000000000000000000000000000000000000000     
     0000000000000000000000000000000000000000000000000000000000000000000000     
     00000000000000000000000000000000000000000000
