     5150129959908575484660093735964154380212512313454929196795995779537673     
     4823313119870448548480835379613393331874680380759233747431862852318476     
     8683007793456938451411991320732895778216164880183241797257488345568718     
     0710911333088814666291686893952551817461012121404157193767288130526339     
     1545568478038557038715435227117004189041674504074806814414877609185388     
     0298712066498528375608201997951038609228007352529732957335080968206857     
     0145671052096866544295392738124691142816751055590753034870219639390430     
     5064426458641047866032737493358957855066709065855603880840870305289717     
     9565083048908858398791447099328583523920307338014158764590741320557746     
     7628916302680154114001456043066032235977301033491491842711599044432725     
     7591945399452170368723176089280404183123681880933470455434116523579221     
     4372125664696493215516710844770484929463717572721822519003679804248711     
     1578547244479541244614320635501815116139675727765103871278927795091789     
     5408400318174980246116302997126230471851078393352625899488450368224846     
     4345347549210836816836107881392008726537080526475578024298072278246719     
     4321974148479698815345579018256890178610335250831140257042802243782784     
     4977164454845042824424249543307869875066964951790203089374014546126857     
     8783245934094375313700701645708043474578510647543910051237283211252486     
     3633478307282265287553894778392453332900381835459798373970953806314036     
     0313200598566428053290069930119872043724571497358419191720447185049088     
     9648952776376080633589948778220719625414426358872483038111637308066005     
     0706957603277565310388201038766500357166014735891122171457029125089738     
     5240372527497605682404431615965590664372696384290859585965903339906932     
     2359061918767411354221362516643896321940931859547716759326634903672666     
     2317756796974201155305894349010408527693275706370175223434695953646638     
     7033703164006799299914570259460452442538470849534287001391573073901517     
     9528497791302003903205358673674206962081557250425874465954896646996349     
     7673527582204540785460679413384603577322817720887967969348707531858821     
     0191036194402182743821195991038652421823339086548907742682986318074638     
     1291056745332560435288534876997919062323345432947315179078938877071801     
     2534377147912618787918329715051198006113874770263748029027888765920924     
     5513377458853462000564307687590403310966104525538921270268390178919702     
     1349986077161128695682700071262920532809725368061897965345208825494517     
     9452152761785555821771544486234919921167373979762082752038757448081352     
     9878605411184284128330353321727143444260159359678754982128307381860267     
     8154068273548150321306541694997486472613264454012516598192792495814115     
     7846327528175043402576183982775299280735589149581057178811120916572678     
     5196617395452882277993658488113466872572931828072921595469577171472482     
     0346998649548633107765417621036556492939721184909614769470101305499190     
     0136599986258530529647200154347100810666677917171498530766463169159454     
     9536879571645574421165357196937240424798673448508223913212946576928110     
     3573862606920722760682810054292439001367666050163240045148824038071540     
     5013389828464179174518311568237470557915718943611265709707347495955362     
     9929853827330361438660842940306164850020219774219249486293841944777865     
     9292660402975364136117877267115888287886007786976149301728091597602613     
     8259600187644711366601294567297377953387978190918229704792977029725480     
     2414639973900924691942811283671767285110566214485282605967943940483688     
     6117679759606411151181025070554654495057180215098080444685880173478641     
     4661993859651954853118685270354261466197770803188443010067604317231096     
     4387841326559541721755176829857111938394487364507541314234549051532379     
     4276879253477311517269668176243377093292765013844590128383609515444673     
     0025717660547964178201174287806305454484650431143010213868258933998870     
     7207411041881520634713814915151103139046075440410408748751063091414667     
     9788345413647099827064519128025620336072866173655949044643849063994879     
     0951899210988504566207593617561097694588603672734229088710388446043800     
     8133426127328799378628519879857988278829865524322171471464977599260169     
     5366673428945093128001160948970090681462149811502427250535541001898950     
     6822493524538378851625117444473957004010501367465622353422587999638662     
     0466646537102722470336277924833649712334764768148744425007526200182506     
     1437534928811682692104845998602239674249527247767739970232030061805269     
     5700444747414394729124724755070045937017814316372006700800903285033936     
     5003957452032953206510528974965949248992729354071508933223832111818644     
     4479292383812035003095531417981905781303505183437440831001746448865774     
     1233521600578512231074012107102458741786020535778282581956491546540794     
     0181010935437155163332299212233891332241658324659865380279499859082338     
     5475634116091446395579895650175149437157071111808210661468953537402025     
     7225487348406386080203096243987502663726239731405101405301100118182063     
     6603488461098070952141965626509712166786745829387734923090248750889340     
     4281396918036698943961061826605378294509340144797462539854636507984834     
     3524154520990020389121481417305428463235751212971703890214827337754305     
     7943731657415648417532593089796509006844859337614869836045881835290804     
     7664074450260063794092867093085592964821504245171163823358437731395910     
     1512229648979600705847296000000000000000000000000000000000000000000000     
     0000000000000000000000000000000000000000000000000000000000000000000000     
     0000000000000000000000000000000000000000000000000000000000000000000000     
     0000000000000000000000000000000000000000000000000000000000000000000000     
     0000000000000000000000000000000000000000000000000000000000000000000000     
     0000000000000000000000000000000000000000000000000000000000000000000000     
     0000000000000000000000000000000000000000000000000000000000000000000000     
     000000000000000000
