     4056000694703350142624377593638064896489610699342010515934842870299715     
     1476526117135650198224643698455429202897612713586891972701669485219257     
     2140980415348835344489873708703667202955116203986855255474158653300814     
     1882513262007486455389990207392756301188942102058022334218840017159962     
     8213869596263166043885634941171595533130632006155954373270691557824441     
     8477534076913973811198036555546497132670114400848333801237638562866942     
     5365548012765789280132671758844449588017674437282105252019258142914989     
     1402723035263736418964377287394232187989271863859612662623904801554296     
     2411829821600947473809205826483640579533482786921696103483167922143215     
     6211681865998468033143863788493343508866179389701081601177260762056482     
     2224335042522706421798450459119905524052963698507767337368646406001640     
     5882413061114122546313872783157686230637827753016393599704847713972864     
     9640993445501182129971720251723758286026780235844872030949731760770234     
     1195032875255834272739299962055987732001815122773120004661528408796713     
     4161223624158435573524728244911132523992808834707941362860138927069170     
     4371625904204967331410716020140366170329503431813595954638017769323420     
     4429323907128718321708820252333119901984690748179059215099230053880854     
     6469376643984156616489798114138004958838835850861339034097734896215078     
     0444517229438163952342074606713048229024999472117202630535308304452438     
     6481205311527965139663587185612070352082042310125224942750233233254153     
     7759813492167920636646300786337554351251674857576089563149710709980765     
     8027421757140118295855896992722695474686289272684921345995327417438334     
     2777184175523460763192575090265456117206418475341185992436362007191091     
     2450080861557554050560205484949761739183089585975379551202517587836628     
     6270633116655216571452442728826456089611093956273333417936517509277337     
     7503017738226354860952799154560859591139339947891467482329620925246768     
     7447250257352304978292556808233848969677767834312710974400971021079506     
     2302571640132892533096382699879978760455406458754885298823230900141688     
     2932404750515058497042005619398120435407414452360223616091718514238618     
     3528927086475533672038266164597592941411944239941728154235451518991565     
     6697657672775239389919391833196739053557454869457932250670186602343901     
     0963222043334199012686630170006631825291009977435779701008059110239326     
     0971767537118501584862182394978721719011370616928890770585938969748478     
     0354195262023241404656055243509572758288876306859103551332967444840138     
     7024695582999131229540313697670002699941555492141224928366469963685994     
     1455924437773896480690131758311172469581100992740117865259455924435772     
     0740214356738799432490338438024058501788614696062611269157093679949851     
     1455421759672672594061265427899442952206503484481611180440952161825279     
     9492926832384441261718930688047775647768726912816013453024330880352950     
     9496511774731607442268921995851605273213705443467491300512768438394137     
     5598422925747330741134818249533127998239359011660772585628952088203861     
     1766982095222837779377484380227976846216978297319753227954070744274955     
     5902302930180736338068907248450594957440651644024216736799323381684837     
     3285826175211279482880000000000000000000000000000000000000000000000000     
     0000000000000000000000000000000000000000000000000000000000000000000000     
     0000000000000000000000000000000000000000000000000000000000000000000000     
     0000000000000000000000000000000000000000000000000000000000000000000000     
     00000000000000000000000000000000000000000000000000000
