     1708235588183951829449613331573945793410655141743290553560021610695249     
     3145765516998602548997786437335941856494298105410921127389117320542606     
     2898063396917868774933274198981383729440078577832302278033312074370377     
     0256588207371186311187708589420942370240133242854042963865804489803506     
     6834759441518414077042416663107494644658019225895027158795941274199866     
     8797967533122182478891727997608449803083718103365933374313083624484406     
     4345467954373533734489952535635647945431450117705796947016586629914543     
     0887121682092706973535931800667628415848073743372981117137225125107732     
     6405866834271261945001231793995237386401901055072214215537116324796495     
     5298288021547387482661235116945846949073068369068816907415622365403534     
     4779186146393731270270303715598287490301428658838507976818284919677498     
     5307376949303594313484196994900950903932935015192883816047834621999366     
     6837453016654620312113112629097168515438591474296655526556144949336405     
     2927861885770862120489170581067672967468880467751370121110639545674773     
     9149331913604504349682764054848555967938501594888054890445417071821402     
     9841828972977631261040732010921222207807496623388751525913219658955719     
     7646918101677846130449970755321998141631985135533682674642178390830418     
     7155680840046155600883496956607630811534827570219172927711024742202954     
     8984257548285733417271421374363761362310898926734991747546428005354928     
     3979647939368345401887685849231967010280288765616570262790672679121357     
     5997486803272723435732664457224359942738805406394404614982972838443806     
     8963246535706850181223242255897511669804223949171441941841248028030099     
     0033952676991884166789550377914326781723992582862559812963428529728017     
     3550266814716135094738173515879045859460585338986338198129899514491354     
     5683864888152915437844020632445149708062821546566453114509000453586571     
     6005290092691734991977867118973436475272289873298271619997839506940610     
     0895192644526583111442180048607816921125480342876642326137584919555937     
     2468835150538006242582215179218273241717820771981002520155044544922991     
     3839736606310114558860885364894315828584620848171756068774945985987639     
     3955466366010452677210712458569068084949222588045150482910220443431758     
     3833730107860590264310706870638832119874026343012053694371555149476872     
     2029928707785934305114197756508950481114557804094365097604092086115492     
     1507017989128152861234824506357641238685337278004822075272556658742004     
     0790663714977876824662398056844092237390191209593361507695058576618465     
     6578736555786300886597286834115191187521538223309153553651432115033432     
     7877031247058837578231943745095256755354225989491502776303500889525213     
     6105095648247627971238429211799431652857467213075069815332848503734734     
     7125966234192383917821286454091644113923687205545790177372749413394110     
     7733498946026145667242925880590532928306512233751021848234982649847139     
     4212579377657564042170476705004506518397453476158784132081810921979792     
     6737393146527583079761109933691339494437151215993322009436537853863539     
     2497434866447415378597175202058872175345868082913503109737871589099491     
     5135537951727749940151439879930619001970771460496433119639615880226151     
     4337907968139211350705221280234051987066872407361722640688729814803276     
     8964065504011139516033683057296234540694365006615030344153923233389524     
     1440272775171274328638470391307394167528567349650082450561932677313148     
     1099848884345230178967764563357511937089676653421558270005147557395224     
     5207444692772141447104594227977064694202020501282016821382884662477108     
     0743185434494705879520269847544560962983841952967340519934028102614387     
     2395527984632153464240112030925893974393312420277864410580878402051732     
     5014693987308820081082149876281895997912842893001452600612609258665284     
     7395472918323821939781923696673272148301568352345092991635971342851545     
     9182690906672644162804951600155798428617505507417353408680147735215052     
     1645942917888232866365562632355459456905612498401259099835266831068184     
     0871173005937044056739119622407536493494011738009770840882933823926763     
     2948241707640506713349484997927746426148116839284533975974590412973405     
     1537768093830049895287267446824618804025710427585243938544061079375063     
     7583924611738142146234782730037767833447943425333971730147672964163758     
     5876542804295379801700261674217210019268705693906605267290952424240815     
     7722847806358181968376145689023014084658300818731189303884331706649800     
     2035351635087829624830485200240483373020517489020954420135670915356338     
     8765036737795879151223816958490459207199905934836556362660232270202229     
     5232673199207146193058253446051173561335484755391974416217128987301475     
     4773190741307185255764125671107806796017805230195094073183303540052738     
     1590277319626941877491247083717864977044253349904769294573763551616963     
     4727154073283045016740787329127240863701698572682471024210107283641179     
     8717697235299621249125887043790811441298381116009453942760393574291519     
     1156764348554890046985585974458652565261620272591172410938657148376316     
     5627681646811566552352209595967331557149466599250215062070586362412804     
     5784748135899909826863648689471145578852257308626680514704996852686616     
     6188617615978097827343913232724963951494775731075537565384686952223932     
     1301284966019298898652113604103542226787302392870283263095487536045072     
     6056288665773270242363242734104566459432353030975592170789435228537615     
     7294755419161636422615305340778958830803741791605798963880714579503547     
     2079151941487990681219513097806448140020872802277381051728169249437480     
     8738580501919544157131649797279480286088749604805559441441666384668508     
     4732942484829264215946890031910848080648411901582490737122947860256345     
     0736775692908118156189187845610596099784275544966390214416319761520736     
     6228289536201314736587619959763903435360618931178654028755195727624320     
     3213578122872313756350226032159654349255409095853591340992098983205145     
     7976216207099427296902968973554858257199066854901278326276403854623894     
     0597866976461165113431884130863280350896787884515927821842806808910429     
     0443460082964731759726256861228390794173334892020040699273013816982734     
     3249433047138898089660069422053914705705106132589731735535121220420366     
     2867446219332504657126489112020925736472220939191202187982873576577435     
     0174276926126382465770296720678490255967341009810833424134467334271950     
     8956924654925388359639933222215218359782920740215022205051621929894534     
     5452277681565035568298354284354253410151801176591009939786734571569500     
     4558610272038833906990303470097511467415836401172100477568206900845943     
     7732319248431609160080730977372193712062472666485554575367145150257690     
     5527177784081663679016886251591501341040464665636656118366521892571033     
     8029284531286810976088087234584271680449921371818822955071558790711635     
     6396119879488607592978647832311067008907505857879523843831789238521763     
     6442438121458991645228469466535451089399849086037412723419694615805604     
     6418065922258629427459860468127233328804703331937387292312036009335900     
     4619995995234320017760052441029666039657956326404688120711542547675593     
     8027155950853705876354897568174551678640315609822611434901675238760252     
     9809016460191176309677812235710319654511661436096162288909954585808704     
     2617082561039251137040032070704475826141139366625963372443827737812403     
     9964461109156781371887325190881312381482046064048291670022170104328190     
     0245417917461674927680166718241636391455396075937300546680463697461287     
     8726709482680080566995705662450687623939947591637207359847206620656325     
     0581338975113488551982633099438540833583207352888447315421752557185541     
     2633742269266655832530979100894278155174756864131393534831060151391250     
     1306274263496815141152948257835952586621872526165499154624980851088137     
     7668710397452308237436305791123223234386443924050704722123989178588419     
     1427224846451828731462781768172013617216846473540006672569502657094087     
     1272085537366699130332307314531117589701944699772513654862290846443424     
     9690975312339584444464482855739758781778441372077242913685169554666804     
     8808859687377235388355023352716779484315021974154692866417262927294933     
     1446673655328686853158440159401394334019687289266385148985886738250102     
     4504030684022416140630095528799115623273013377984867258728038328292506     
     7178095682785418248692009260412267057548855775045923742081749344981949     
     2742603279823350276951450045395234938566228384289265734170232707332382     
     5902214930012794318917261486028491737089256895896534841754986342847321     
     7665572385171119427053277895860106803080789390516545274720598538080733     
     1918460668820010649665426172455933888752585180453274904980846452434505     
     4886706668296369701479485494826344893844187312786317783573926701880730     
     9211409182166175049966173647554561339056972394089189462641121913078417     
     2475540295470891593525916669562331972216749285944864371508089697858680     
     4157462870748719717053184696531880163919738984811414846548421453315154     
     7607933168283746478532444541455939811020902892276875690056368464917781     
     3862806781223931617534995354817231073992832140566974462382415282966947     
     8975062243337145552712687422842664867530053752748474502446871752086108     
     6907971190857249442918166712215119625109261329456448178945441815045165     
     6427509640771566648034957708519947304072480573145491353777910116019805     
     9815386557732015085886986540469740231410727273773138382768012547727916     
     7066997194165929412536905428913893088382762087823961253808369075892830     
     5529654673478213613373631595261375497671109371125845836536584580410341     
     8831815418071847747181854924448019026227595803794755240218592827559620     
     7401343436113964794594387424400380226534278114478193771066393171775437     
     8728053837393104065649990796147564674466169776544274460036166900655759     
     5436603896693046878417511862012819224039042142770798410919830265633516     
     8023143666740166669840719520167270321800943096388613216082213254421894     
     9876421176725757862750820836423775716346709734057200625538451764216422     
     3246162520945508633608844652670203894882296057828221950103362206008808     
     3802242917214144138229657710062765136364720108819158440043357008184713     
     3652501868434973171917260632017882434738413648858017505075292692086738     
     1839215897912940189480787282958474394850179982901332638297298453011062     
     5999107053515606961416928786556622164414455863185712523193452283116591     
     1159523598026210246727964678001465673729187440947835559825392929103693     
     1891856667825699373043856787661749893608773544455816687191146081613151     
     9708386631640377224696635044798184705068367117686161017419086994283342     
     9092414804752640234174350390882829257238491632422760876746601468987278     
     8309349601699322218854104793634350318279563516341248188498166593793613     
     9153800658656824426905956280419143176354800739462933739569354356859953     
     3012842266782363857193467898936406616459386754189691657976203023551007     
     4136836781368268093089931652065988153968144937441247017979896342647566     
     0674991089401683944688030352923997383378591725373861371535076686478819     
     4328880441639023058435191205157677859005280303968393625101497156349019     
     0480821158897344362000108320407703045896331869209672744144743954887347     
     1882128447872675913909766927089175316487088392076872228006729236728342     
     7167451332424499200000000000000000000000000000000000000000000000000000     
     0000000000000000000000000000000000000000000000000000000000000000000000     
     0000000000000000000000000000000000000000000000000000000000000000000000     
     0000000000000000000000000000000000000000000000000000000000000000000000     
     0000000000000000000000000000000000000000000000000000000000000000000000     
     0000000000000000000000000000000000000000000000000000000000000000000000     
     0000000000000000000000000000000000000000000000000000000000000000000000     
     0000000000000000000000000000000000000000000000000000000000000000000000     
     0000000000000000000000000000000000000000000000000000000000000000000000     
     0000000000000000000000000000000000000000000000000000000000000000000000     
     0000000000000000000000000000000000000000000000000000000000000000000000     
     0000000000000000000000000000000000000000000000000000000000000000000000     
     0000000000000000000000000000000000000000000000000000000000000000000000     
     000000000000000000000000000
