     6531825117194914299163082984354244785688590773921262147679328867954236     
     8096868947792171845482323709467679315007880786537314634045644330215990     
     4363245650406970240082150308386860883238783246872325308224695699111087     
     8049722041657415771255329746933467580225721523327705176085190079755604     
     3709681428556705843902595070821271670815090132882976508439323806265672     
     1798609115153193773770741372045143173645225137615096221773249564705915     
     5142435216330301988444854095827806990651454041826669316704732308299457     
     7870841879065050680384414526224390450991842462326058014262278964748826     
     7547947540876860102101299790878314996820831550259230647017143505934430     
     9211307693701727851993062738003295395686478944938303215564141073594059     
     9869721901434429513555720564157407231630479078369489290630002079251966     
     3587356285330681418035030483665573744955028731226893461958836948698750     
     0717130118591976969113280564079869848744333353815612867631030902736524     
     1785742882213262260356516859808400474621108792259814635492680494429174     
     3522389139761432581656249324892962008793506225896405582574885962551130     
     6151017527632264036105570420380651136037593767558241344243238503044521     
     3009678120192059385413048402960637080998547243614438502539539289253424     
     4875394173853626047198563270747357188156473070796238730192828962972658     
     9444653101901140540377685032447412550546117873235406365093400055704384     
     1984251960977545773135894337726573958812696359745801318856256505279390     
     4830255610141183162747039061580724218822430932687836519135074772987276     
     0921594537474697360200861935417642190328585582761328684462900299235034     
     4498681139135925916966749931028273532901440900163641053523424180809670     
     0400445441176911821366892138486625265468852234180974428002057495189982     
     0143299135001506397795711776528741605056911244198588311194058946874071     
     6229513419885608776976940524500572546766987715799829138769862415447759     
     8212625798816269216993732883434013236622383966681847404609254960846653     
     8454228599346083760928767974511517744856590394246395770890064791793743     
     4791686797556688745576601203123688697195071866235718245026496187922122     
     8253097256218089505941043671076267528901424554756912784777247345199131     
     9726514461037927266465244202495771984141853300419618594664574789875618     
     1705196544665997878287572850733921641592888926773013235901128294316962     
     8767112258185677513165649711038021957510992546833780508448004290188224     
     8191722433339111345439892744386215359999774566968811462452096175721893     
     3275254301916370738391870441124582182878093947922964595180857308147394     
     4549537467572945432424928800194962497319970462959863467539119694567087     
     6468370858048756718953135684276166914826745282214290821818850666650244     
     0243388054348367605619135085326300720591559082068754160188596637187727     
     8925556299528188993751063919448923781656847438647799101846890746735883     
     0457643955672268877928555318934775224636134745098779078141439578535446     
     4703888541521210021567519802775580466357063983702705651357226457882813     
     8101142960857577605984121321107021204332564418991671339731695457981079     
     7757993770009636809574268736055161085998143404042053345776383470937011     
     0196760646290229635349103463011958504015051191822968669074280568321689     
     6591000032424478334691968059184570059245936653962518616050075497478064     
     5567901332947362755983584136141457489262101870558571717994457032935829     
     4924290403467039244526828693619995194026975283201179669559166452414436     
     6576623764712617928796350706073486408895313924043022357820826733027027     
     9715160232013796547924721303960598942099321105630586318834032027055232     
     0876227248013100100812740892552157585592617928030824511093831534483360     
     7226259408658305940412912840048415922170058781304201166118010220581949     
     0743353332310660383311197522936657110373895782661467631989150033473215     
     9896274715269785174843773322114176541371429150210680933983439881877820     
     9426527789007909794764909650952523111489614847072517490850180065214387     
     5104301093586095682320724218312668932103390975282199242439022383327915     
     8855057367274268033675334323558601045383272034024416929170986753656290     
     2494851883193792836508682179022311103917435903485789338270934225595745     
     3157792712774017427737159903775044530305478087173317236010851131739279     
     9367081034404005052746129277701130203332771811013306813385196141913733     
     8776189873127574322199565299633466792689351637907444067263055805826106     
     8101560304424647957408878908508776966808629872521331107252452741244162     
     5688772169922794576612775882124035668419542340852654599335799093946409     
     5355284160454564723930268365826414384942388219153805878529298914547820     
     4526005520552384281278807786796081157650481468812918104513606379265942     
     5482164672724283165829945768961110870266486700863723237149324284156505     
     2804456349032836658955921883767308687261028127900629569236919962225284     
     1920468369774660229752709925048717965757674847805220658019255229076218     
     5317773544704249034182898864517233171635058690488400277164901683154653     
     8664392770685518166930495544854520725894075776597989479926335427401179     
     4106686261598847717816442089659093551613344523519084850722758158646289     
     6346879521180658773321744843612412779697479761205298514476364579182335     
     0605827087889481845252920232528342229134212868057949498083007731824450     
     7797231479801543183279073994492317864837974231100233062356607962551943     
     7624018424920749727283940416760282955281319709326427187508889769638365     
     7011421193052122897890480695132703913514556138600925972736938550662961     
     1617996325160378160649206859018059957276446066748820756589619659280317     
     8123877548248373577281540488187689309855125828255466164326191826123970     
     5189844132423600496920277386590242900602856503394607766118143532150661     
     3157687428840670778136568920808158781612969384108170780192965944324100     
     6110466829540248817955120595556933616529693651880330104693115359622677     
     6999350684204458355803356197664950827772362297482237139170691586205579     
     3102273127793700650768080165537339340424754377583448085364924209813358     
     1948470962506047066581140244840031286739132969591582720365630090419712     
     8083453185323388464445945160356438510891634739966315028976105884565826     
     0674674520398411182612156954254841775920974626721139334434762439574563     
     4294328915416374327854167170507801575224552004900887385344087537898532     
     8121265313571410886850051876098892607559919152270782183942731018831840     
     0633317118716292725291995769395865321580152219271694152958577984801457     
     6292554547574449429795083596927422521326700742460620705130641632606718     
     8964234788524510710947453364999299546439670751845618266273516165648549     
     5535825246670696252878688974873653236114084042026726738210482597873107     
     2619611945963427494691988157774538030413432669003038481887607685670595     
     2540013825997508017714431113821262922153185711677395352912065250951677     
     5949069613081339226497620936402721594654762255136571330868048214209939     
     8705888488371272691721202793194936318287999767618943951247104867575585     
     2675416082970336966774522007643800040971535867991259044853255183844666     
     6115921178092441315383122330618265569698335899089078421504597095165873     
     2519951581316630804404841550076870116477868992053490707327341238789058     
     0981042011289598466797706615437742265518279310487739797148670491650461     
     0795179124167741413403076536413830257238849691641778274704958693248430     
     4364848684481470096283744866406181179425858361096324577994659423509298     
     3968150193950067676348417474669124705352221318848911085967391410696381     
     7588975553555429835231354946795571058105802900575095137556050936283993     
     1836296784371975818127930098070132852409471789385857010438295927503596     
     3725532493659076803957184088184224801149558627638248575540393354872642     
     7786195467773352321394788036346676158870274285978311609552250626591487     
     0416837471360218846475753607514396320301587457029606970669867305420702     
     3658803715166338511106328012663103459847140195928040790360329318467706     
     3751495323700897848796845776890048325045098500718324021728654094368293     
     4693045153972792953512897534250275597416196135081918701635407511496734     
     3755460033889322228737979071976519853832993719511156442989950551613142     
     1970226083055505982101784154961686556582021592556565005506329614261618     
     1924003562114074403192416529105792315556875981558873975642961233155673     
     5426523998057560125251023319315319132987279841458499587361948142912082     
     5184041867441040988377755148389070951024522229094512141285313857487968     
     8362204867390915717368107940328479566126482237910282593109687305051569     
     4386300358210114817385652434545877876285764764566946262490681646535530     
     9664324697247277697314243164305673040620064985746025678686442521190180     
     9834452365833040926334566202563444422986718517461245210802284760004830     
     2293038124774745604303193268520115869465988988505801134826831641257070     
     8994379225065411027123007125657966099064052803829603162138904438455903     
     6099839439709917211705383324900850499043156741440832711834704573364397     
     8615840617959418997365611858136492968925982548659112871220471929844482     
     8628624506406159902063331130201620287215366441526986610233651733875391     
     2461849941763253986328518168393238318937104662743940183699803173905941     
     2764059751743365344091318994477692773978969787667764430891004060600987     
     0592874631164292278446945237753365650948862943275212147411653236267172     
     4864821450097959467075424199669623988339887977967620256903929328492175     
     5547067056360709709520992685044154706412338150510833259704320996392443     
     0425701990886194140162915924773800241847564567363921189046038474933744     
     9300004976577979107524173821345632765353968975750489491744292986770422     
     0572347140587315192630017454009040999940844810473796746790416930225281     
     8202058220075079002078596091731049195379587158006095244224282454545231     
     8637715696999200926982819247029574530767263079026360594432989963221043     
     6136343894039773572440718810654283780859034284763398301766579846015784     
     9010295908889066354562159282620578510102320998074137022406053583638999     
     8488969055988595395289496059282579206090144984527517063765064490092026     
     7628959696219629264021428541523566284750541061726346729999214964453615     
     5498745443093006660162141656352166708376095315794023692947286485116907     
     9326631196835620854967559262007583787155780378335960958813241272085117     
     2272390641550157883162856142131778117615748335865855162733371082260315     
     2965295472503949295462504851464511234474645840398084465137514191726062     
     0904974548355889522265128276892067167614445015857863005350807424992596     
     8892970983113145133316895772779446290552729888442549506883845170629748     
     0678007828634884631885759228044095782611880083077560018837506055381408     
     3950256420336859682668489140873490759548551649144231346964872512900682     
     9847895747932720651136725330580459218615902960749612191327119577899596     
     7505560350199481731307330502584561770288235552850772391935817670863045     
     8556100057491586765649589100221877277722958257090716981233411118237737     
     8004808015649553208327743693431525183237212799521343810235843644869008     
     6692739247344783964581550309474405187486757767702396901786375795380566     
     5078811045809666831418375574262792774726071044029229586172874468491367     
     4068753656530836423521686956339199004713761341852388306516573608371375     
     3450060179382021877824754085892127727978534971966502503797359784317695     
     1570324103203059557043081692895545587222440901304326935573768863173794     
     3928241554883850724469624705895435953484598505875149144217117386058247     
     3880354541254089487041771963226581464728191521467084598617831698004865     
     1555354106587690952785588887028094595984598370952351731165195132225747     
     8798991796034930210488293134578724386279271132470366414769060543546027     
     3187309585741105708336271245631895706872010783306218399850953423359673     
     8202048385310084862485507201591715584523781922548322841256001561088274     
     4625730551408913455071287477935061942143521468835369990648334061393516     
     6275230352767493722319043376779003609394356376223221592537323657172746     
     1603868957861229350610386273652274330304740169642926446063050655780152     
     8340041571403866359342904755994132048780585557896824431265129010228344     
     9945492977642691078841317293487039165440828073939131364530505182736802     
     5086245873910958914041241941162891088960250575426358049622031332173672     
     5446301496611545107801159185784217093094419718083643032972380507550101     
     1486419154091758537704263874398549129579311519867760206093816567694223     
     6686316454763380532948966468072101812104582312355633074356086028005904     
     2208712740679452862275495794585307912794673856486655954942523815267050     
     3939701530795741113280659162121276147325906515447627669026336752445587     
     3907424378330038343715520154959080969094390484601002285115355189909879     
     6738339888505513918226611449886679005243508539159515610200820182703420     
     8122325483607031942927614554959545189467126513383854271231315749244515     
     5130051246383985834171989026799187081755990040337466924506292403845664     
     2489931522893671110070252535475695117177333236620589586680436512779965     
     7175377514913211925240275281702832333462811446437130503841097540105584     
     3835353031279396590319547427837528638844998760171979119903630682822821     
     1612802273749202940062683194053095418890201233939677759054773559891536     
     7323934432248014793291924987459023001637396082192271381135913022241554     
     3500151952528502153419938435174328740963952304621980749949044780021945     
     6130390563567485655545718050162143630077896665796024987080052303955685     
     0637785838023232310003180916298438233956940589525387700733469534631172     
     5019699016388011119189085160622628732334794944377370373251928536864532     
     9130952426260632527269184051362447470489591544687249895049033980781025     
     8120624538901896745587387592013696875938840422863371976759663991696082     
     7400697944158044918214969630799566974322370989014006910486507175778676     
     0011923899438798772103075119832830907698304718915926527394213268826208     
     9292157814896258246324981827596425459563423186007843992399929362587152     
     1976069401457252625138617340927974917264338607311785048742432532181769     
     9940408248845222271530354945273813496098444165806840294912027488601302     
     0279459947729610612710370396674039952795572489068145184575020450771939     
     4436554998036775109924450937959292584251828975484065708354836396029321     
     3850865030078275285787471559424337435627075810583330620963284613150999     
     6802496843540718563084925453832226484520460397805727990052748449854450     
     0183645921471562997755255383102306317736923487097718116707364995512817     
     5569116012655985074277429658510379542670400068064274203026511782208025     
     8208625861229836953933694051544902595770634164075993289028963996283962     
     2434751205796637049898243386856970362666879673236358406667587993019584     
     4103098877256235833901776397550662181687394876888615006571007597148166     
     8125313309552870280402902891306002206078585798563698149696693915346370     
     8185398284678785046692108237867297311409980828229673155893613083511888     
     1575661186191364803310864728612572702727716494921868300106386719016313     
     2526153612495288692130670454555914736655623933713543556708150390993644     
     9807102429606949478916011922108386598461830573400117141678242135474203     
     3429250206104812970815786249925478569433871151236131127021217147818296     
     8817990961995775066401452574100121059326068667997583177710229612871159     
     3752683444532868205228790161607353767363361348502241550134189439325679     
     9637446713909165548728373605208868719688145286876103226113909932726538     
     6742123114878499443596386381971815105406662192845729427244201148118069     
     9290177021441450937081645606229371953555939027144749199314084247169009     
     1835429826368099093910560555632978708575963614056418693769575827442388     
     1788493892937650812153176617355490099959762848136602595438257545858581     
     0478338029251115286843381922040634986543306118755555927358968356452890     
     5748786325532657852150633757083943732351973400728132788223793598323651     
     6786703915100325972248860859628962714114429338185526942366149888052675     
     4446950649483534410828692603556304676809056750334133231975120830905946     
     1269259599727508587180093447259075599960660323352402097949337524070195     
     9647429991422055335001019772663511593400247815557821141698012881318088     
     4287557626410640225969174641762571388649463312117652592272269512169192     
     9207028268533868020553660931603144108245544034392492029915217586860508     
     4962899419974673028390534478324385003544576114791228036824809003704194     
     8591518075778543530620311686799334499030234400906442347150320160113303     
     3460510240755841241108940525037271884801070704388367019520412729463829     
     7573342129828578538101181362743851028219951689100573145060771318501139     
     5731894674988087774272815616791359525063509901579196343771364670820437     
     9177854898822424250367689571356138785297460650831517826804714532861080     
     9719156100274082966425787770289877908192270319699443666032379285766154     
     4856512681727799621699708673142372677665656070396012226187177996780711     
     8652332492124335296488102659835517588939515610060142316476544496288474     
     6104126701076970926940376587811011222622563827774947586795155807496658     
     4421432015783330564569012132570279837770518823662585666588285359851930     
     2106017466488122034197722332244042479637403750354137575973952015479048     
     8553250005068196822064437472983100422673050684948464391169264894502885     
     4470950021722772303451512131842761958822511953387842740386392515452947     
     9135148459258573315353596454740174253452024241235508687839180722126601     
     6371988226010524067197708961459835308985136205704595200053601329906867     
     1338382841008036539044224266004611414493771283506353284234127831103021     
     7667702862850889202173180477785512551610470184729477911330896105039443     
     4599366519761957142492211701286344249144460700212728538345848129617302     
     1962458123555979676861114402721250351599784447188207305682124909454706     
     1931095352841564969542133841684503888054578044663702900912156171343277     
     6286961137129051662986182591555501285030966528235845376914696138048232     
     1813630024063207634719256925039761388912075115439506775784123073433424     
     6397750248399176492636177860774238262253833380303301037575459120513003     
     3987952341409558591740141205242403478237181305202690634638896780833039     
     3523200574362621114407054328848143038315233191806470086449397707096782     
     3701887993480305132688245159049733360214630553595987961760613774626896     
     4184700869816635489852101489451957707740897782036389927017683519105136     
     3491616821261344061865405590076680925739075236957614606830185350056018     
     7825443989044985365969906204238689068307096122228065100598189141016406     
     8529899269152829870328297874811648127042539082320701464875738609653165     
     4932567105880679388439679498037071195924173406780088445844492459380809     
     7665221446408104743510161761269435036558614008865085223548737112824841     
     1929285173785111169598560360530432271015702935008593273160773754976103     
     7343898889537664897322068449336589405920838944452694032983614822924815     
     6162388167268450942685205022725553536319115011685742815095621771441528     
     7133946415219512557217766191597173624250044997306506578703525602666226     
     6472014573984704409115496438847967789695485513719681068318816469751454     
     8641779657620522668350720303922064119612367054791442001061968211476044     
     5837615162738208053056375723700823817058696905274946837776398011110367     
     5315869608148935610075973966652025166122018961352086146030806628532186     
     3273520007472238949891402742130711584524025698193125530202408205431359     
     3404995383567552830991643789995963619943618579212851141868733322396744     
     2481678338882965859919435846708716430415780226318513512510839972285612     
     7609816248092168725067616459950844029028187628614865436889538998357311     
     4282171544542514678906565982438971698312597259312308298506098653174594     
     3474329096803812188285304832000000000000000000000000000000000000000000     
     0000000000000000000000000000000000000000000000000000000000000000000000     
     0000000000000000000000000000000000000000000000000000000000000000000000     
     0000000000000000000000000000000000000000000000000000000000000000000000     
     0000000000000000000000000000000000000000000000000000000000000000000000     
     0000000000000000000000000000000000000000000000000000000000000000000000     
     0000000000000000000000000000000000000000000000000000000000000000000000     
     0000000000000000000000000000000000000000000000000000000000000000000000     
     0000000000000000000000000000000000000000000000000000000000000000000000     
     0000000000000000000000000000000000000000000000000000000000000000000000     
     0000000000000000000000000000000000000000000000000000000000000000000000     
     0000000000000000000000000000000000000000000000000000000000000000000000     
     0000000000000000000000000000000000000000000000000000000000000000000000     
     0000000000000000000000000000000000000000000000000000000000000000000000     
     0000000000000000000000000000000000000000000000000000000000000000000000     
     0000000000000000000000000000000000000000000000000000000000000000000000     
     0000000000000000000000000000000000000000000000000000000000000000000000     
     0000000000000000000000000000000000000000000000000000000000000000000000     
     0000000000000000000000000000000000000000000000000000000000000000000000     
     0000000000000000000000000000000000000000000000000000000000000000000000     
     0000000000000000000000000000000000000000000000000000000000000000000000     
     0000000000000000000000000000000000000000000000000000000000000000000000     
