     1609760062251009019278034214886619844904746173476683240420862382389700     
     0579074775464489636689832588680327462071232183975099129930504795379118     
     0775617024946772934289655361424189763087497423845367234485259161798132     
     4270126235661566603598092862788464849009603428818910941360643836571237     
     8140278837358071563006203265426683183096611340555474707106161386409209     
     5616016411436320776239487870239630488472074163374258214173536904960181     
     7095342674212916320345605522580543127003553283088813028222090889563955     
     3251989503884268039379236692469608050254881768104035604827993063971409     
     2791694322775482583745670803133208220882541819653109958173249334254478     
     3205905651221908544204117309897919729133316157232131193199949716576510     
     4675035239943117564069985308931715870942749732178003781831448089395854     
     4721136665684258342660112380970924932264498608947597744510677836057456     
     1451113431264753075996408530947209739358791122508155030868166540126252     
     0697525326440516315019805829937418846753178585814842147062448155263233     
     6391996851283341745153740168509759751933302113618979277415939064272249     
     9491427656803013199276724343136338103682446674460455442602517032883907     
     6372201514867424188396919130196892189890732310015065217553535147735449     
     4966809369413209517627302020642855688735721281505134705108152501393708     
     9019675171090983894552946382414312750481317033031995269637828993475109     
     0983967552596844072813579742360779040124212037865209213037138296805168     
     8123940662060771568191930472230144358533821097447503523722133827496036     
     7624149555333535756513064120954866353119440802887592845156054390976273     
     4233315720145840574141771710934364397973771513023229288389894930002337     
     8151688590484447867191026812556883267729342681850191549462833692780122     
     9983285617964235556180393342772737028463565339593618838515270941053612     
     7214556581358647113482987976132463464253072283689730292459995047677316     
     9955529281573361004744157994817107159223088084975501548588728378943318     
     7522581670477941390087053856276074868919579875390683332711102181304382     
     9261666261496530058490459156012627833836966636083505842605066228259967     
     2910979033537647265330742459818748408649658369973684901397276679989540     
     0025152009333299885540894947653148440938175237829957868821358227008666     
     4303583249876899956030859890749075047383947800710213172628333403816487     
     2673540144953094514453496583195892372823865666920093647620562686411556     
     2902716485165842948188660458188088246317172636679229355913225647089196     
     4944031625947209658209939812739678136783889121878836703024165305983214     
     0733842648709683552386859685906286353071486698499832102918538131147778     
     6465754173453041843224821586266613336503683029966143102032217717926719     
     4011224165473282839792848300153965132490917463360703104778369457203685     
     4504618170627516539035377892133158916286717076157630668621356959840273     
     2786034913103294131973928424192086557813434344388762168920441499882208     
     1483861345262214214873176906527510043893483793933264451221730003156582     
     6536421911103066817955257543812059431296495163853486623071587316704967     
     4797341266795988070880581181078733014031845321154526939033661120700086     
     1806556036560225905835045015468979084151377700508742520515105749765094     
     7381308809440581867683849247213092263776060768266316819006872690274265     
     1124879173116340244280354878058743092239891705634773485967890505351939     
     0133427956446896100545850142176687069987768646194173930698650720796905     
     4291844572471328831088531701532374476485841662943070994152109376748706     
     8463076760627946410985639395625862415924495939757271257408208308707194     
     8217190152928383457013422542200060839729631295349177710593600564879336     
     2562357712578952777168265799014374820254908784791692668484276328313185     
     2057702748219875725320099798390767709699139442149576043541575857454428     
     3915024195652546092702784182772740829983139885164075834221191273949378     
     4956242447546841901312205223634943248449369348976851209040749664084338     
     3105831276667052963558849968105593899311861146443201578090805105899853     
     1441411391454516015864153413848417519553310514265150423388101232087265     
     6324710125263866974874751592471800869467815058354874374558031593144575     
     2461215403277490164074611914146112962080263296955155234402834879078166     
     4648837657227047110093222300441446593080661038432874723359845990083913     
     8653110178554343759998066056820478664871272967467614053799548407675718     
     5637538268587746476221956555887775260102221358924635944805630595153836     
     4551086368233824483461005539200096007954908699206355363485362082946720     
     3940710953203732594005923669691149796143511927594265965739136403106175     
     0395444052340937321414604660041355706500942686442543788686555435196223     
     5806664842314694425747930737109965357466981248962737331980847696752989     
     2312007573924893376963739426869171989377361416475374666808576322677836     
     9394110874986028200420928519861005452866800114223276508082202049806703     
     5906382904492569592295341714728816503387342350849824678272458571335888     
     4544884279636582443724799807662424339374938041011655262650864640913446     
     1349312673397153419523373939102244430495757370603048675893063040523970     
     2571915140635236667759470683331989873585196047363656275998300614415604     
     7982179841090655881896208701374238256455626156202398016086331335598769     
     1589703110702355579519942236253621554841307399735010186261926411387237     
     8911619016890752363705338002977298617528136302455194689812148480784443     
     1394793957546023331500020705428925302420408335969754733744793261771327     
     2231214175817037273281584199250031272912231820180550892418366892559125     
     3142546565909842010439090816712535944023791682916502681980832034368741     
     7961383944058544658618015640636837004106286338184981482880760677083105     
     3616008689991271960795193759769010204701077008967172892662122040171128     
     7109651495155830541542038288432560990040708959488127040891466987841735     
     0860935149867895109432232901356661931446170625239888460484201794657286     
     1158182864323200225345552558111155862864225547035456462682099132637618     
     6957147834262861925849869511242804972766497675671386253680176728789412     
     2789554070107801820686529109567198188322278544956302754129387503421826     
     6997412422079665377241916028250787367830523037925018113383985785675593     
     7344583389289414369443096347662214083788000180551569262024679448219859     
     2137530257405162641028114757197984928045006309280259399962918096668288     
     5768937210190178676690844900467104917492944273780664056214862947247402     
     8512886762989496223835296951006059326127597246860147243228489574321861     
     3115160443814166294816075681451423107504440734560413270528367185841970     
     2525284833889944125366504017929208089252230300021115949012024458033843     
     4799873548549918479371944918693077660399290990548889993788847054953681     
     9612158192692525927708417934346958194949741858779277633130285761943904     
     2012149578905244449758809635162692754607328167934344790436410155795222     
     9827739323195804923302629049270534240134119872784179939621101155309086     
     6261081075271174802796969685813834764811197074444719157585523417360284     
     0337257755849173802980808456428421613060764402791770772249774512306796     
     0901946543003487467143386251719260766451590694930514917460247558130167     
     9129104792066865090018541771516440093003986989177901642498081715686931     
     4508116905081398210631447209422923154813057731837533116034248736957535     
     5549915987477358666602600849994188650008287796922767560393285278642001     
     3381730112072518620791326271849133338164343751748188071008071075970714     
     3770823360859192349494215947396726945938779826746791484843583668821362     
     3838035717194463950575982876312734735009316935854544312157595521261641     
     7179556010362323717247206705650595805346377108609503921291557128600048     
     2254197056593217602570243556690315121761265784156530923635149567127386     
     7724647064948489493093426267639849012560984103601023283182856283079811     
     8508227853870210937127974526389187145703141310743265374832518115846077     
     6350651445668707230720607394268272269178801202926284043192225887442988     
     2385537677789751061226969396214239876095616664430107947839998239169240     
     0811743422025929480188060978167472756045970942114623809822374803663364     
     9337115533520607406450365783120858350559508936339537217596983696341388     
     0964523419870913693091091023403746633762913944885805763252422747835627     
     1929714145237159125485950594719571071865070180591463001750434200405716     
     7906648938776269830392102523185874837723307393756201332810947805038750     
     3554165619739306422523912445038628462869320750806268648027732864970249     
     0936884368911284441095046765440223182340087407810009868774940913720373     
     1329400893612357911878889062416641075959611348549004177072919462924370     
     5031254266401572790305276254404321245608500604865978709265430308409510     
     1949177422509856742275946952135473687029292854044452368313852441046848     
     2155365267306262031142727063443546222630586514915797109827257489185726     
     7214349804591310827090300146090906597973034025317144820379879577742380     
     9884147641158915701058667902057721668646510975123122040249891731055445     
     0679787867764020941308645057266850423282375479851634769213489184336755     
     3602455929331025044490900554252311923980711293921818346453837802106631     
     0391279356654512603833277320113039852342268088633457845132732302215559     
     5334806927791545429039844668526481986804520453493292516886329352820609     
     9340301870917214628048801199741180837072017932080199197390335592633513     
     7556674154493906679998285662060821578730466864630899313713626484205650     
     6475730905193190955419341504756462969969383187196622813328544567868839     
     9115349682093971689607698257031805282099474604948312210743199051721276     
     7215808203044009204824023338093092420482901009491057650305335546280260     
     2070945212311016352373372674972530017413106625274297294632510960900719     
     4535624112538989055179608174768719902671130074986656694103426138755851     
     7079242412139990883521246191663588226146486612360582480072752351061358     
     4648158828554433450020780330434910933371791384866865323613537551606031     
     5347508842429420970961294195867868918940734160190071062047378891964716     
     0382813623559583234594798986424724948695890243858362450207665875876873     
     1039650225180706935144985308416619155233845260025446290222002607349721     
     8289389215313799642001609442058543361387156190649882366405677822406624     
     4516938609414085406701238177147000363415237434090099738830719826503035     
     0465780713312320054677609463400412063369077407812484794309849783174719     
     4032221679119396063485795574826891656186451731576082329251234684405455     
     4018126847086950520984605838768254425186473163618887413260736803794930     
     7671889292964991497214163611546513712587209659918331354291841649199973     
     0812767912574335605226172654137603002033880030075560283489598708612844     
     2313780255195087978711203895389561451632022189217771757216696451212776     
     3730638846492798170511328408686896715628330445263803979413541691247238     
     5813064710233151118803091385198442921802863518049530059608714975852172     
     9951070113134026377927549514826776931668637914801005703045144881935616     
     9389665187837346060161291428540928276925387141340844067873037476032522     
     1666776471589985732679716242347683089291585739260742834856095956841134     
     4350577549213345078991761416224987783679585434503588332784294604530987     
     2240250774669927821475938420986230609007279651556574010817792739960842     
     7559386864764736076996789396573245081071829500191328582017600911103935     
     4943252932668788896247583659428557318070486670579728852876207941430090     
     8797632935137070051748710882289481530844063589388879553337013807299614     
     5254502820089852308406547890719598961953054062238333568467666893735083     
     2645520170747898583295427283240608613355091451613562165890138373259459     
     0532848078129691844696348100048561777686107589760123553250912527871575     
     4005289127531947507968915106405130197311714139695243922722652074097943     
     3762256894801598633606061362449472699507646274591714328398531981676527     
     2875128762243305937502258148512945339245843576576110924589687336961635     
     1310975984563980259468092303021104452436609899040011790802535819147020     
     3821863048759254636403254421268101120377779020457472959468253432646175     
     3858845811433378115364459230123839710357688410967182138022738995706167     
     4949380333246222802613821176814903331588440093678133174209527243819764     
     9049346233919932742679272338920391767559567306976412395827506529790543     
     9519543760350395423324245959281041284647734283070238995325025523786003     
     8396983969819746794061941567280685757979949053023465870376452787808392     
     6849769593954738928300699294861256109540685483888956918771828144600278     
     1657992491970270130247335963068496711365741524801988937174148624013136     
     6236713309772640391501017857812724733385917754717562948749425539442849     
     0120327142766907314469298919388378439184831491118375911181902216562639     
     8785908515838271831675663397688754972558872990912518148692261917372297     
     0197451462482886068257300039555028605149710338659796585049399309564787     
     6977075609819494791658617623532111708621916034978855275333558538941400     
     8116730007809370693618920509972385306626499279009401613508004099586591     
     4231874744076050324799960019191292668750464965110586222840253289504515     
     6487047427047745813537343822445822924019579727504490535653057443297621     
     0204295674812760030192831553793567106588931715386644372496613805099022     
     2147028548650137878551374697594218899188898149175663736116547433047816     
     9427105439773866873875686244009856567886145616635552160586825007617297     
     5701646435410538211469194876508106991945847243255026003045284202648252     
     8762752746131979635063129784192038625130517209513295529678703503905050     
     8229274685024349399273881941718949461081593679530080937541456341038541     
     6027127460574385398067503793600948396929732367400258482895430265636682     
     6707724625216282511644684066010069328990408750674716723417174696452120     
     5790515429065299025985008048848982293468306884839802804705713508544384     
     7055536760707260245839531658553688511317432592724408598798681633014427     
     3110467338641739528035860730264525598134898384446301549770164521963480     
     4094765143406029286696995635545817257470080790745479679555789394211674     
     9031512949071888018186013577953709639511189243858833664860277571045164     
     6177843363193035370079650500228925474716637198271718093464702169321900     
     8566801651455964923890925009415190377682817866952215075049536798187147     
     2104492727993777851857593137502396869366824953329787763381276596341733     
     1159939857154220908871630001575334514171578710198756891276492474311265     
     9429448688367335644147242315037281848925838786774431774160119297794571     
     8494759570115440362915966017123072594336970323659662168465044773937742     
     4182842879140083426883997601735261182162001335607068918638973203392076     
     1807593500918860463361726101858156196373163735360871560907525500925419     
     3021445106863053903970754423313184223224561044986157732953378667241234     
     1751398560307792112455777788763241021711763039892368020193881650368624     
     0257810805799558756056025078781979643563992624627864485433881294440252     
     3208523810732978458237593743260038449202619218091581276663343441514768     
     4019058510633563311335050104441764235212989778008499414352156645731865     
     9390636917817557872621228257341404896080947980944125578766291936489945     
     4386656870381460540691875493312915018681027957420966015355070752532008     
     9122074614902839451668122182789438207987020055467648478861255285854711     
     9760250412557491209491364345060020727587858854304902892091989733646475     
     3261638680605252166869441445150133836540653020807861975598683815914388     
     7921761365301305506478353339792017029601569187709123169527104075101789     
     3868307385711862596041727529473571800322134033042733810496593886813604     
     8903194629314295760651925556844876526906297937271217168456120532028919     
     1511289223213860508120153905027797849192885004850300173932852537469186     
     1049524327187255643902817425718913626600403127573496337781371946022402     
     7490811975660014345544620874922935120295991344978876378991223032849212     
     1325228660969224856872112053481287803741985580852899260708049252218678     
     7472344200814520810488483496055632519948390293189285676271639262690483     
     2100819911946721222367393916873866791801914809908579537249011438912999     
     7931800007003889857270291818393032805076942720846273541786000607131971     
     1876679326731051168310297664024597949642058680428854516282050246977375     
     8381667965875151192230910849490495932430875353924324141858837794078400     
     0739025921924509346388639512337975104614483921916230241799820927987178     
     6316536582590121081721526537097762665667855656438412084665771309915135     
     0967802900165692165339298424268463650398921936203607200870979437946007     
     4938674926366954504371283371754337442978704788955897263301749736166588     
     6617363146461486324346023939529888699978655645351344216425451601794723     
     3095722611567072262613675730584001565759183841579530624161528000497690     
     4080065591321557540381460666556365029624876285154676531119933241276131     
     8193260482580505034395292793108864404682463864330228756233843309641412     
     1183629997102020053422455299486836215499674960245504718605973283987785     
     2882817594154612017588474212888055590368327164937714012240234559417627     
     2290281029061297642376775975930141766348331889417961272944663235209630     
     1168540129666897442807437485323992275107753857613956461072317158490357     
     5127189970052460855325330842393980237381335003422963512384574809462105     
     8978884827687900103695303376318146258545922922102905967111525682428139     
     4125711675858405326847877037332575462730671451708072823384268052007773     
     5243695379748884541181441025831353043275006659722201242631411872645627     
     7977402758494414586203221882351970060707540384271939620609389027056161     
     7776402280899126419945756752780580768081828335843481623933278329610692     
     7577761793218210626492247594939585067485889997658338969121981800913696     
     5691548402788988726621663159457922819097874975867570358135846351593884     
     3257575786431003527148491643372684975622696076927620897952394042650314     
     8459824703912588015103010002097976973075605799207194062223892109019840     
     4036708674196404985181674110765759239742144361579722981196247693396740     
     0386484885218498741010183839562204492000159447585490865461020451107295     
     4702726383624278923834894483781430522254061069946416168846125741716236     
     8130641697386620994551581826245267135060043397703535731635715362979943     
     7708556602177016047863735506535388368202777377009921434104245636638901     
     8953270540667873399792285529905172923992075202119872715440757806303605     
     1968668460886753626497694564352000000000000000000000000000000000000000     
     0000000000000000000000000000000000000000000000000000000000000000000000     
     0000000000000000000000000000000000000000000000000000000000000000000000     
     0000000000000000000000000000000000000000000000000000000000000000000000     
     0000000000000000000000000000000000000000000000000000000000000000000000     
     0000000000000000000000000000000000000000000000000000000000000000000000     
     0000000000000000000000000000000000000000000000000000000000000000000000     
     0000000000000000000000000000000000000000000000000000000000000000000000     
     0000000000000000000000000000000000000000000000000000000000000000000000     
     0000000000000000000000000000000000000000000000000000000000000000000000     
     0000000000000000000000000000000000000000000000000000000000000000000000     
     0000000000000000000000000000000000000000000000000000000000000000000000     
     0000000000000000000000000000000000000000000000000000000000000000000000     
     0000000000000000000000000000000000000000000000000000000000000000000000     
     0000000000000000000000000000000000000000000000000000000000000000000000     
     0000000000000000000000000000000000000000000000000000000000000000000000     
     0000000000000000000000000000000000000000000000000000000000000000000000     
     0000000000000000000000000000000000000000000000000000000000000000000000     
     0000000000000000000000000000000000000000000000000000000000000000000000     
     0000000000000000000000000000000000000000000000000000000000000000000000     
     000000000000000000000000000000000000000000000000000000000000
