     6659005782021789423714594772590312185701498619089866849616356033336709     
     7240347304803833290618159183071162149810418844443974633261377361017191     
     0762517425391155236253268713582181366690433471533550832964288509096491     
     5521040021702287226496882085460199082931969977293899425105997615450015     
     8683901549971537843239337126063993885532424603462734523143793759184336     
     3008477974365374045508583619427259173343957303067785693532316801381889     
     9584248985265042590397062586963825599698360574753447611615836497246264     
     7501510249484440516570815028845432435761207712308579049037298064326776     
     7774133990928539453796440334203127954171996719481847790840713651440764     
     6039095127660706255364139593459997798919403100705912323937765042494077     
     7477191772090058851339266165523282519497742176584187512755185528185541     
     3253834511265165379458847934173846911441985186395984415424009985745477     
     7720833944749028900024196110167180393792610384673286696489758448263735     
     8463941345346226179820592378279979355138756581437948879050669290342850     
     5068526107952299561978184924094992798131836859510059156559452604681923     
     7658300044226916998289800977641526411163809723207043229539394227154967     
     4034467933604786045813432314085278805164030906307988388175641961220030     
     2664489644321879618746343090982603643399690395528718561552311481475295     
     9560641127428278880162153879119722684629131796476254291514089792619260     
     8231137597434020910079571330735821801827565440931293959808274917014603     
     1086068494747368440644908701104430908347006954620686344538864570181170     
     7794579934857414200014019509218663468837868472519951004476026980787991     
     8585575986540410740683762681986263592985871742590104503469214445587541     
     8933124321880099592441522377765890717256489972321414879103443957946497     
     6139353662967888268830275423643515390577270827772171215601214097723970     
     2882637567301796855546851422278260980451237953852421461580565428155030     
     9339069620684447648882388717677264473583740338876322951503443707616093     
     1546544261437153368093810105992103205445378668824029350438259071024945     
     7502703572075410748019411023093320060631774250534038127561965158810055     
     4920391049172181276717141516897186925961181449228087911371715291074292     
     5438539335035023428025942633645135520649461974665381591105639868585363     
     6403333304409916261611859088684939569939621871906341622586294090790340     
     7243578141144201603975514893868253040421013510221048600876099976191203     
     3317877968585521780505017131013029871825029060327337475487372602362377     
     9037425106952965352604094771970461697881634649246089281291281436077879     
     9765967701067956474656930046849835118620727432631250288476597743966717     
     6015259688421430460404517374502354387011366692737721405506282371238274     
     7914422304931365818838916524201551026610763659419721706271497646209067     
     8520808063375296820445023545179488969069368718823915191468109996306624     
     0167406532293616542479648004016667717164640435585463378210149783318717     
     6648422833127485819386757321773656673157376657495280340572298561005100     
     9232971492658860909512510678374052820996100859882101885214239688530089     
     3175004940113516955895504401880097646267810339319071408773636256243418     
     9205908201027464702830320497104671728112214987130198582089317929467171     
     8993539525303657089401481102069792929217215053253783164688869838370348     
     8523171622182801927660758065920927517497761358105997263658206507757962     
     8062310099613548242849863942195354213157583200208563006564003358698314     
     0265497765063709540538083342168858226055002655853728845986688371198778     
     3949274080846846465497771066301436613723129867926912387845254295905750     
     8278211039505050328011656706616685071151638712924246661331600217439549     
     0308249626711338389065501951816117898097460886615566894067390060099721     
     7002714662865582098373675014968380659575921987297343535740485755034846     
     3613627320727594047806881065064730690637892377157575166214526667038498     
     1103596935454966969452416788014156053113319561702381087761005868215994     
     9151363900234049897089210650735510825410394638894739004099581223395900     
     1875609846659272488495561204038595754213702815457619629953463188260934     
     2020413160544012859050920155035050976748586780413190997524590974156328     
     8714693929556123360590026649538931373476833713215047949790539302702056     
     8341419775092940653294230933081278704408242888382006534209584546003392     
     3121974600393813912110881739972916669931528377285821102831124083178071     
     7105895378687900118698733755736545684708979879602732144202124024115308     
     6169499256342453685380688288096874687687433189933085337263059315432091     
     8330067189925709942145448850505827302269118348155127968043130614622771     
     5852378233160087511552168358075733825422347738335323458906381090895225     
     3723613268124865741539182895025774248324869157930076754273323547076234     
     1045691472973457193417778353164740491099418212660301820495126264524490     
     4087456751398101077634684929574280814829272811054177459988969988169105     
     4407748587918274300332721504984326564777530803435575112321079322951471     
     3024009635145803299592635305374608836579276972572373800503286125852448     
     8753507051009159038025783990965729229221883127015782231860657506516486     
     9812154076594304045643103415715010415773124691605872317778600673636956     
     7754964056753789813529022369456833196923089067178091030235503954401020     
     4881346802016843678417810541500834402273610377483347323706456453922710     
     6883073944726990392047049958189246081034956318174650146163098799412851     
     3332110663339281577654605657183590147830805198420496828898217147129768     
     3329721655105968727352531404245220488797955724245424924847218286217211     
     1786587201195730728264633621284383731866542273182963785600083638922551     
     4268308712779301021227687379966751557824398957540331873750705462980584     
     1092973625645071402074754799569445686596669964808777645467384845661867     
     2817205779992488028978134298880943013735294815632431499819134817023639     
     6729211086087826707630403410245285645523025064365717144897478218775010     
     7159707818307477474999279918108553840917191857607407582394746893497707     
     7739905203798583647953856253690974615223681369406370825979196887995204     
     8239530981346832637542676685385076154117627895200574457780437991092385     
     7518055993917701437228700525647978106861302915442894203292373750913847     
     7498702109121742617503234070532282914953527833470873684232604800982910     
     3466735326053368974054818404883707435489420527600142172412825291559147     
     2004468849473203881368104920653476392456299391844165373022954200842709     
     2063506625874506396725131374141077256405762753560524588244878773892803     
     7861659231259397447255327888829553587673945519093116547611452797104726     
     0558003136073243687464072915475638302729117128652603105129649491708557     
     4666192435188910549269868416248223652909544847011451166347478793776202     
     0897391884519133480789890789579738376077203750134908494128378954193047     
     8369284573006752064179747268213288995303027347226786093693579903353712     
     3267372452708602753322457201648961538010551309862788489966765725308287     
     9393994814702530659624522935653985717668081649456105669292416450349313     
     3181930015158204667582283684027023894233360261815185038611872396280352     
     5585826101055753952852882510258527833970888187729757886717097684150162     
     3009357793086118977694104352078502220720848676628695944883236572625961     
     1628686157576277990424113845768616319721695517846461984969314966705233     
     6492266108399881277476486987891842485881630579883452877335658637384974     
     4456371319222384008656108666795153198157501089984317094321336337193036     
     5610145316322562997135567183443886545646433170175766321776025739173750     
     1981191140923637041136843829103740203685851784464660976881450534548324     
     5884094501506722270970399054354421144796075503959215061850424679154229     
     2335663506140151101515503848538359500494886407002264829184622132884818     
     5428996314890505455213059184281462966552746892747528799780816374261888     
     4504438684465531508021714755030445983832348093287966574324383350282541     
     8103045742716217217391009699049701388850255212666636560897021283139223     
     7307075237734843947190477771019236640731456281028488511021245979222129     
     3802602173418372134656360263641077182318604210335859077508775354026489     
     8717568612956709193890214700095249428730210735408644819049894104585401     
     7199907618105340937965849489921056979030185937068189756184406862082487     
     6950386456045914624794140061729149201135798202392104363385279860434985     
     7995418112480530504828951537942613763177072786216127247126913537956867     
     8830599023324045660155231816017246923554342265336126149246396607666959     
     1802624636342507276452371249288703430614095606402994063567389463846977     
     9987665375869299611385888133462749643823441429896761209812126810376414     
     0988460650979818860067593604181482113737650797157425616802390533760804     
     6873632191739561390901449087517381338208555009407068478069148531292709     
     2650526009915940231487945931885342972123966049993334021427384525804845     
     5194544618451883814658335808076098071363140142516956226535701221309465     
     2358033666366972904101168392391437935471165479659335315488772942268141     
     8422783360942679938191145540496426700865295623225867362987721471586103     
     5265032935381585136051590851828807379529729219921704231273636411553594     
     5866738098943126138514564154573924504936880200787240231265350075088964     
     7381358743560831999547487722343838125270568986072886079806549969357327     
     0766248392474820249726138152419898524544855843006037641527955718269269     
     1541964373979730953653939817896664515652186044853149180982207174268636     
     8493747024243494569368463318289462188970201625638652962693349029196019     
     3472301563605197971383953280757600866341654089690270255254655640087144     
     7375975268758553874558707378840365893883841950870304307525851912553854     
     7891719375722701847920047307336261674950673798393210638138668401500298     
     3344291945995807015228470389523190346239641129177355366617892514153501     
     6526170434649638488513134005691908569571497283991077818461208745915550     
     8805923863141285951053778826945810009654224227120987157953215279288893     
     1147457299830010003484088404551132515045319173695390980966873324332513     
     3163420938749153901656980398709841587735110924949280599783156783599348     
     3210150617632863599656572315043278218020733106093338038751276519103785     
     2067016464215407606661185751299023826810141327976455676995935896292501     
     2374447636623190590806059530952866137149820526920208618844671927186771     
     6733643904659773880028392294420879884714863228462702002580120599104190     
     0390037456541094565297147975372731567833294466333023200612431832324333     
     8329311986846062217383097677943150833940792598235160246573949174223755     
     6642972834801004172100308328048365384575894898716228159477506530243432     
     6672440520673891324249578834646464931467458680254580923306237460445488     
     0610458247694352030329618313136698660182950783746642396094552208878919     
     7133764676298745459693071601974565930383441623361847478306882918537556     
     6774980756785007047775882283947401995370896716408890912563147286140546     
     4863498664029436504299219943431738753128776736129377614433585617586598     
     2423997164404742893497116069487690446727222015134391560210681691886996     
     0694305800484715129195025773286940701967970505798470055981034095984056     
     1709258599741299267359710832188748220534383446488670317542333964961050     
     1904912898557940617071606895629890138949735185885828608654225957816946     
     9580471673850146625496910199764435313903635732882057549079738834479952     
     4668633460749225582328789315788667355136000000000000000000000000000000     
     0000000000000000000000000000000000000000000000000000000000000000000000     
     0000000000000000000000000000000000000000000000000000000000000000000000     
     0000000000000000000000000000000000000000000000000000000000000000000000     
     0000000000000000000000000000000000000000000000000000000000000000000000     
     0000000000000000000000000000000000000000000000000000000000000000000000     
     0000000000000000000000000000000000000000000000000000000000000000000000     
     0000000000000000000000000000000000000000000000000000000000000000000000     
     0000000000000000000000000000000000000000000000000000000000000000000000     
     0000000000000000000000000000000000000000000000000000000000000000000000     
     0000000000000000000000000000000000000000000000000000000000000000000000     
     0000000000000000000000000000000000000000000000000000000000000000000000     
     0000000000000000000000000000000000000000000000000000000000000000000000     
     0000000000000000000000000000000000000000000000000000000000000000000000     
