     1142196471354771770338369693119128098738906411969124805569913524861643     
     7254931800415020088958404834282571937702771486866513743144469342611276     
     9000670780513030686455471098483854257978914194246791566297905099662861     
     1936723554502246859078068838317347354067892658960649874297519123758382     
     5440321035872914702426620799880279574539575995298440467978717689342674     
     8873460658187995249266146394809869929340544141661380185405493562977510     
     4040115699944045694672635509953288141073690838135474087205200804032259     
     3082166743859841336452273269084375602695743033769907004225608815724199     
     9637571808221502841704690848226779691521093389955857119387644098023126     
     6026972402919255923112309612892753315840456801206296472728903481087631     
     2860403011992723762380311093770965068990253284661271673201561277653715     
     8891239825623232358330021211013377400638565553954064887941732240086479     
     8821456564713459641348129583125527103128206965616861545524799070968373     
     0092505922616155187875788613196402824269863300476628539352348359769645     
     6130159701358999143099407846492151778712930424158800157604186859091832     
     4534085364284600680718213302778014969233975692264641383926253029743882     
     4347978190769748400491941211789695326113657211953523674465713910654126     
     7287832962082286727226069850119144901657446506342648084679225337646431     
     9100109815779353246927569371350422703116455999722967096346016234968639     
     3356329352685857955677941695711776476625948182125493280759522681601062     
     0147842064788053482235101983854021586208489281132047898900438254772322     
     9927579623275041231610639867450903761775539836397364996701669891568922     
     9046033377975700350233743233285897105039805806021505251814951881777956     
     0519336057428169877665322672384771770318693544860476427000318409607589     
     8768790892241102339765547746945279915503474145823585501407182557418198     
     6988804751976881348281372920776524011583309703547086221459593555340341     
     7939752973247815481490419594571937546665200511391486558798145111520779     
     7195474762924513582597925930087812786815595619584105434131229395828492     
     0974215110703126417016205931316932028513902267983472941590110806164523     
     8235175189862869695346199598776342983320443897005970426705400998200087     
     8458222207227451455629329200839079918120929192330934134405768902151446     
     7862437585124077740862699033527978575620945566647653293287035423586447     
     8863328879520195269144009961573970811034569724523214348184168984976458     
     2317295792794136857387966254255007488761579179881590967606271047846544     
     0356748119802293167906449614316258402671925343236051893149697313558427     
     9283583071462410028349698634514238891716072671343810678361043580645856     
     1774292565599243230861871926060495928584799390058769950771434707518946     
     4736899862212329975718560722466156508639582386832202726528547191551313     
     2516920315164840657867714336636497362220301189919878228012840651621031     
     1313377719598008615708111252811175528085165654610892174808020818043661     
     0472610484325054413270100331129895349296268944160002171695526830813127     
     5572872277899824268072033601831486886445856605453267881529692474946494     
     5106604922657912262688091796760990585435990165484418680700437188768956     
     2369674698018735120392164686676786944524040584077336796873165286994065     
     4471866166571860693271518912505087639502457827918681548720246331523704     
     3529889616622561564173810765549606259714886100822903511949795080046546     
     7857109084890012805889626423409757347348409879553118981360902869726910     
     4165581320849946740413049699521407143429259329460908000643187609465371     
     9325423470447146318321357735802222886495090885953200905943680645458020     
     1614872353717677547119008404496756268131676473045403393593578228412959     
     6768244200593379970040666354495220604846253453587196757136989503592807     
     8751194736985001953916895165969984183029306132870602772491183375534562     
     2509899353873180626979796326809567523693627916643567422177550955142901     
     7736032335659803907286186639860304386122166054061456047004075590751420     
     2031031882403081791046436387749844854368110016525242353261335359788237     
     3322354795945583059637714645939221380798219025602595038337547614950018     
     7621029333793011204948148623876047471368290894968485234088553218824912     
     6425136977863390399580364074236803279430188706953957459240011347382027     
     8224451528802986388276973063156669127608937725467396846393061525386254     
     2385722507417244727466593431411160493040145470667855068683011584600694     
     5505168197149549041083329583442138465109746513758637583051726078373415     
     0749836791474495692490074833122054812289499345745977736335389740205179     
     0997344643806865739764791193528164643092925756935168542420473956815988     
     7236833940439205045452656245121637771132155676842361508413478767169159     
     5893864357858036295366272926816793661689221502661076806732551452748598     
     6913047894467318290961365269605801934586390235248046710279247966044825     
     5436396769947035792656545506147007826678812670752778190772859039695088     
     9413353661856570608253442828437681154791987388205206984494695867806618     
     6360363570415068270855958753313293349008278635520411657127122719158689     
     7402613711814604160092071090804936151844338607859142789054291269221367     
     3269266643001798784932468939276784557911351703437579860443067195068936     
     4986323675492085571692747469032631061577225910699645665751961726728996     
     9057699238610323876925171878557384664331965910186646431807166364490193     
     6766713843458040892286720528592885726345794067646355298086243275670720     
     4219600623541231713406164196310602792841819458665756954293468866701631     
     0373016307120160996202073021481107638066445327428693787213697061252135     
     4352666618365022318214824231132839059548729039013774933776309133652431     
     8667467652625106401007707138563709466177368185657696351569471188766607     
     4872307412734387664781296510268187799467480979813793274220749995152754     
     2853134421483133391115183857379249905991408949485255908923057362681997     
     3242559258077808767823717974537350613638044689453242696129760299423654     
     6733633848713936995201780518048700550881003285011511516392771228542189     
     0607286272513395174757012498338923050784105840658572606518468984707838     
     1696877538511049167541114772613651849912272682333956682115235170952970     
     8767755619808372230653831261361211903513459319009428273211186364734250     
     5678121335226471618938595199493117078225702638307463488054092987041137     
     4429008098372820285515079183449742749817384003427881027221707685658551     
     1434526829314587474335906908541581814436508073597133240663548623137358     
     9905383158903579791907068991582950660632272533762992251429183304881503     
     2367132494515946818633223811360419561801949378991134568635605475360752     
     3129963992553342295215607730522620689995197945839138922472178984604441     
     0828178426100048796783927136069411747013415491250332358696682858162398     
     2859522977313876288947664778432648136222892634276895539615955826435788     
     6494286943642375804055760504973073870864627227550138879454156880299691     
     2925965705898596814956214971883180880231612756363932945519529557552436     
     8837432615861118352601243858836300374152981575208273265780488931687884     
     4202203168365775881208255391315054300923328929339926438587229741503488     
     6903663097293323418430069904349192214595930918584622491220787818248542     
     8196762543924292814164004584212102133948116444542369198934718621206977     
     8373201034868354875269032289951703635028245443070375102827013684943450     
     4890913240365038513804229658952280297969493352355745537354570196387655     
     6749307870580700048350068708948909450139418939317781434103678113298516     
     9467799388049724188625943268922180486182175656026780055059931337579265     
     5832176152650752672249790084259923427171338920838108575219549195122068     
     7611622589146485180590136971051200853372024781623364206270505898949559     
     5389241232123806379921399291852164559859037873566892548799850990736961     
     5890157214090523260287077785304492517492610621705520753607302582107772     
     0273909996328007052978917699536143305242767663115345113801889689275608     
     3311380904869056284832640310742743829779339109635205479740198587554202     
     3103434561221473326728197626892131103238728484247512984618695900735813     
     6770177182519433499512827995936976437917281853949079710622137603693077     
     4719854482447907712092381274959466432761437354396126914355918723101719     
     7392552627690965995500087651783403607742126634852424505331531114952372     
     5667693173967671993263616646597190434770704266641539282858490434245854     
     6632235606547161479280245658518786692730341179072226029452399968438597     
     0307384316723170003596599924504893800492189305026923596073832985761015     
     3086566712395162060757810418333441540689306427095060612085301744534553     
     5322905377233307100068098567175696992150482811978207582379059118351279     
     0689693082449393739305379553997722923485209561602963339391512925503899     
     8508598951445813196755644676601290250994171699826228700342936185503883     
     1557316571529355268364770071271419858313847838702812994868987105369544     
     8452669395773205670222246980466166135636853871983482219943071502086689     
     5923982641958733772114792006251080089665579762217763031209407445880081     
     5168205180621628141890367241761863857018674561924461869127067483202841     
     9510237647471441786350642381513023882226313504066631882544754235984018     
     0858876049698844407715884870210144781443615027774115393987888685033718     
     7828324068068138035243395226728067162804021536465046559892164840433805     
     4155677052825210059331446263085792718434118678661640088071342547281007     
     4743125436163195521092280639009403395797068613380727604281571518016137     
     8016142697425475558110357080632607108062329858982800461734751381935310     
     1684030062922488649126255671843476144887328974584800183216465323264715     
     7536190670744690136087665223145868152539620196666906546975511947522802     
     0131290830003819719113342276894870507784330352997708126599398131794260     
     5282421893239834323224128719269807804353818190303470249740313575285947     
     5692090576760713638665467439892042195362154604751774360947047849126615     
     4021454363814926194588443072655576330363534057170833911827806482041574     
     3830597860612122443560596283746084704093227405206750332983470092077264     
     1695224048490555126764457602134402246196380019813236746572378941306249     
     5057312345333253126592324905341496852082249471020465438276028857793856     
     5874022493582507712365794341819500995484218303979551192975986278270636     
     4711782315021226550323725796328803758844201900625104775234540024096094     
     3667625129028057329676587860092360311726838120114658060742482077261220     
     6745747303539341823209487228294885482192538791309605893347206758990319     
     3222445083802662295789780764728785423920240197044644028979646593513232     
     0046374946798216838918863910404555268183004223889083613390894212065411     
     7065864679878845823973509924259603043612729263882451657041038408353521     
     4073029699155889785891339538227163097973477671100672422220980324284840     
     9527032284636569834476409148992237790974941001763867652196585821807262     
     5333584137143166982409947796097312458045631222585006879114839530880627     
     1369001540806202878071063849103390614032006049263809442080084548678280     
     4777310653798700191146904305438617628278377308450954705733182539262885     
     5981949970747943484229645059276410734983227670417369575680171558506770     
     3210370236619351438572861448590612331186300288938154319817657346310504     
     0768586915111090911458033801522368055756416730688771819974244334053094     
     9041282553804690343552189894791395494676532662238568262249280081834031     
     8412131954350888355141959575753055374355599622369258387246013239726785     
     8550417377109994215800306226084335567722635121561625842586344428447608     
     0604866712363289988582192260218666123131021119961916341886791553735593     
     7812401511569861980603769477673289089630908755728775497814499563743702     
     9609635190171381679077890078220582581177132762385636174749085127416043     
     8365692275826929184792021152805923286612874199453829950090981065194971     
     7663199802749134088239935220605570568960330162942053098692632490643267     
     8059697949020645415812166481531818142319068485045071783323682797548512     
     5791141217614263135279157522943075312827767967477000548469684781284115     
     4198175278369758580125629177515699675814823048467061942136279438626941     
     0267406400229538043755700659046039478388725257309645319322423414352056     
     8260785353171006579816739262507948545669548984197381169791965289732200     
     7013726670477325151422133692171136703095116099594955043396372416966654     
     7105486632076241412197769111519912121504116022863277243427304691280848     
     2856249960447849928889285276363093207139622669566277407249638996268718     
     7928969344039984449390897906538767498873088142997224343203177966122801     
     7681869750780869733945731083396830715441761446358515710582417121770688     
     3636462484345824021082508090847068139673241591782680662201248435893151     
     5160944421850283858114742860836716517195831821710742475095549021944344     
     5672619915209989722435681277629760282170286890245790384224998765104719     
     3437300066130729103753869796445723441655213531074568513483142177847316     
     5311246927788855339925856013285224600089308073561282933528359331971259     
     1796610446562415322841717175418516353452257780900074381457433848569431     
     0343474605413428626999136555604854731496765849412103931505652258242339     
     3059864066237431851547407242652526213581637962344237174703805011411491     
     7952932187700719115042360368893279925939085687031137306254378980492713     
     8908824940315661185629460958268294753048033141073291304015656375965829     
     2933120538512949923455440097682602454294258443752355539548877111348460     
     8187354326621409309584951902087900297935828278422109018603332405242357     
     0259021664460271229037579816678213449201836519345515291994138989656158     
     5052601812028598912402598141431657436806043458187315077765932124306772     
     1239244889529426103218257752858462104225292730961825667006074561842726     
     5800181813745806915818103896933796002017658632352942320530531329402001     
     1712931016671064577206250155984670390425451017544276169374516837912606     
     7122190610829749080908995685650390806594189394565316455308348214844219     
     2920665051428376940091116360541662739738142816293727576635134943090328     
     1526620390423970454293656341724348276615071205748673625406274469143430     
     7696838002073446376479589930362272002411366768665504534754741292434500     
     7259285074836984875396790712323865576540973530600394351957558055020119     
     5338631081372211204578496719732695606946824579797390498575755998361051     
     8785216698112280547827207355611101225590694102651039979599569399630337     
     8090805566027592254359174190710613494380738071280887898044163480569128     
     0190827872387703582668278244171472168809994186959463614178686876567466     
     7421859735523227219689510475183106811000517457697258089707820553596484     
     2268732626757226574732747162251502326224776947865608009016389039112163     
     5844367858990572542359840581304504796016257231820636038561560685824363     
     8908901915743842217174973464907944663578664545687844338423291321153320     
     7204391760410021807691617985957274527722082574765288774834187611819148     
     5901096943838530042599802992886079180658524408669090212029085929913330     
     4430494865873055006541320761563490878620926899769624038944242300708055     
     8638113195481744285281903816172104847067339221366855767813028245788556     
     2569149886564856781814450532976816433890488301283560065455979735515452     
     1028768354213790432359121676402023019023556188532970964760303470209859     
     8700466912813864203233744512743272023555490695560109865580594933891522     
     3853504909125241850559926488541644564113548980421316473604438162968540     
     0725235780613214644517627101098999518933073561774845603005845656602103     
     9686222378866977022079098105896152111925079729261342842832444088327679     
     4372237289073916805244471652639505340955971335429815351964628784212893     
     9960179219637069348521463063628418138172338314339100131828206008272624     
     2408740214213006066065477550065408002971300353394585198513244306027890     
     0238767095985820106491390397230152868282363423430790386698550796206611     
     8147845180478708294817132302528762133488435784506114555055160610288161     
     5317915430616124052984379020107540635117742624147147113689910356597271     
     6381844719518095272831229085919180358815833345552388330638219909891221     
     8971591377597652070439828119084946321376751950505466458285464200253281     
     6112349348810564915679081904444813480707084369800420304970200702719117     
     2270206789677733531395898770362538106620003407373322271270307302533552     
     5627484231654521681375286540765618465297641370543718153416362638552793     
     8302265061768306143053029166379613274457706476461746289768306839074361     
     8939060962253268158610959735102724636418931259673385058985875139938686     
     3078628892615404011602102555999935267726664267572778091437774931874239     
     4034104711420328962859245500241251130691208859222634480265419658459788     
     1702036827508651177441646990841912302665952555791598811680884391783832     
     0199884468027494565835793149706187420057110869942333319955039886491908     
     0419817504180176085558012057800100441952515986498608240402242174230905     
     2357690532315672543478651274238687541826012328532036669107246432476034     
     1970300990175749736693691500742240074348490591308643522930247444387765     
     2462751542938530094169848910479547574706305788955275667707329676156806     
     2241212382838624127560352124417167184540461391890421493224977041306704     
     1870796390363514016090269988827776600643002026816609311961824914292491     
     6167415746370121876462419161052446658136917108941064250382351148964133     
     0795153515363624261674744489023988057936926735071969699516629690667314     
     4017818753907162900649597722366349939490409949612302861669579488458789     
     6572012489429383257986934566910782556693334140879046541783224682814388     
     9932765838262952742027221015328066014335705910192451458768936029235591     
     8608607088985495813831143860330195025526457168283121336389755767359169     
     9246243585753344247598948510117407987948626123089437866472698482557654     
     7929315856056326971338753859853582462804653735694003550982242558244020     
     4837603372661452488242996602712245491410540696528998713640726016863180     
     5828140882918369587632604263601461929768769683195031185574289743918005     
     2241482296176753054923924122521004567078000433040386850743643335203008     
     1185842568396717356338637893745739877580800000000000000000000000000000     
     0000000000000000000000000000000000000000000000000000000000000000000000     
     0000000000000000000000000000000000000000000000000000000000000000000000     
     0000000000000000000000000000000000000000000000000000000000000000000000     
     0000000000000000000000000000000000000000000000000000000000000000000000     
     0000000000000000000000000000000000000000000000000000000000000000000000     
     0000000000000000000000000000000000000000000000000000000000000000000000     
     0000000000000000000000000000000000000000000000000000000000000000000000     
     0000000000000000000000000000000000000000000000000000000000000000000000     
     0000000000000000000000000000000000000000000000000000000000000000000000     
     0000000000000000000000000000000000000000000000000000000000000000000000     
     0000000000000000000000000000000000000000000000000000000000000000000000     
     0000000000000000000000000000000000000000000000000000000000000000000000     
     0000000000000000000000000000000000000000000000000000000000000000000000     
     0000000000000000000000000000000000000000000000000000000000000000000000     
     0000000000000000000000000000000000000000000000000000000000000000000000     
     0000000000000000000000000000000000000000000000000000000000000000000000     
     0000000000000000000000000000000000000000000000000000000000000000000000     
     0000000000000000000000000000000000000000000000000000000000000000000000     
     0000000000000000000000000000000000000000000000000000000000000000000000     
     0000000000000000000000000000000000000000000000
