     5443976503835177899117020307539387450273884172990842013358979194106403     
     8662761134443549725895742269461973049202521041777128095985462276519972     
     6278382419958419461536883598550972472405964074615192585443384838506782     
     4679835801337545761994482633969212638647355096267116799577766213914742     
     5408330537120418695451595500932032769108676793718689228112259621138374     
     9066436916166465047040856525556958721927583242201609584546174914409191     
     4747754088794054517504821699385990367292678882231846121881310190922411     
     8589551187829720176571223593327262794505079654890596481555067588200803     
     7080396621751811403197664445184947095079148193245885860691986994888576     
     3549011905331634929303714096380367937282399197851086267818356191297134     
     9126658528991743357587246502696318757804333016471723116102382879900126     
     8368450752246385818274437422850482660150376495097108620493491560802197     
     3784372134337004939502100347279115649127667819061019066793081965109177     
     7918680904776002080975604310932806145787311772608181527536570831793113     
     4562432417896549904472461961999275686432493847094134583534300723840330     
     0003107271566882673495934202695680972517067745589457838682809227592582     
     9667966307004197357155339331687252195270965114444787792563596923587086     
     0558232010777170915942671855412254521391964902307684006604029981233147     
     5066070869381931041154993987972634526637712504424125947056450206315304     
     6809412513994929386434818342090748890753602349817957212810866561991856     
     7679683145242112059257769539554721229421296393173028135577669156540262     
     5324639177611399615399965352999591862840045782566804747402014408310883     
     1902794599209034030722536347901250694546668797276753396265077951120125     
     3954598682419402502772132012167900084674536369691644333948769960724897     
     4315494158886285317303247237374289052236811596196602219181702916013769     
     6011230845657187817576878842374355429160969306764603389986776337106012     
     3819637518290464656419104286644516340541581762350538289732578322751138     
     5648801650510879020783923497083721655471738649245054601554439090334152     
     9951380781824766613537956579005544432366451311530960285836381182905684     
     0875426492530329784343687136975655090474922905685051195001152074278267     
     9814030621745289016752862981122655410538839160486242498945559137691812     
     8079647800716148875718887692954930472491932053605558852977321057140170     
     8570945853917960606112173756768784381876901204210737675895226582852923     
     6182211752838584346520255916962344266415563802052840358596320095350320     
     3516547946713662813103797155684022785362137708873048786427288977020361     
     6613146329187114744385123097596617708806299700499155415500680632055817     
     3819951767913713351477743410139260889432604427979932934044299481613488     
     6848829176783398403377724132244197449974066096171447310004206487457027     
     4873517096108391736210344031531380942541520617499082786199666506568296     
     0344610064631914352010994684885950461087897776726326541361736805269408     
     8855155862624713302745326649211410846296977711731251791417975517306831     
     3443983768107991918328442330531002753711862405958405382759907215260011     
     3928336975083927286982764911229203272623365127416299312617571221504000     
     0000000000000000000000000000000000000000000000000000000000000000000000     
     0000000000000000000000000000000000000000000000000000000000000000000000     
     0000000000000000000000000000000000000000000000000000000000000000000000     
     0000000000000000000000000000000000000000000000000000000000000000000000     
     0000000000000000000000000
