     1325370013920152341276783299130373242250728637869004858290086617910599     
     8174669089977693894243788271174027847396009040086419578318641557061912     
     3235709308370471633251437596067873963458319227716274495855962303656434     
     8052005187145843784720848842182795657564444345412110773607123849596113     
     7292632035758942074280625533740787856003015792816617702368635510501525     
     9227527265255014294816497655642622864801948091770450399916618155836974     
     1484162137701109520611334450083919422447511918974874864665945654194923     
     7153075954759122882195096029532535584765043774626206241538579877750815     
     6627611586033446926180253831023142985865857023409182314416378179065922     
     0563720302690682076674356967040838444239050789871579655994738822139909     
     2790524627825675573174324182540610799712688989087952863200370133838883     
     6993313401810691091412783210106145245858175924323289575254601296093448     
     5979452018008690382469583251226617564067158085369555985772220042422133     
     4146674723331099576642810827742970176459101184580596513019347919739638     
     6134148948871988331458631637694051747395811807724156911335237292073643     
     5161801229136578447026270262090773721187155496925091348461186176676191     
     4770065232755000020221832899718674132741462788583112163591857166259114     
     3857761372268552551263284082327720020614366904521013810001348263353702     
     6044894727122222903319981427910610667949098366596025468267707469683835     
     0711239865101544585187432596051356167514597921771748649826432913219150     
     7153881096870601946799938931766804623192062565013967825540381262870190     
     9914755738572730465453656369282205963476740243484109403459244483320431     
     5470989926956314499412103685854318269953984683998754584173699741868129     
     6025479280056694700061884589168399357927232585177048017750128429024374     
     0486119712238453142972540265963794715790979339675701867763133565404377     
     9050179312620693185117409863952694984022347081458893168633070011971597     
     1724117375767535411838844656275243486005384711130448784761600968827470     
     8047548290076820664598924552708325899305070454915000901246228423211226     
     3402163430097694535454680561018111925764570045055912606582632773421556     
     2432652828496689788364721761271318976709721009455662029942280484041719     
     6132456744035894330422140152095039312524773489736414251946355817902107     
     4531288080946936225489783631029308949313682931458295907881811219987764     
     0634375877165105755996930212599907784639912466884959470641190756588056     
     5815564594345651508712205225323148456559744211900170986846019639323654     
     4116845863886072153275541024399954657257164110666619152808897417813520     
     1121215761798362577361265611564089686265711059182914248990052749538531     
     8604586393808218587230515507841453004325094456535435185237606373130264     
     5977142049193831397797271247003160227828066437273049767898451843318632     
     4297159863695621976628253590934158939856320644759667981982627223311454     
     4510895496030497688464978836541904273871409254140734085154123132815837     
     0778663200101139386448511556676931870798705298825921948286027184455642     
     0497861468488546792952663827579567243904951589573555901967289163217881     
     9410936852858816578056080829162909273385133951884551159638140938607519     
     6747540122636414406577855009383096726303722717631473820395220070166530     
     8667338028870555821773217620184915728313097561678761114024633740359627     
     7186290337210211517436103899762720219876622538454101454307064701831791     
     2247850077018822050007465523584883932044159859815801402358104270694203     
     6472048892005256204480036178262068838704189737297751522831297779712087     
     1369027968960679915479042633007236982948542655423612347393913830201917     
     9876257691619657084528514180276737867635561895071607871690825443989182     
     9853255393861649285817575260720814659816916644339621249592094897433329     
     6294210240047265235082620366122030035656281358559150150798967474265783     
     1883595198628127385870743051507904659218012952872173331736037329473439     
     7883079146435832536074791865876107672688794081198213760724787420093228     
     5000486917942609250570756877998393339446860551285472606986155727545212     
     8205302525123980584623710822117601765363750090713564592567468483036345     
     5317644393452850803893505864624380000965891364295058559783627851936545     
     8612632414301463898283973837310190790092479221093924920762727092961554     
     8745664767249444422944662891360637506700134305391404119872319483751100     
     7565172059594152620174493239876850814690234347359729089464692300868653     
     8412090286942719632009503966612454983064051310854274613229126408247543     
     5277091217103222650664960725331479633376259237577407221447333385737161     
     9919710050145864232927592369672848426249211501379529668542669724715925     
     5606037313184708621692793206880670837305920621121578975036461481971010     
     4732965288946929106876394680435261114397303151291110139635452283509708     
     2876498788995072527219618091895152585646773432798760875603790221657309     
     2260010058607526542158142830529234735395978560060575011289365147338654     
     0756805316174928174851073924356545200601790941563378621738802378622556     
     5420911098401522364795294285662493793964171962713146030791659819722892     
     6601828680987407593846214083908752737823270896006817951049281109884194     
     7802650395954130979676876277037522446049966177724899633566974374302944     
     6673761806805187240484080636481767463278495971909313733321127579314854     
     7453976609469067367738931696949395850460891196387209035535687058586461     
     6126666222450292728354322481766414707385289249749152761232901342835501     
     5715006095784908918870422478677495647234150380295422021275056389275346     
     3775105426541613204345521000137007159929446218039996203950028527580799     
     5781601978171647062632561288631286391684145882948596824352309327503413     
     7603728776513926690126700273084612224187698828591337380265457593482473     
     0745916462743377204826587355006544245059122637029696348287373417478979     
     0998138221333796458483401097344250491097926870443737332711210301878966     
     4967966735740022872086154025941525321956654092314372517987001102888354     
     0802868478124480779982184195817869041267056605957510415260172654302880     
     9670459384895918235212968033448127871560393923932608689150984132717961     
     7420611053202175419740228486260470209936941397520852303508175566342233     
     1331362418806306043350927134764301149633313496058323852224330396647597     
     7962859939382325873630424779370585682480857970151826364899447401436815     
     2375184564333540890932102960155683044285992230940320679717662183291038     
     7192670538685270128028407318185130710898648459914674837375017502154060     
     0942020941739106152275444343459493472737049760386004268861558700963114     
     6631785858326012393886984611200093915083941390435707095865420952322123     
     3976518338896328603527179758150786834120684171191522154811875666862071     
     1524052125321378983046774764062256520425578230332679852867663414698593     
     2286777997027155605500168486058021769080290977128732948032047597613342     
     0534628919350271721897355713060940364945848779823704393358549014688909     
     2764977784254574379384305900556202582901010906413317025722129529702274     
     0161190863810699551377636646521091630280679659059362747235333030918020     
     2007441481978180368970371877477658737310068082247297872897267783798133     
     5511386011625218767289849447240810134660267281524295500668369587099890     
     6036775454566730751396621900583096832110546145913132850685637011006858     
     0780581773942491253415633876655820216296080745284632660224228041141794     
     6308176445430734266349668201028768913376822521860882497498983218845582     
     7970564962173427448368897384814126280618054012614436479125990695419961     
     8311316261156925017738380325076761502822462271365933995078193138857425     
     4146458701018886548300963690593021829558967578914824383781497742249658     
     1566064744127127955457182670977464225703711625898941532405757225971640     
     0567554579603015964248156305017883459961015353046814286845743638732610     
     4678787603015980411553946374083153003115604442739968962083978164998253     
     7395453834344976772141639535435033495130578244135359824198247468325267     
     3207948321372644423185735325872317488661653477753802229525481389566993     
     4352567067311335957186125237702024248485037721255342573662909507862158     
     8956666997730417065000389000737232435588949269869091780669537136493610     
     3387746315058844216934203682547455776958162658291242594033543222125111     
     3390336209770263074290394992970189318395481123950114066564079484298755     
     0817223118659595108616056634122482736717308333647796599960024304431253     
     7336175037007931275631301940858192621786733939778284425133642551606306     
     9314136434253998450111195198480681621706627478728080383644928674835823     
     2715722303404993335703416701449905687683840112333215873812355752365498     
     7067761672515531268969200736692298791729836542833833235707687419526082     
     4362038972390933080856631848157350893971384093494517214160139734723931     
     2170174879677513180846519496690275918798477621330200970326876286972814     
     3908001890594521387786367790573169235759631102834655368028431801574485     
     7936198115244066577129034495633346797948426337890754769607276353090307     
     8380496348128723676419274977675090721218252287712937311635035574218680     
     7416312324325572816749805381419004611479296182061310639778992806460743     
     2564048474504567093706403404551611243497726054677581603336512191242742     
     1067400904125885058673546056132333977544405078750311606102679838319150     
     5626000233776756646161483469144594054325522209953931437814096989216589     
     0105930503231080305242433393285212567215560279601052720073890608400557     
     6861519536923598271124878047780893858444271008378119191041839977522110     
     1952625163410560035875684204051469197579303119102473534642909056073185     
     8245457667670269959524407130071296738438056073009090814907432415588567     
     6889568594686021559477160031259959456966416797331546376944899262887547     
     7543007067423003454650613399627869635084933321164481161357159480677366     
     3957487620065386697439597304199889699148080911613013528354640398158594     
     4175697508920640717059295954635334423595303103341680681888914092185615     
     1129559492687943721868613104103806755578275979429679356239202622480964     
     6657373559314993223620116736955045143779950992128162725917468771117685     
     6580164911416799461601661365865197807715277067607103466286235072847707     
     9174804824196119780260791339769315724589339903305978207740726034171388     
     7983069065946548159487050958014971181845038763709291238055813010606821     
     7276599728376267534834189627459546679103704903642691257933085630480927     
     2022074126392733307264841630100036005090092946370195730200706343546418     
     2825601546912154500083223999593012453246710481921664230207734968594214     
     0647131824436298561204200925859722008674214822992625716911083898210527     
     5187887848432565220695313757733929515694363225663623831429211642186273     
     7425932700360525076069496331295221879184259372650958934456974521747128     
     2332639007318621624936949896356991786344157703074968974560417893145257     
     7084454719284753337960522374427315730023832244931934615409949450139938     
     4432325987471476366322557456721418980069812149521928584303071196855881     
     8356872057910122073606936283325307487280135906655512396554629955245203     
     7457805642900194273019270294340614294745906897946869251435981672899683     
     1542103978781825277748909427882017701275038458781968945889204358068090     
     4755898057904216423032387268773070818918960845424982542892163703575652     
     3916791819423911385401860877286024136582686356496930518661236791430499     
     6346491993309788689440915748528035582082897759554125157463002681861799     
     7529423260964333222860642284888596086730933790509694299411559375526031     
     8619748429424668976645197194537247964054764432197706757501442319906700     
     4606118248858307093000860088383410506008588330124899568106815576513429     
     4737376915594157237116838019331652294148546467257679985337303920618091     
     6901399957897750904682339690228678794249534831389609208117726192956984     
     1638650226030772397460537371233956133099047375240472313914384298718789     
     5286853231459621896056057441095492408658340599261081036536502709191177     
     9997564975721434933780557465778501180016405061752993335414958285267749     
     6242691488243245794858712997697652825872657580382282823850885790819813     
     6179912555105109700849774457766776218414413986357312150921795923605428     
     8361584841658474492308885484970061835970832495037815450427045699334733     
     5124471090626993122708251063413200554816834364821309270018481451625121     
     8861124909583072176829506047212137073991398039319104711524105460476776     
     0392452049426876568274757859749944145449329474793316192469086619112131     
     8407390361784335711227781934795432904473298139949136756493563719590966     
     6559340541729575856203221821741793376378201163474599875350837625911886     
     6758535704940133876690255376499756299273547723580835890209191083966221     
     6152997609151135833111803892713703514349006516466746689068513515417843     
     3096477837419665873294603506886101708774843308880627968315118221842302     
     6196013658087152039016890614680386908763404479828265155246885352828954     
     8579535284467475720652430585296314501534566671250683522516932310587810     
     6286921139550703959276281010914278879987510225044247916263770007215698     
     4611342668751412153886423139094431025023045532623437523926900686293494     
     5598852068617354618546048943843072691425669924761122560901490638968683     
     4187346797654108123051379518248573978533865975666917311019787711609246     
     0171489259033970292954028360535080035575173933092177375337699969695616     
     6650865574147749538564680875582367043675473020665952880590630017858118     
     0630041231428829287817480079829088386712000457100165828098411147840893     
     6527280741028655045169893810440462961835173598816335674731706550939175     
     7344039497173371575410565727200474914199402053777467229326314111051172     
     2238923256073737567141186021295727412037536631380757461862106344801522     
     0831906573250715395710530609758582513210143325032887619509208514206376     
     2774795057287661121243836574988008368134288905746796107617719512375523     
     5255867443046630229244627248459950087360287735461967746975967044426200     
     3346028881243349292986054594907896067565766965686207547762442677555020     
     0284767051486301806051172572329115390858306955357531028432524108859078     
     4228482574859071583147755718165191990190436269875191327575967681290347     
     2252619498564367797498095622319552983760231601856896253672100029552897     
     8498272416049497807400294305772826927768453724717538241291171208537429     
     8615342420603366248805692612987414495196774049357699005223648658013945     
     9136218425871869093345724542072083302155743257536169826235510102294264     
     4226990349161798902489284608000000000000000000000000000000000000000000     
     0000000000000000000000000000000000000000000000000000000000000000000000     
     0000000000000000000000000000000000000000000000000000000000000000000000     
     0000000000000000000000000000000000000000000000000000000000000000000000     
     0000000000000000000000000000000000000000000000000000000000000000000000     
     0000000000000000000000000000000000000000000000000000000000000000000000     
     0000000000000000000000000000000000000000000000000000000000000000000000     
     0000000000000000000000000000000000000000000000000000000000000000000000     
     0000000000000000000000000000000000000000000000000000000000000000000000     
     0000000000000000000000000000000000000000000000000000000000000000000000     
     0000000000000000000000000000000000000000000000000000000000000000000000     
     0000000000000000000000000000000000000000000000000000000000000000000000     
     0000000000000000000000000000000000000000000000000000000000000000000000     
     0000000000000000000000000000000000000000000000000000000000000000000000     
     0000000000000000000000000000000000000000000000000000000000000000000000     
     0000000000000000000000000000000000000000000000000000000000000000000000     
     0000000000000000000000000000000000000000000000000000000000
