     4174366551990186484004533821308679242668477943668000795623565178204607     
     1275041660047436430146957028932523345917910925339815996818487913938436     
     5554846342950477962146800278377338789780285848411468977584356154346111     
     4155687214381146951513818618212033245446506219100175316679825241909606     
     6967592076055138556473109743972126617245062417471308995507731813693437     
     7657484531334043214792055072696395483624276946339816207182876988594338     
     7857858525562241087482764273557279324037817068049832298387997571631793     
     4359196343539152014696944484147587887364122067418082472215142520412018     
     7844618205851763426939912826945295349028880439273051070189211252534157     
     4809187180395782884779634653935165649075460805220140423144820007840408     
     0918447582282395580300254951575131372561506615036582154052192123957501     
     4097841337663194496436514127756934792260266536429644363350549729843520     
     3787304815865945457106597993292004043097982741620572637544900377385698     
     0646957361178811404878308514459889762765564445202774946502041936673072     
     0265158836576527457721405688931503967376648117658038558869807669705815     
     7526266627878378092803582177983768313869527317536810644271278665891082     
     4385012052610032055792979468757404831964370545625110309902170871125393     
     0909892119997501092234671894483268324211892275209811177562789278562426     
     7938888296513173592044413154952415651186731424356003289368236300729904     
     1409472873327631017819624838100939209594202736763246900823639878263678     
     0276603737862562528250835489309184491052149056936183827298300663593940     
     2581389089512649566884115547976063455401413047167914254456448152813060     
     6215407713199910828500698791851881599124315690088411471450623299650961     
     8492135148088984008456533949545703806028414577010565324188865396519628     
     6419611893781937825255157009684013123994283871543559267729593990157231     
     8192403973987769904936747831870000223143886799795691718757655058232704     
     8693261449438538095303593152918865487519301516145409544114753028352000     
     8787606586869505399604497370416255317473096956796009448471913596533385     
     5909914370214298868884648628514062618487155946761073585498996621111645     
     9659701149452826732427816973381741589638808460454545020344540742007112     
     3975373698378736412940397381917589132124386120018286706077291431298776     
     9425201925927919210313895475131663339323890700134800062162402443409670     
     9274372676689981481940060601849100171367528906281070989951332290530921     
     2171205270694243288023613219630853637096786521427715441801639131983975     
     9940495553631241337161827975525790103398712494597811239916083861059308     
     2685489829690253792003233568913959479077662969265966208760857352305338     
     3218706456045953632989304943835275588434497828434468990008385945331256     
     2175114416557844958864114213283180283507816837914184075328240290520347     
     7252039922591317932176982728535651340396151915672490867456803643480182     
     7487638438998374863050557678451169152506607971938311937309088724140474     
     2163319872580335567067324425097613801033584925127935243040311054827513     
     3249732098712286783989515648361358543044777638211285990705271169933094     
     0611563949710076009768415255050725544833818935083595356111548848561617     
     7853648169106284703122458007637762827035633513562992912650215313839314     
     3319728806470951325976665578806129553549916661976779075588453315801286     
     8680136834048683980664024816370996839734535398280626778218972965565224     
     2885755501159225968163339538425404557253851113745071520079268116166412     
     5054792932684749121051372859509334953010402657860463143973992284693830     
     3474434117795562034766766728293905865744129167101662008065628485265612     
     6331798483878339304468567825573776600032666407298901083486549190086371     
     9586148687497011754519164982068457652921554947188947790474247008644518     
     1394745287463503465865782136197797911438742025922248121568818959310645     
     8030756811606817590575304970627300230476760360550112378514311245116897     
     2211041741686913388435928859981634726419323227749467618939162080759971     
     1497465154872772166933371656604448933456336687392792427663924088326199     
     4314347816339646923063532697211812154333507325473081477660934410041319     
     1998450061126627551575402914679006264683079210698730756849932002780920     
     8338022702271834036459985259952167975282345375897109702614974621466494     
     4854739653859425552113296764299956652100355305718028180491062537528342     
     2957381927824716431015053031764386961271310528255647966945361150335645     
     0701857597029374622191326986850070114015371865528901594536684140110237     
     1405787487396212100665824976980111761160095437615330006781670007046104     
     7240606813430116779312677312293873023894082282688646042853511040568820     
     6535627639785971309643845600265455009085649576530159642451496984571461     
     5130822224312133959002251278726377626478965693505268061484045344173982     
     7812758607557876961413990388039209703347475818639884727252436445100512     
     5301164943132169377794336557403914395429978876158752837019132285072290     
     0290022104366462258682875684029878843520662095465462097458802978795151     
     6895170638797053444951039114677683057777112168300659732973663289344000     
     0000000000000000000000000000000000000000000000000000000000000000000000     
     0000000000000000000000000000000000000000000000000000000000000000000000     
     0000000000000000000000000000000000000000000000000000000000000000000000     
     0000000000000000000000000000000000000000000000000000000000000000000000     
     0000000000000000000000000000000000000000000000000000000000000000000000     
     0000000000000000000000000000000000000000000000000000000000000000000000     
     000000000000000000000000000000000000000
