     3136520135930798239818921605417351521729429946029603163076189618269285     
     4102627158659086462499965412033171589586277387662597695615543149403821     
     4639419307308126926857283200271765872171790378153638870073955489152714     
     0877566635388373919409808941348868114504862023086895126620514458962915     
     1384930506541870778282336733997580902407858550134329682254885150621267     
     2434337668038689585293092146076819802696784406821460920005079568861806     
     1344206715430119476684643820493989998776539276905472333310338962536579     
     3436569739688761571368365562770396228765931568531663452609433796289972     
     3602147216071396558793645259872102600711382378242513290884390685234265     
     0556413346947877072395398414428563764389379638777401525896233683079543     
     2681950899923246977913129826987312939498005968830122419945980323186326     
     0001724800690879826706838364506121370187764913097107101583324607762241     
     8076722383646713403418729807909416519243447621572010442427357237537525     
     3907660273563554294991571439613839676095069488541238753516668426982541     
     6506920072110678320217760515797086970429277089982801948073044460729513     
     2165273193675749629173537681726962460149080521196279578297200332898021     
     2644798483550549049184682089975452208735908428199463690316408048305412     
     3758585388752892129537968194916348300754004866003088188600398858544987     
     9119166311820799051253793719092156585612159004958163511679609253697358     
     9933691525486675147744552026606284981649571892518988979466984571011303     
     8485599680422913741618353841150448663829592388127379644202731914737720     
     2538629904735241131230567896356993967430245595951841510286465793398147     
     8611196539836265170413927545041049223019613331974686935949735048234387     
     9810340047018158636249982083916625982651573923317456594383889147990525     
     2036418309487839038930502812983084121652882710399926325087661962502858     
     3846747621687721555583732624627627651201855202510184017799201455789208     
     7675862622987383877488526066532246960207913841602920641418410459968173     
     4036453276358847347089944330516589745608130012482086937411076494194818     
     4931994988295769756994388068232329876484407431784493161488460915238510     
     3921160315632691679867167331899450981994496175749345236003023259257336     
     9766759730576850942570912620412644057374812532253458636471205535932960     
     5685026094643592927754871606983075691079463886761451818792169348573992     
     2692889112674770139414275878665459554303110530021063957985573964890686     
     1736691950909890890628710751685801588381489913235115382138829522010287     
     3606957265755284886157472066784353989265892966338715968295578562266081     
     3488395973132057500150220100346722549947825367107558221097286074917745     
     5999960099872482845765840206429789115525611612892998017805183435878105     
     6123805816718872393829249678265387154074754184766072767842151166691841     
     3777281376826764669622298542763002948417848274356074267361955449530449     
     9187959552717124118402376767007707802167239581160417223814004733449441     
     7551046131207853812977474208036303331179982712711850504352662856278450     
     5223368360207454585801960723857777839954411290081733449541847959913373     
     4310335355001112699165830942834596815395652862189081960951851007400187     
     5729255056965955305827047124673965963947635093285306022441398535732954     
     5173606317678269807120652842062538241657069391253782132066055435701190     
     8467128736593443555819004115643278285747790506706005438626181564853327     
     4464146904470663391259771987457348683938047444690202159151613986922584     
     3412564561163678660076271894591506849671369322605022752661350567776180     
     4642143932649910191919931824603064577881684089534206976040664658446477     
     4827377274480015511975178863183047260657751168041052246554886572359158     
     2162970321912677485030466548521250200314427656149812813861488854332634     
     4559266641051087796557633790051570386887401141822652243987143785957814     
     9302692401949240338551229743394541457711256762950890400335436488553832     
     6984076729227569799128706149221172674759485060343215885365349358570506     
     7706680910676558179629215452334701230881013704988889913169821689679842     
     7981474031598458020621629689542025072934285915422090058292936210022149     
     0848791951692068723251720224303684735942741633697121611824913601907732     
     5088429382528192827519579048074954779839238361204165787685199503697294     
     9115899034532650602136593436784495907644295799330590423611731191174694     
     4107019905194285339414662714562538403703018651481560876889554080502698     
     2725111863441948469850273596775938208965201926885425760694271234194559     
     8008127631071710012281313331655033211181249738761290682247597877664893     
     2839247073438430024207228733858915478687306226935820185630016528765031     
     2584616085845810882330009486247908410057037794978695173361683999136063     
     0408525249812729010602191484839509435467264157381794148326871880643748     
     2415510917170655060247763682870823583921374220511119540520242243826329     
     9926922386405399409468573868995302458989261097201601342884718224636986     
     3363648689205934642998292226253898946943578436129380411945649393111872     
     8221506074186080241252272928947869060290351431697345103263273699477254     
     4349081881643730510640384557928172795623268306411643954535832632146587     
     7385990562401662631708033772561189874817547553620346258729835668373636     
     7759489265847249655483163322337550533325602268163260722729855481948908     
     9069062002897599302467624265928783414784172516802503973982087722858242     
     3762265616640047996968410007080921716536698649844810560399569419532796     
     6871771762768360357801746869762420718543365409142919486702332105354479     
     5718479894951649646146411781295293897978080191766332780131842848927216     
     4677264703064023076010330104377875238790411549447188643501450799964120     
     7482398468059040997243089086741502961721033251984753533859488475695332     
     1955072321035624625033189461628834432486896738725328548983796877762229     
     9929254940484129775562997963770903578156834272732173966844845790129422     
     4358373083884479003870783834527978208945345323326204744312717355212057     
     3236910793816702824563754418731833037944487895364283936433778347081538     
     6730823077207266551493181475243713011780398837321623373108128951109849     
     2586759558256607696721989983018154247667849192383211744323568121009303     
     0501702562134339613416443568966931983003587104531785739012221791277172     
     6118208041166570900761345691689907968711756216721354853319401563779706     
     1863794127467888505005207221633126419813818494056381009599367285527396     
     4326824773137075777530644556946496276986138810705246023777062603552227     
     8331751444547267609399908304863500943246617103968949252301044538948914     
     0690299132008172655983452603743890939926255852824178577303781860002015     
     2743029968110887793176871207708698497135121185741324544085091712077754     
     9671356391542902893605092883737384832865927606382898318822050716652860     
     0592173549526399331977790319278455905995067993182362434543337684434717     
     9597655050173020827466695088131070669438780723766661122478724713204582     
     4867038032308616024273498094088353882325479993660955260988172973234481     
     3167094638658526376074643032818325167616672219992653982210887846364467     
     7453160312067155522833555062052446424527525291814290139760723830672411     
     5986148688706862945854408000860234783837507084115449859348180864201176     
     4437969342381045751159543750441039850750089937416380317893625339816489     
     2700237323987138100659262893653023104318631905388638830417025056321921     
     1376999479331381584127667768244935447521621040246983782036112636532954     
     1136268154502446517480784436527760049348464359878966595037631157689634     
     0480763245701571253166590895588428457438994029380987440124629673383249     
     1556877190935730499920715686110155837204748962472150681715055459681887     
     6121534793486759681456032463280572612993723603649572718421871453725206     
     6259673629931342011256492910665243441289233733509437106812775617432351     
     2790284051403500442660264380739528440965044807672119054103356403472864     
     4939269897769392471016461682729328895942581742635213523130404434367655     
     4144143438946555176848941774823110002961275834077781956639642013875679     
     2111256682837513673151097648636535687704964206152841246665554842645810     
     6287097483122239305176919268270318382071432522599986660390892298415428     
     4408598000573978554314116059225259191581601865969796744652192017232888     
     3550299030337953550509653622653275534068757685446965846812556316116421     
     9688653507770253327706279286162417655688716315108247231106839564630020     
     1262920449503720056271177145730615614736348054259759372870629278362804     
     1805470967653040738444737564869197109876668449376415406677544820933995     
     4222032519806294385827725757996905347727974214925479343710738383290808     
     0615425287903473997310874458086816391614080677652394647659966371730256     
     0513100217319809184405648809255293756433841362453663111640081110669084     
     0041514296195165684325760504089535861375004839163040165016770453703176     
     4276799942277961989768919431265028566795425644881960346340618027518681     
     7530951868385868619407912504578238378772706680107672781796607212418025     
     0741846167240760522708807442523117470513489231391730495985110579851911     
     2150672502292945735122044913282443206006556694060771503433203962855517     
     6400688277110778672478996718244142474462234177019243088328504684060083     
     2070944183558611271110721871431887120124762326940664012951725189458864     
     1467259982861320643457440954404849026851759177553780293585605761037556     
     5958185506890404524166767835560481999579014691747165889238035510171108     
     6323042698041077063444564389935587602611649591142709748251053330051589     
     2284373665714201265334733026010307767572777848981345505142039439588919     
     9125800650518277845154117861283876763868177464735068783720966412805118     
     7230646149470194583810061747226983563412226143895485041476617638913846     
     1335879481226961369698975712692419253341080490244892457884894756608426     
     5681455009273341406456412043828419912854204854697225592453376027364849     
     6731791308731367292799869966783560323827112029140857068686027828383510     
     4246114322307175376797155939258301825603785138952001766624158058619284     
     3046696339070572812475818301897540643739233684176463893167378343072458     
     8938472954001460928982434977339228286594494631392866822234164123204772     
     6508010698943152213287539370530214737369137124337241003419815513988965     
     2036244008466630859802857134594868451108491967638087718206503170566097     
     4340960262495444542802532204834030253982507109906934015335683673310820     
     6879981627635796555333862023496805663059932916386133444146030669208324     
     2566509242522528294177973199711107235770664392531409989000807566143779     
     6822535953049221235514780747696699362729645992525671021893230235367577     
     9256769828587411903523929529009511651573307578146458912841659660797451     
     8771469489994231831141036083098521910652998284753401251381581319063008     
     5209333057425818470350868419914622819581274129661684910059285340413833     
     5348345777187469912822273402435989763888845409235073990505213759296060     
     4482503680161789811593520886726009904105065956488901197250466199890077     
     2862806023514906912009878346632636339691763563165189373496508698317500     
     4723498800928211720341288126580119024537368177398022803255013451919144     
     7750368507844048881155677898606218543172889989221340611315270781699651     
     1588325638535810531839109822065083264922763864207869481078187311748455     
     9908623510208208550898980798383428425704991747990130918465736928442335     
     5377808089902225099874336208341387412130963172815638960641154183974156     
     1862106074686597754761830173345299070954141327250943985582432627778362     
     5205189104584441277245088130982628135123486698587673844260836664180621     
     9535147049852442761629974036380388157843777163952859140436623382411110     
     2402347490606358139786020616376727044450474107375379774024911548910085     
     0215750219906217774088076452947303987899449718145950074075655136130904     
     4266022079527351861657257839714547762424587202414576133305116442693656     
     2419557389844417039786225399302467101453613784813602648088986513409684     
     0761615418183377814524058297747801157532959997483944212374525511399660     
     9986823823109679846126299286761733533302702134200590019075312855973322     
     5580567864175497278696290074958224825115062463239827559078171807457970     
     1045236507282679448410726534326135940549726175014951895724942445107293     
     1259802805921214033305853374821995780902172351150414166340397186066224     
     6844313551308500034579400409645084575214493283519819138288483328091594     
     0669152284549515161433832580142188250017180786642447366648664281783722     
     4729216477072043484012069842990792391556133789420513022331638898428182     
     9452038953692256828136547794148955954766177216476368540518274779806344     
     9065096891831947641615131266955591342669074609525992197510553042293012     
     6926029492055964129616889424365191174644671330549880738480592647720909     
     9846149153293718973239089026179240747516838211440782278767018399821147     
     7200937509263630091839612712455872187810200870157288439179129868226199     
     1528041708989988310105713200229653790485978616714831509689797186561680     
     4566737390062958502528533193818829842860795133966942806698110406898512     
     6430861891539234211598341901088854240330327783188471066324563517992751     
     0793944988156132229079831500820130424991783694095584437049763416231540     
     9983666212507776285996466316364766425273701598085396481666894506252676     
     3562850129229636363095594442076167563274871271507345244684429637259467     
     5125654560763364244388451152625956320671547690108670727389337599450802     
     2480405239350426146228462849641856253279549089878053454180629289401217     
     3103621170489621512561067856727010085284711421486870113773660154586968     
     5074616750452077173588137979677713044059775589802272824719912091104059     
     5129526026806337820190735040876761849400724864281971127270446975766519     
     0910382002898430501571088550322297031103728387770670346757468527866672     
     3290210577773261244832006663455928201978547883801852232607359719765821     
     2203459829000014945270583226185106321368842880546416651863699085591195     
     2677708546219066675785899956093886853009718903509916072915035583479571     
     7260610837017514389779809471181567588235039237642373818906370818165599     
     7290088176602302857250160059362357049934001605239465800100632904204944     
     5960481122076048552800084093313677476645202149885636111368718718000386     
     0932148685922479204860023969456693812266105252713082866624371055218756     
     9798344852355575435289582181021750133257121599013180847505714894949766     
     5536518294495507031043017351465016850395246457713424311611284790163536     
     4708443829674279340605795749541820720669309854370445089696316300961142     
     3075844488791857178179381396731212856947617865753606489430839486804166     
     2148485715581262217913565044166772688396125947703801184434169062333444     
     5768589718569674972548489549363720245335513231312887636101660239173687     
     6768123244410159180147863733289350874647170037921864975756200154215821     
     3148232520027329028758999913140442200303260486731404058055322627785990     
     3661519826734098488284706534329160273283039019906511080372321328992990     
     7726731763506495432287689860351262429219379575494260542122357965998550     
     2764206871708270331206899252451011780298411869929879568754715102326494     
     9453901346747428722553776806277498444772391798963535523890867643510713     
     5038794757537009136533936229012572605405495603103834064573078111298284     
     4714833337936028263822913421813856328278286331691694050267954833409374     
     8976759592274742468456103453560551763428112886521677143417481640411927     
     1188196166200408662624286394308058531070895550134803576602327310243756     
     4151751754245682381490376762256541215064749984164984871258222609273487     
     2506884886305122718351443680159981350225505925410908182834297082900506     
     7733443447825526267858185628465431297159035935710888403789530764383994     
     1056499455573719106951204121562075611366963252866866862422491551736016     
     7639120857706346569950244524638239127318007787810667162467470134712677     
     5189391606738008230104939406282536343614772339323961763137218816006025     
     6554357731375299723387694780094350158528524339073999230204748658056317     
     3522861353987864816412884365329708293947459780633818376927691654441540     
     5090534682171503241894711576251602647404444023819460915575919634154318     
     8481063593305492663191553505002231775634602821764674102089839380167494     
     5772046849769689787660547253793827846353017622969075903862702027119943     
     3701780310047764384507498378006282751508475085984925979011242559187848     
     4157615821058366219805291849266526088140067410243840314349922008474776     
     8896567009864763713646677444247251000436563249098784832915907113544160     
     6122344346653876626460252248672185492142251245245370131717230398695247     
     1922425915063301877958354470356012413875008390676679693082029150416390     
     5657501355389895984753649324723097037799926291302256344251471008371165     
     7929043779752107812411071661095777699291414327832286155145516680454818     
     1347244514386979393905096656392727074887103610753223209938659683851432     
     8083931550766380780915216074261636144999124895021118022275401912297698     
     6404423038834675301203578314003020479427693666239664688480949616849011     
     6564423999439809921493803999629629980344381490298755140519200521055782     
     8700766483773101301767047038053334745692922001820341111212279328841466     
     0465298947427910405855028979036856030144337201041366170151786725833461     
     5948208238251127356011709847609787037568058485849205100524053993198621     
     2215272834260889585094069412169610272824195314398969384298455068829492     
     8276593442467972485369989439112767807389566464528991367120507411149531     
     9483195874664502058985562122307817905172931296786543081145048016273903     
     5840220778940283131307038302134445713388702568634375667701038231866388     
     1685819450137109787937014445552104383145465765283857986522401003322539     
     4189908878031906008596109946162698150719569498362205084175874097307679     
     3727884183745036359054206278839693939121266968599641332890655385523399     
     5107405018136102788540602031209673020047268737537985032349562885344027     
     3718618741297311549972943065030321246836767990918727889039858628409564     
     1675807232525448392173387301547500734246175188587594402681929112664689     
     9032355309287201794516392160835832527608570100881420713936486896982879     
     8132699873207191477083161631045408182063606110997644056894950315802667     
     7556280374180988231391068421919052466122544194054027307542875616760327     
     3010728033478257051425847645273315179378724970280846457423801056156893     
     8333188603754710111243792509974205094737122016740901539819882947801403     
     6555908935521350648145030046328158157169183753206748496830009266401481     
     6364921263425067981100741269815060197162050875868243177266860923061817     
     6836931748065569504860340631459937864581650861781954519992465702652856     
     4474498371689306051705686125456436292544956505755630680162957566559501     
     4396274040092685050426555916104635657115278079416169157247819610356510     
     1882282985938933387299946009365038415749876335248378598642912211250399     
     9723711990435056335327332662284962171269275643765890586349203604064254     
     6835070588450391723463400487305536217380280813885941450773023337727525     
     0745959143733882603276339153526082759950464149059476213951759825613765     
     9636296742932789969714276889104329409181277120767361914783834733236540     
     8449144315567626879371889380243460464717216708642327194728480029587500     
     7621928211583420034559073950105600000000000000000000000000000000000000     
     0000000000000000000000000000000000000000000000000000000000000000000000     
     0000000000000000000000000000000000000000000000000000000000000000000000     
     0000000000000000000000000000000000000000000000000000000000000000000000     
     0000000000000000000000000000000000000000000000000000000000000000000000     
     0000000000000000000000000000000000000000000000000000000000000000000000     
     0000000000000000000000000000000000000000000000000000000000000000000000     
     0000000000000000000000000000000000000000000000000000000000000000000000     
     0000000000000000000000000000000000000000000000000000000000000000000000     
     0000000000000000000000000000000000000000000000000000000000000000000000     
     0000000000000000000000000000000000000000000000000000000000000000000000     
     0000000000000000000000000000000000000000000000000000000000000000000000     
     0000000000000000000000000000000000000000000000000000000000000000000000     
     0000000000000000000000000000000000000000000000000000000000000000000000     
     0000000000000000000000000000000000000000000000000000000000000000000000     
     0000000000000000000000000000000000000000000000000000000000000000000000     
     0000000000000000000000000000000000000000000000000000000000000000000000     
     0000000000000000000000000000000000000000000000000000000000000000000000     
     0000000000000000000000000000000000000000000000000000000000000000000000     
     0000000000000000000000000000000000000000000000000000000000000000000000     
     0000000000000000000000000000000000000000000000000000000000000000000000     
     000000000000000000000000000000000000000
