     4347551800645248506325622803185752034861641051228361109880543648159285     
     4313299997725803510295691757319049550610086994681139641390635632754670     
     2579048941921765828060393782816269714898780337480418637434581844298105     
     0612144903126289448639785642517425948119815014924172916645018718553899     
     2649468095376902836940690227621849930410310747254915797521865396915072     
     3590903154396681799559702624432336879317203528126078205002149343910443     
     6897267224483914917492614574857433591907947223621183304507973223327556     
     1234879675978027095074654309738103395777718222737930368801768985103985     
     4619185599357843405973089329158939166188220088277176561730843606168921     
     7299364337829872570558426810236080736258788729207246923228463333588601     
     1818117536290455460187656958760407868892433902737327363643711572371669     
     5366291067800956283856199548487131986652807899526627753905338270938016     
     3780824785434477809603283850374045638429700723937052642396452593930726     
     2632072922434044008160595539672684541953026460830106306857106151830475     
     0069517786601486586966253342963827633622883308471643713369032821490215     
     6011806877583300142523021017951143680841201600223142572389501448777928     
     0837636054534979070216501382544264445929762381031255981886037705949604     
     3704815847819293797663112761258428082595024517877426403730681575981788     
     8375070938971987496975633697744069324837417609137741516927923894074707     
     3404226531844625042383023816502379569191063009591870459381234294683128     
     3452423629987760240969161124310724182908915386276611755511720844996851     
     0735334571923806811726942404241737116010233079860286716737935793113556     
     9104731802652624280695997777025224004314321531401860763132068064101683     
     7763252721579901208655157287778068489443139936051552101642648964517944     
     0508217636461073287095383804276021914128922209702483093666020137972703     
     0157164613626768463397296366926490726980323570675381597682923251167889     
     2266474472616785845427419598680218838165602431430654721536713927556797     
     5425945164614280662728263201411470498332165849887350171190740176785518     
     9304254759996048606987170562500233779569800139417785693789573237261159     
     1184915295421632898581521367447787970569587166380951362122965942009157     
     7852862986619505946574583790835275416059720908834517620274238032691734     
     7319414143667660328144981570059085377687126202657284573977680223759600     
     0382217920295591971036108570907654534719085640442292819404041207112893     
     6278317187682344598115329460976339934152683423406844288466577971874548     
     5858698263294872272601239422679809940020406666940456984655458718404498     
     4381475286831271962704772038346400500118301955336537453984782851695544     
     0132000516474067798929808362533262323487850715495120959408313501501738     
     5524321130927354711484299396873997741396697848089737725664964592799937     
     6901405108636745128464779759409994939909454029994874303706088265255556     
     9578861758772610539676675180565429456103424136657610791212772003725215     
     8578730064475102927314357877196556685584672109877285597454365259513996     
     7674069037882481299932664847369045701968755073081936891922617973432850     
     3583561007433452832909498659130255955366249802886317935760085512707018     
     3078774185628140775207648422953485973899425556727306968581151715387118     
     9086435002386781865403867377341852876101113957598087445893089797978716     
     6509799103400467202018180293326649529489867014739140422392849588384970     
     5195182978306555141589785900109065303841961794179209539317496590751330     
     5939990862297467944433796681204103235576361455501538003547955968010247     
     8541772475948175397119032175881081737977289205662456814538990518884493     
     4905083712470859758461880736887341383107591265733671789171286034191688     
     6321093220288615579363592322106151931159163327662422269391616736500921     
     5916092178207641449113876740276905199668789399394484735147695061771952     
     3815031020862689201571497984809521146388745880238255364892633675072751     
     6732763431032988873786358387462927979833044232548419348941730074366358     
     9655346532129629259192503796928061014749710150748090102352058762165073     
     6964052795095707455404346453504965528810699563648459611721651936795281     
     6977701555912779192948632440870110686809798794756800323414596312535335     
     7893882195101567299696079842338612595932018204962777438449045812340811     
     0681680071530802901258275500061159291019947680977785300223252910232553     
     0708694541391537149218110229499532563415512156872313987832498209913185     
     2991131871958795900010593781105868480569710897910889564839259490799721     
     6161426188431147501010765531700023437696095096098346832301332560575769     
     7817162688535815081285759709648399963512109213304580516690745276483620     
     6356959839796004992421589199556252026602101570355029543670262049199684     
     8725993906572493382897008450792180283279445196155562592702840434689512     
     0681098664011396490023619640579160542374638515558945226251767460930021     
     5822330711651429639968797371737601313365582578272905635401010039858796     
     3800827588817188975893845917816146555239520253164704109398704257654457     
     0894085169886729545759963934143147176894497758826173441446298707809316     
     9023820919183716673062789456357223356111122779314325775705347851196446     
     9550111607946865592430092132102975486015591704583810080564043254669724     
     5267076509425096953650045665191679007260707439752158111962939446339031     
     2818310790293433563826186954295284203719872648049971188732471007401306     
     9248521094740543859564409835318182435387114998548247293649554094986403     
     3586020732503735734475569037239383231144501081708868404488664770439453     
     5673529117878150006307163837169153026299079835849109276627117431373009     
     4076620697843647845382931985859591722197165134485698444499127633872344     
     8782880589624642150454876856777444480472597214742432032859858835964963     
     0651218396569921713601266103196460066246688892900224938982157349421638     
     5757428534872851521114812781434766804656608328141347473594372772121055     
     2953186534979581068316815105828936376635861818950370690987192546777076     
     8441259735619953811207064397595162468849066704679516230101568322909217     
     1129375839473210752785731155684926546830692699930252827885918366054293     
     6024146142962690576987737746712203225442895729714883475406281098914600     
     8490850295624049739910488969045470402226911154318345040043587198859428     
     5185741146643581433115149434904384600538638730080108257450014115552133     
     9648458719667334146957368524315485269410169253138038249595527990294371     
     8195950055048764180900148499702029875696978916187607482211180557671038     
     1506149580194283186512995126047494515449508634508334554868801612114944     
     3682388121087463591462132418407816555138212769821957407627802833746197     
     6985027304236235698376000621963942713787761526322956422950012342937817     
     5295661101291473786842190794126624973001267829622389780726467392964558     
     2309061694402213223400267512708987749327812766816968204472306320324317     
     6938376897618072672404968007552233495653174734054880077419302210837572     
     4030499198977443019567737855302994107768036906372646596117760045437866     
     9910110677431445251892141165680859560441964222636067336369678257994073     
     0869440817972639123986564201471196643687811754061011208576296945913810     
     4332121792433305161447518855904488586539669187650871689095359841657907     
     2081091137479935209841443447943952993650679668327292474289915792542076     
     6548367452281641015546731644237520729060978996295786698920106096902836     
     3264258244334341254783872822670152491227964349205137312632851233729462     
     6932510052103478918762342160276374859454565485235748338990415729728177     
     5549695571503597564798643216571100896138980926311408520840225797313173     
     7638065462548201053043238283557483956778939990627382670926216039742787     
     5908740131731634363004901233402415809237994750124232321563758906617794     
     6728967954612889408751803010818048332149823661535308002661268294643011     
     8798057646080910756058075662294176808932746559749122563580944235232785     
     1017515357110955826236921395074452260876113090934605661081157148753200     
     1678558413035298905010416783696893441136935681948795124666264371724708     
     3192379423096024102318645943888562830148926604781001968992470380548332     
     4666355809567749991696060466160901405424785358400749335616074988734555     
     9439667839980294409279274328833868419769837813898596330520121438786373     
     7647840882439502378583241632065552081444865834059879733041159950114361     
     3857274010867126294483156129048405886183580190000637444073799373078346     
     0662123451188500800866296333727672755458158838929662378565155134000345     
     6015889870849734015480801245618485464005029734616286243964898310583314     
     1397188275819003069517207804313600000000000000000000000000000000000000     
     0000000000000000000000000000000000000000000000000000000000000000000000     
     0000000000000000000000000000000000000000000000000000000000000000000000     
     0000000000000000000000000000000000000000000000000000000000000000000000     
     0000000000000000000000000000000000000000000000000000000000000000000000     
     0000000000000000000000000000000000000000000000000000000000000000000000     
     0000000000000000000000000000000000000000000000000000000000000000000000     
     0000000000000000000000000000000000000000000000000000000000000000000000     
     0000000000000000000000000000000000000000000000000000000000000000000000     
     0000000000000000000000000000000000000000000000000000000000000000000000     
     0000000000000000000000000000000000000000000000000000000000000
