     3944835303408166076074980366133005722307209293861711711803943290637574     
     7927090296605886762969353342760804102120499612077380738098573158486438     
     8263908980243696097675293312258709312661759581017305175546649192874107     
     7252086394290655831895092070915616308845205171430816716185829119818506     
     6664995151008414446759425511397927759710040214796847804129865259365162     
     4246444419150900705022679540289363527269141210442713111233497046279930     
     8949822976548386346970870516244010747301859640458425488326671990346887     
     6385922907300810373298562638683535869568337242777026602356555286613563     
     5755907740159053889168294624840970572489634091284949121521863080883949     
     7920648288187459208012823103274737329198829013347043140853045046173223     
     8890529260365161662738717325244780621259128506418635344239390324475999     
     4122408393285264059192801297722594479535279869304811578497622291593929     
     5565210526638120288827944105758937676336108255592614368548176018363755     
     1305576421596793058059790077372436540448002051257031241802331170975291     
     5990182136104322849465219136934171456850551674480204374247023293536966     
     0147682654723754627298784718357246578432454826767171929200407106324180     
     7265955390886115150390991085653589242555169962311206884694985930422758     
     3091701067429237171012263282441819364897545184172699849047894266273669     
     7558074066691339885785146799648125905403971740737290197228449542858527     
     3921958020011870262271244536731281772644903326260300144652746607323895     
     6423969302305968307915790567582919745083866919971985898414524323922123     
     5584988974847842690592710375247200299022042109323303046036852750227285     
     3340841568793383140294941125626664175589170372674445334488475936536620     
     5961185449515026250277149440647635317820488552015741793735368956624924     
     5310826187834302366297605149112581752096474388039633986520939807909308     
     6426182914454173594336255649252639900305271526407458552370828827491857     
     1109203045705379615591351048273226840653829827099952820773787399810827     
     4337788039906364286778359830461704563707596986459618234762925065214125     
     6322433950008010780427912255365178014021707385021715505392127305089714     
     9389622664919535256913188336625668636591575670063235272814917602047608     
     4391766669081038440377975906387341800941235901275057721248143950695613     
     3264433573766908460807456813807947682180900532175442943457516179466408     
     4791271955962263756969163424302201700268288151123423067545622801666644     
     1162233348838809797347593377512826973466161464368101298959730366295427     
     5958330255011894119661277033414537517219898001782099502978026060902059     
     4973438943309335662770735051207436211364202839586751749124171211069116     
     6853966269470493507985347248116510765673473723425655366614592176829132     
     0405197678101929305271101587555689716971108379175369901460439439103724     
     2808153369437956389682715140908014840309165339509433150355647427499386     
     5528536191071247841891675675909501376045608980142166924454225661799739     
     4442725188874834627100108411503513413584960513792806908980217612924943     
     8366525815002257686617402525136572973776882437650006958872986693968845     
     5730099769271351706130058169284297092728173779603158052505592770081035     
     8859889422816782250959103433440544982313218233088047921749860591978168     
     1554875742145616798583498426976015297629805354315409269425418650421916     
     2315646099533112036378351181700390615656795289052740851757553424822235     
     3605410141798080810793543233406002959905164409196152824921601816962498     
     1972977144915846144228649699090131115536958436302454762425379824538756     
     7126198009968236441020392774793805952803692434811478962572547090555449     
     0537338436280926482549479894038571829397593612418356678172858459463284     
     9338362001033050816774606830363027111096632977391390479414715813838664     
     5647548285048597793942755313315979090936672562525729624846179715188721     
     1669043379242242997683301281897474445295497201285367685886524842238882     
     1241240430671898066569148406617651628516407625507886108818331670840166     
     7392041769011477415684831079582214709369623315706639050624435935169246     
     9492812311653205516835887537323114562657387870119365661762568757107782     
     6397986456984091697880688312848091728554402253921435554905536987153472     
     1931370562383924664689094485149255501775147664622856039112009064421263     
     5933435751022331076387771400067527461257996063155340080523135652307212     
     3575405568373609349248353260600037550453598148353457137493515268374218     
     9307424044647943114062299129200604847003599026926943106893362594011801     
     5990982582047542510169072965584972463338836120250782241176922842011898     
     9396500097246656579939473538763585268972594723873275957673920882260575     
     5278817254698295716095942952315322499526757967155414908189744989608370     
     5095511665197292797972357189564181409986990135147407733534709875816454     
     5895673933315199719473475730697992853639966965958223731024310059259378     
     3881240532976309305742596598059809662135959604144821091039812413355046     
     3177509652262637567643278220802858146353475292907050860580430323705567     
     4672868231587867002309721354973215419842696959621552902212735836728394     
     1677089680945224032990055628984323438286211401643119434485751665137812     
     7716840312512107491920885322719156482807319698196861863456730488059885     
     3400067583104634047263833445305700274911219143199016226323935678551891     
     3227894557308228137659079330119113921915402983420290821497397594486055     
     1363245950417121824214681234327414235467757627532330352647243195969824     
     2471352479811977383517131773843297875464011886254399941205882356040849     
     6380843155618496794281959261199895080748201181713271130627154859377509     
     2032894244977354848028909234784176873575744352742695627792398268001838     
     3340510435459859793879938206771845956348272851572797401119829977724313     
     7902172776914476641139010540576371215372599047638486537323301660419461     
     4553809917457453583689154066168284465424614226985542319599192022831666     
     9825270335261371300116049452763614448444103722764443750515717748724423     
     9629095123925528211025365011855633539795558553709562274100668798863518     
     3728043993513192554700888869620145651568544656827241829790730957784406     
     8883618836962389569576601064441346942823388242477409094654770026044079     
     4450635569170132920344133555091532348073042868067705655667081733451546     
     5230402042819298832619834113448474980281846930553304900432056043137916     
     8300741253352390647606763455573317971237389075359500773868479318863434     
     9405091341194387036021316607219498519215661795713341851071591393703561     
     8402263595684357250870084152060522631016850050901788116676387742754793     
     9873660657113087798808319914379373567817012496127623809389531704977694     
     8519389616040471624272318567635753263998911302007092160085475251618089     
     5064559009012142196083796231010480575429245695252330043991209101953771     
     6246277497210987667180343846678894534975410605482050517300802103392464     
     6984697231269871059947138161275406296825425895972482277500482383544514     
     8987196884698835708590873024387708211621906352700173285187596627585553     
     6550113060456079517657757705829587438545368064914810173793538098359711     
     6373636928198967905059216207626144655956150764713865069048062496995422     
     1576724773691503403059887260742199009887938082101709697472150831914496     
     5964670795361090374663875498225818952403651827243575638122397727627207     
     9888321521817176252103240921653957290615783250786881398015209897237677     
     5421383784879518774244872296599817828946780452608045993575087178660155     
     6447647342504439499595428311085717514462926602363096681323465540864338     
     8105892868173157456377663449578042967537565215535914620940654672307512     
     1249214462045668788952158162670369986061989949100718620370236745139417     
     1140294296159118467121560583755402719922796549221927976765904691207302     
     4708463574860767355812642802546740147666697780635324786307745244183053     
     5599472511690020468499771702403914800350330764676045621683938533467481     
     2581439417319246316213202669872033160312768236859481304717375715071185     
     3103110707422939581692117545571808192042736718530625102617781326207522     
     2762090390064220504208218688031105562804079558919372720272348120923914     
     4756625535513058294365804466818589874886654662800635252226444185608443     
     5259546300925794098437362831428018254980909509804240827960990207380034     
     3361052558426541650291340586709514436182562470279061444316236091714122     
     9604236461825885483341431304859160893682197400954062467603223360668647     
     1273052674092895125332366533827505454440523441481027785819559979803113     
     1922257970221688306792229079144624878181044387159029237434640579943647     
     1162025610873812672240518881696575882379478277677394919580033308665065     
     3843796767859051362554155322736908163045604654447643994984210952712573     
     3980145296498216649961853898286823408687473424516569878501372388888042     
     7336100106858801943369098698630260836785449493390411588856745633013160     
     1425043424156063912051642230867802567175873716772532665966381472690198     
     2483196398087784106446375222535005198083192819656468773898801336938864     
     7759553631759145542582311238858682659562334311106577276641060613104059     
     6673315567947303127334397252828824306014129035919934092329833298298551     
     4035206504612998227782694214280046258024832251838435196344114933170716     
     5601770900910146295106444111104904203454054017836337995522133962223093     
     4701417606818782164085309528821499302383996829647424955323802979074472     
     7612539090521090324735693660732793126576005056956216901377936241799906     
     2750135391309303358291172494550432091907506045645449459743208149845267     
     0729228504353647644066285569948442634932894394584202734962461900846738     
     7302788767788750266029744858792392702875521728187253706020840425053432     
     9875001794779759971885614960879604756430603640057067749515401515547742     
     1274431829530871420053649519080493439129379637161438191627366903045666     
     0803248768412142902967739147315368408648715336911022497219424488398781     
     6201298333227180312203937817686887463921657108497274100635753353477932     
     9004304023619894101563121343922203603609120196267525647548630622827617     
     3847706223938531028994689763043728525696117783871237578591539616548214     
     6341407901581453300329754641509263926002767030887735343201022894100460     
     4759152260024284367661653299132925317498589312383430822432691407482802     
     1508590115149770666450626865303019405578877477473019478154185429512171     
     3169523071335607232966159419204676051588340186350605316322326417028534     
     0140564765980314826190497158060776851798980925400426211672535033364885     
     5014065596429939944055415076037593543644338142049820102391004247210105     
     1576498796013759972005013593291999990311977754617313200421213006014076     
     6625723308029322558766801336522310379272399673562008179147055575675813     
     9040148805049610151052622967128680345331125485877145304226978127793329     
     5319885719772169544736215868842685097745939492792476016695560787546320     
     9623343945410490858579526811931189482015974542691625445615550357348274     
     4445725316655088412053674711619900052735566881006758236203920921579502     
     6182693344061762879326109668840020309726016141602228649181260820833897     
     7553751957998994082792875284832446355842681350038965386402568733347443     
     3441245702545592881738821965870600874029000041603947869822217535553962     
     4660742542395604044917169747667988390812281174616777288319138134002758     
     9480206544750613032350799297325094562219440382176572443425440144192256     
     2770446561670531058856405497600783370354794430594567573277099222308873     
     5345086994710933333101673806016063103304524227228505162669609068327542     
     7600881160032473581957158455369714253216527758394276888987979972461080     
     1945968243877187423001919542373754235588609738750462199162048981144255     
     4868520609367501627495102281755554165847682587979294702702493932218480     
     4654123404991936942474485945841636102539340901290365440742307551889705     
     5285428301687430696644761448635526588225358437842108816336311700824000     
     2354534935276877967647661702203285278700780335533361649499237381654704     
     8110586849319737931890744585422092030995714072006398927084034261956061     
     9368264790010798834451861814724324048307370356235188206781100615085625     
     4788584858900307382839169431017883175424464477067535568422215037273155     
     7224135778429371907988095466131663582572278243388391388129907127087115     
     5453903594413575843955472103745327151228421324520655429877382497328482     
     9483146301409040384458262656317668093342140848650756954725513979034939     
     0408290532271725114777814432782146519306164761196295813118324376007904     
     0901664858966500160650286010046595014420261677077254234105489831447902     
     6807783174729237950861352090088445414451345463043328822603709159406817     
     7623723352036921835009514791533853063325807425274198595688985769323120     
     2112126975883226746742925725252705185090317998301367271752312520683728     
     6202616914782198333701150343843844868323078780909011306589777716339009     
     7723407330433390174184896761075189368284725987170228073958116141150706     
     5412736793128924764579956361794864237098422661279708724746372422142843     
     9504608259654668311283693379197518776753104201172046938475712108603104     
     7636273423192509368107487455643460088880189111609191121766505992411230     
     8358484485024937067061146784745828942101190282411876439386902450817323     
     8703773453304813512233054805682360720507107720397037195247087349288475     
     6587056167067159329369208241314714176326705718593006206096454507719881     
     8820113361357414370787469765408817685210769525435898658155793354725806     
     5633328260998998996360182698536653097311665090506837520518828013509094     
     1516161287984981055444222094449328729217103537881774369928475078971777     
     4861170206516708678844867998542122612868707376553809521931762932368404     
     3303940882622701529987244451660930910707395861532659652270773555999242     
     5328386982656089062596162490956559091243038615115825557471031708538145     
     1008068581199342566678708043435829268856167480734122672178945475652662     
     2267450123415612341299443063695041122250131417578739230973547385228582     
     6550881168990173127765089988773486850215708145978466945378957909311998     
     1990090064048799265234957173518771443026350114810120679620664397204038     
     5722984764204063052265702855208869357606929267233707100610405133791432     
     7031556760058112046438728960769888768890895643424602985212755860296149     
     4980981258489936430145531567611613011019610227195112895695595709314131     
     5637928258179455723219682928028286447489765372244724903735770612979816     
     5843746642173807478017985057483434468110982910485847126804481616625914     
     6920407953159645424264731947019897959300434089222463167094018494825888     
     5884359961373649370306932277368335066016426941009919063173941757760495     
     9855936527805092920753359675732955895332541341373130027151229279163616     
     2578427086837696576201509528754553522152484400833077689930951029429940     
     2208970493290562579107587106054619873329001413626207625528087931412965     
     5100102132553208475394928251606997337063210412837206960475706859728749     
     4007975553706805859219496665665978525003380816768240944209252548045211     
     9970991273037870460946625953200090794163219371153892201023356925935599     
     1887675851541035309584164753586988446620472742401701110886564315019766     
     5497129046837153043842828203442906499065921044380022123519052953901703     
     4483622652150012007263852462444000420272033406213591235292172245224075     
     8507952924935420028743543161177046611598101029258069236612648031490006     
     9378997535977638069823394301829783046983680205265103947302287375895931     
     7529103786214382197886299473976622765965337804242801721064942322070592     
     7832468131462790120525792199831439855390303152439161018942917698237772     
     4350653611333854090287215759387435795578310041154102457621543900939148     
     1479040247057142910363438313060467810245984506585736762773696211630919     
     2562404702232273036737513212621388976676868784038756839620502771161281     
     2573313030446017237211107432693848086651855739968651177260701981792089     
     6041085179828091433097219939762673676257741540321478506998472687166359     
     7623813693802271989226568909768478757486508882736926287898215533976000     
     7318253458329434599124168480213417579121940840835778774363155457757046     
     1465722129962815728768463441981949614678729019559686984234995607579451     
     5260901754569327239637403817379616027114359682849808752384852045949347     
     0092479169328130660491346125026765805532970892116731547557497801446107     
     4315065650140599773487492448051322458477594049412863846272218680410207     
     7139778246198960768324098985587536349889644933614024549077068064665202     
     7870604954229223587224873432483253583035164198034740627880345577096069     
     2104151403983758124755592027807048455363223909351795408448829000964634     
     4185078299041124975890832738366386145864999049425914623325383600524257     
     0040805299456295717257692576190620778628015146532913603021659651856954     
     2055352071105470360003858482816749822590539951027988090950617123518604     
     1965092572657973941130201635367873658744313520310635899940735908707976     
     1601737576774556646435035361436776285436260843671269699752751408996577     
     8627444735161301760274541817552576411796804936111215784603730390295808     
     0405011818977046509319640148906534668346879946892032975081449062898826     
     8214413135860777279057380571202360402249835525921235700780109045244528     
     4107341285234188390670054262846634568201879143723249218822427900130434     
     4503218796063008137227807485064923365494260923944085581376038314776678     
     9468430470360070668561327080473029156192585782993153080537587854491993     
     0962222884807699660971188275691545545297850648626851892823956805303131     
     9821590265720788755746950198314777462581235087674440475844216255291801     
     1675135267106775366426399266376649266992802540633906386148641554384563     
     2480333283668021220730817767500573270241789511452075586371345818647508     
     4285294155358594747604227606953762151175154711741452067872113542785766     
     8970215406649751530341037610697475287821650848521503751235337252451889     
     2478556290305430335110130814906812272916243108584434194019368525800760     
     3656828274454499395983426909841379700090098098993586757604346135876262     
     1871266667406501969570679502248426174773740131855215181425293689738453     
     4357350718423169089753102486961196468491904793758892566596776374604954     
     4064122205108774273458086664167264032765855323907193133524366980468075     
     6491489419696044342484745053683480357579675109190030576342671568371843     
     3961736167378843841282448164899643779901518813265719024961735700506810     
     8960907987856200686610516107438501789342072806213258263116204722446211     
     4990352525132684384023271717867446141524344043521043615941890876093759     
     1014027545608791372300348440620643622060588573907912122055176217130636     
     0928143336469039892057977663343278352253701275607180238710686276446543     
     9100256065019602468318437227041114614530050737851794316207772975655810     
     8983257700011294949578538279182016799410471445380121162166864907806970     
     2295489189599526738699440141065395966950270613242710661531288833726631     
     3456551686225380525787626990703808946349831394207019940675822999392235     
     7685329314739402217143825823081599303456541068868100946663427393972024     
     2918292849351481812920507092675892821188329358219210382724541867453617     
     1340781644579169544801608550411639288882470748963928201862482667385078     
     0388227757342810338948128870105096588086529142512932550706858944268108     
     2451153717733814606231804471145157199100692456768432043094956831100908     
     0457398477501620535488326625357312817039977815313376535032143841597330     
     0878875827056966026047069052054452798747626294787681003347551447710945     
     4668680944557796262747515504003168536741603195251679616899200067532017     
     2881216181398845803669484951650306824925799500491357322945742819959287     
     0536423545290529505736824724378053599988517571041880367785332272234517     
     3495381029011021515267138158196853594220403534753597136128651153687027     
     0404637569711471390676039096880668302804311545295818067090020440483542     
     7293984259864509516887536388496830657351408083421169227114562712974814     
     3729421903141032849047343628444340975519173668085725088225899875553013     
     0903218540112934534390199942656532355408420721208919974111056706196156     
     1347442236225872243694472488657093816550971315087982877376460447416962     
     6503168543775873226536575570601594720966672384000000000000000000000000     
     0000000000000000000000000000000000000000000000000000000000000000000000     
     0000000000000000000000000000000000000000000000000000000000000000000000     
     0000000000000000000000000000000000000000000000000000000000000000000000     
     0000000000000000000000000000000000000000000000000000000000000000000000     
     0000000000000000000000000000000000000000000000000000000000000000000000     
     0000000000000000000000000000000000000000000000000000000000000000000000     
     0000000000000000000000000000000000000000000000000000000000000000000000     
     0000000000000000000000000000000000000000000000000000000000000000000000     
     0000000000000000000000000000000000000000000000000000000000000000000000     
     0000000000000000000000000000000000000000000000000000000000000000000000     
     0000000000000000000000000000000000000000000000000000000000000000000000     
     0000000000000000000000000000000000000000000000000000000000000000000000     
     0000000000000000000000000000000000000000000000000000000000000000000000     
     0000000000000000000000000000000000000000000000000000000000000000000000     
     0000000000000000000000000000000000000000000000000000000000000000000000     
     0000000000000000000000000000000000000000000000000000000000000000000000     
     0000000000000000000000000000000000000000000000000000000000000000000000     
     0000000000000000000000000000000000000000000000000000000000000000000000     
     0000000000000000000000000000000000000000000000000000000000000000000000     
     0000000000000000000000000000000000000000000000000000000000000000000000     
     0000000000000000000000000000000000000000000000000000000000000000000000     
     00000000000000000000000000000000000000000000
