     2677210691511647458847033669870513480685753260033509403976911426622454     
     3691221698332678686938012725673128098921775735612701542545410704952989     
     4778334178301208945224944327500954383669303985015616610127350232254756     
     6689871721296535634328268367077605654481679960423798918113638330479970     
     2599212147366088916330355917041492822902728698776791263280391193657807     
     8995197570878833744026552443302019161517441846952609255792920902343412     
     0578465634780846854961001580495275883997996341260729054915721276518469     
     6345842845027171097484227502777708953848091036340988933679596791946632     
     0522728155644482429408980496676963453144178412053818948455934818901910     
     9834996556554888016563190836213058457122406700452532678448612327662743     
     6882242131822020214086737665151980023277272749767940800299174320379372     
     2524274844479832592321913245562842512413538374662855177278406792148405     
     4381900389246388913493634833885140388086553944531556691491123175176163     
     9925163454005077852593635859831837124779198866104464982904398371516978     
     8588003526385789805564805515882168975280525491639567725771633047080604     
     4668178239113374276762195388201975449719791903673407271777457437709443     
     8291957711994843017330750209910309478835891691917305968778765815236257     
     3638882138836534349537034569773230838891127127644476117093487475153461     
     3520420164880482288484372489117779969471925169931121420620657014615368     
     1875922906540754793278829697068504270180392981887188032622878881139467     
     3857439758971197100750699347902495922566533829884489515334378833737243     
     9779389567590790866917291995210705360898410093127078994203051080576646     
     9640396420024243389266691032915801910330819264424899895179397735845119     
     6801966771192162287404481648675155281542699959019303231624443514828637     
     0064895583786366363151922760358171855596776281107835792156752060614579     
     9318853348786770374028236576298447169584611979757030189200632025094824     
     8853233884351864049388875389840602754200831047812938974310962349129819     
     7486349085045101553108843069995429200754341097359817553500278154935274     
     6003263112876081273799108793915257425049104269997166186131772597880402     
     2057062500194936151713753703833442216492317231559666683567536085489887     
     2383033831166269337000777156120838232014466375295077063185643764320604     
     4314466922715922690163963677496675784980561363351290191431572078337327     
     5621971254184923539838549265843304808107394907284503541397140196009633     
     2665273049449315814981370719518376166804734388354042991647658306425735     
     4370962172972543696739134530050886163405096132954618421560837705352791     
     8377480949173731489402767472140710035211834367301291180410526566463165     
     3214822720924423247376495373972964987704433082380726363551875596505413     
     1578139667338769103503108725784474288469048562952361317205444917169888     
     7507767880948118449649883773622777677185872742477116624513009185823157     
     4521076158180816146689911608688139517638876290497329275404920212173546     
     0851020102863027537347587327349508499909970275581778215526659302414254     
     3923843102823242712100203191095580575544787835270562587668436038317751     
     7721606550949493835837175305338199900902363660582006404765298347778588     
     5720794669180711016124220785631938220376160898491810670926894142875197     
     2589342969885761682466639353948404951092416339582685910465519592346008     
     6320572682366735104418542851062665272635476538961081124838573116813869     
     6134269830007726476436002948725525114930667746728857047962738633408320     
     1835353396995561233530046488078408451528999111585677285125196008061123     
     9682215706543481679552268258395918479120226959429835181808897592230721     
     8571246286186433169258265320672097889104281386065057595376633166323860     
     2359066645168731103189254650224079614222184376422755262319265329926588     
     4340288337625498499543268841652616745293898299739096129015727779205795     
     9965072560667147001773088902185318426280635754913666501960583396672387     
     0620728680411172296461950195453896439629959600404211375162576251585783     
     4732102977286078572351412292533938484524358790290384470275852917611848     
     8270380332392861266113153122635603965316610003019067294192905086470416     
     0290618365747145456883375304765573031259697997562338202983179072736244     
     0007709942421148626496092958105641414067118123639210253774313449918488     
     1579282305820523534104660902425471303711925735519320101074579877616429     
     2474114520374975275797635179862032842311364773239879903445642989932947     
     9976797062842741430494340168214161173291734770073089344659261086005634     
     7266107675707347442781144185090013642897008602037337738300967828509065     
     6380024304233611011151541618100083280138098884274065227847564966823112     
     3351006665766028446776763024353311994924917906912543556295207340900446     
     1789548394917873630720243693740943503631379013889068619571310286532312     
     8543345329867710651460311056426171477540656360676835138533949779497610     
     3524097491203853222231637614080213960330897283975826005599723548205367     
     3566341923523517995844559491876962832976529088829055883830115270375598     
     8961646138627593799756319897346862574897321606153274435600441608981767     
     9486691246114183577669182313524083141241654857124767644062440602214539     
     0743068075346770290391562003592302102651824595877388531167157403325329     
     9997465975943179997127014560181688104251441231258744935401085455374617     
     6812327739471844679398169655829382939856642710965370859853741778257167     
     4951036340695321556631649849227286745749752969619645667236606443113736     
     6504467255715093968145638485678190786863723692874708009178694137996116     
     4988667300090547340701842952246439036683659853481127250511514156411482     
     2786262127023834278462613199826436351286053085718888089073530048611393     
     7166128136049428106406518358890742352079673875562834368135660109653565     
     0008287649670262620757248952494115968634382529460696328435701019357839     
     2504202569390870859243697837428796342533767968780560685962357808622044     
     6259538963455450668105372311778553003695237146253576332261947304947561     
     7035395875279721291295965213471165701161440959869242629081978686153524     
     8748157860416618625574983968898156033423542537552587940564508614203480     
     9742192789656902243386027126716809744793308872106493514208892216315926     
     0896408053061322487240763323772861921856300363813600698370684388169373     
     1123241444072438166657628738679159354712373425013178140207183946945094     
     9741634619328882799117322119040375958519839345597413993082141498072964     
     8578115767925896749761189254925579503634682526882529718307080212877587     
     7995813408677013976805396265504598942333068840139025630172738492682069     
     7923304685685878229706841755681645079390244643274981879790521254412180     
     8102765499771847642989289792264341482227552752440028188976758703481948     
     0679548796332860130906435332492277942157480841174904819672605388045059     
     2179698356381058320660481146854415996918633837489243844006661382329272     
     6052426828805101553935158506935944561776250749568876030084768040490540     
     6094433106254810815635277073945716741768000177915735962338737908685014     
     3926275661644354936286998226128392657369255654329730788140693787580768     
     3727996268625257879668959775838954682919672850784708932196030865375304     
     8309920169395349102975162049530920221856430908615877109910557602758550     
     2327464478820637629830996151165033590209575549662260928819192016667210     
     0679064138628547645444404504827222066220229713867146751797020134167462     
     2008140069692559442454213007793461834104008326207741081870350021197822     
     3712554504442694127315061526060817609673563421853504565748691653615861     
     6944293093201811294482191843943073132552856118023928842331746082697333     
     4913185450770787082270738890052696597112030856357588027548687755509296     
     2877348049871798766100441051693274575495953398639534598835151634570245     
     6275965474194486655500488084075018723044597048044696187137105422429882     
     2208020714417673495954590453331518584954875883184330978950180553229293     
     0006026437766295923596610494922570434029627546837222130139703882008692     
     7419044650627272421529341434338494583219694723365606613671147778995467     
     7573409130537414204053409005253903881111994923604397381890057258928589     
     7508720249181837954686946466934224534372651149551765102781646609372493     
     1314225048161297756101189379823644849812670925759537243788499684404146     
     9368946081396782630836517393442571725069282817490409519035158014929607     
     7532473106753618602821960001441508966698610876911255280538536954659138     
     5825883499821233452706280059377677738402400374458877941230239536495684     
     9972668355800553946675053467651380753564830334916375263755625503162294     
     4735443988407686073640548649066969256661429502074026711794010870469760     
     6687309124142927635100953247795477550517402095949284825005915009283896     
     0053712653854251088825680965222010682145496906735374889466049957372156     
     5065447823777292401500049157260290580528845506390570725142537159501998     
     9508276561995388919478702928368601730716437641807657395797206567713475     
     2366001669320710047051370687085493949418279593873247147782582517862452     
     2580019550904302558087027917098720799739992585973682449817995358727357     
     1439181863781609963385713208353612318618636378065370269911109721851227     
     4274303568525077671058960240277160998769392110756397658781167870390555     
     5900206048870400000000000000000000000000000000000000000000000000000000     
     0000000000000000000000000000000000000000000000000000000000000000000000     
     0000000000000000000000000000000000000000000000000000000000000000000000     
     0000000000000000000000000000000000000000000000000000000000000000000000     
     0000000000000000000000000000000000000000000000000000000000000000000000     
     0000000000000000000000000000000000000000000000000000000000000000000000     
     0000000000000000000000000000000000000000000000000000000000000000000000     
     0000000000000000000000000000000000000000000000000000000000000000000000     
     0000000000000000000000000000000000000000000000000000000000000000000000     
     0000000000000000000000000000000000000000000000000000000000000000000000     
     0000000000000000000000000000000000000000000000000000000000000000000000     
     0000000000000000000
