     1236138744608623323627820217201044352018598622058868770000258822923754     
     6757914928008837557923007517368194430122360413064339959817584142208102     
     3313788613233330142522616750149744282302956631521147886825136986704587     
     1250063270732292617020091672301985156743244296336719485691674760710058     
     2447552777575331526078868820081016074724812858044225530040627443839915     
     7047615098985057623706394347141108559149169152812455666609967467072442     
     7242364374375491802576472186653098885304104664485276388699565562601800     
     6774257212978551540500359879820967401401164553620709060470338334006671     
     5001105975054022466999501209817938249891965149315753025909645982844914     
     4215204835982242998091747020230786609062426710083454645418099811423491     
     1492971478271001182440030265316222758635095875103278074605282428863018     
     6301582057550991143697492591833767365619433278426727927478761332761253     
     6542132613889143215927130824393684446338470729784309877827571152156107     
     2212085016971840795610884722067724386009724010126476043503421092599351     
     0617407935883027294245013834946016081416135516264237854914032656914978     
     9287945415947405642709896597886353515666130055686712558486465785362490     
     4745381053626999913659563619445016036956019678496116225156634854563199     
     2217856817870658677089579155612144227259826890435962207018300568462860     
     0696998277329676310424565058947306064835201000024940812710247488087208     
     5433669802476950906581964469205084455138971570312746749183032485205058     
     6496218220413895820403215860004786599031984935991105079052155868674694     
     1244693662153209026526132777242230265712362821601262414147968201012088     
     8678210523221217414751573396782600443586871552381954644690044865953006     
     4316332492831795120804163962865824112561911353377282618013141469575348     
     8699002606947313816387979047535497390584616244110913594686356221962628     
     4830401813341887385175331831132723125536914023804577946904104870180907     
     5497444473205982455310983115697832605995424809539373858830585786661429     
     0007699710258596657025604408482082259489025487451629014953620339264643     
     6473775107393225316368746296575043844121965102648235149308034211595207     
     1805947468686429460684972495393324907216596553204845442489421291985120     
     7628793689255427139463718040479036027308468071943650342410630320644248     
     3941182227753644454486353911168482339068773625917660737424508037542868     
     7742461146726269048360858284471627147907802174878418848462788902999585     
     4823884817901512882852489864680749978291023364535819945365963990027738     
     8851709862176993493896141398644612925692210865983707966090748549515358     
     9435536025622538193090688003918352589504027619067591917574297916269780     
     7905455183611883792578093625872721299349786642372949024337662164243372     
     1736794456564324816967839576890856015256330721000079511796479165423489     
     9586536137793210932440986191999059306371890527753101344315599252168666     
     4626210707114932498335219687919998989231972121676171998091238151590883     
     5303043958829555252750903497306916980778615906695274177896954064333977     
     1094085376905088155033048996609862313055216702371867449756407959625772     
     9351564365188611499345628925266774101305528480528478396535115897692487     
     1499757451623375070669272648977241775952944845718665045786447996305748     
     9883013369106857806651825584914673998122996849023409016279657545392138     
     5691231478101111948589813069991706183011780914433881763225957394499977     
     3287229663603463311123994156030211623326292160144507779315701887963059     
     2441063707814535921789229237625031611106507282942769501333851737161095     
     8561066651288470506270201616954675582816961276387957425436150082879909     
     0162075642193933430276903226441428339958269995365348283870781523174259     
     2518702070206263009938763457526705049860445137362906883633861626411028     
     0611792050734608151950945520866673105008694080982684721246459593645739     
     1866697559240939164606207290711986833741872701029750791900947649079168     
     5405799366271258768048977697208956845117826701896960063820006982466397     
     4293913386349682169714816963717371401113233307019013273540842250608712     
     4330652472310242837142630769023467612829310661735242557513793986122439     
     5864307043667836926914613711930049329118714204106342715172584398078859     
     9635106769058141680566032819426233013056962237440063023287276077537466     
     3812473647748734264781266029720237181409500479934538161535991486821315     
     4748545686238717124374790010570941982427323144327399184189615722032856     
     8552660878609738316851596802522887096778441618018135513980733415432531     
     9753052604592632547206807861930647406800364347636256233842988794033078     
     7660402713569874485889752984691823409093168083380841101007592284704554     
     4975219952088942605363497753345988653330975025200076601084895435715796     
     1620127348305817623139385134103558045552964417797066534658636363350489     
     7517629756255425911471663747768031379823678478732847147188685872686804     
     3800365024979978961734366692158662372273353538985248464901323853001619     
     8698927418125937417013330946046792469392365614855690038594785306652137     
     9089937920467544669422907090586651790644166233958141062665182658624545     
     9357501398602140878497962013709677127521513060872786726086365109310364     
     2306207996263327915140086419738323603348032671793608719760731191976611     
     0353477838221145042298667158133832568146548836494510393221305507349371     
     8937997565555216290118331087345684537130007354805469152637149051644418     
     3703500873483616866173114204201380636504686657067329926837546540322036     
     4584923933189216427658849799715168555914153530995735737623934784664690     
     9796297976534241680752799899941831862268834597288138487866754041369509     
     1977182044394753967664743825806988628536408841779939849453097465274379     
     0935663438321770224707909862004191219051564533658745265796732830599347     
     0929336077927578866083824499883508019429459739131330492982524529513996     
     3118469100128369736491367085379061867087231551123214425960666939609848     
     6638036825396737798385379288317454837112910464226445679026470241583265     
     1240978890870075873844269984319213440465540477777389107877820390761953     
     0508486037259645170702817818249511937351924157533924027216398194389950     
     6174450673203100265292974220598181544001354130689116497208922589280165     
     4114027135296446222794439118708226109465094323089864201010506011580459     
     4198188592144797386077686975735900707292131799218725955831654925600343     
     1007453545149448484305966096833188522090995738389609968424900192300078     
     4512855862232076380665493488004003165461202872208713967332648550400000     
     0000000000000000000000000000000000000000000000000000000000000000000000     
     0000000000000000000000000000000000000000000000000000000000000000000000     
     0000000000000000000000000000000000000000000000000000000000000000000000     
     0000000000000000000000000000000000000000000000000000000000000000000000     
     0000000000000000000000000000000000000000000000000000000000000000000000     
     0000000000000000000000000000000000000000000000000000000000000000000000     
     0000000000000000000000000000000000000000000000000000000000000000000000     
     0000000000000000000000000000000000000000000000000000000000000000000000     
     000000
