     1235844773794716059194399358027516950674711512587399716505512828654203     
     8314655648918740870708555091042162641565645087732152925354543840208474     
     6355078173773230161125218711643386804752237624976721072339495921458273     
     1165827469989567724631712383217178810715685678405014675342530089212213     
     8938587195169385848508082595296717401701097521924181569515091101540969     
     5585114971514623433668071019471929430001414317565718734229069829674656     
     2656440967875762429750779677640323290422723223223313464213149545007695     
     7760294698344939227168192527892914506437147774329330027265951392946628     
     0240274577194805295598032284048561445227521585735355968234641439730802     
     1942438158773518620314752948457143992661395995487437846764265723639012     
     2888896318657960151490633681715669689293407774504360860278663226672925     
     6118665133652468825764314139293138195617431160785378890366810687856564     
     1880544979634650566107070625755878757118346195360440861011368981358463     
     6138082703100951398002695830660471462813372939077117907147627540820342     
     6758491723220922361741472332377602092685210954820093941859932313283116     
     7855301366845239208378392443844372758415636858853076894366643537683513     
     0343805182176583920166548626814674228522399738966400944235474091731576     
     0483749617784954391556472703086234156994713954807973611139260353767682     
     0712604085310468086868814327452514234003232198725755342199900559531787     
     3081558920676819265209489659924862623350912151369766685178935657553816     
     6771086169086448663938280001282931596414822576413901972513611284461314     
     6113439354785118488057077055704152235805375839888360847580329292948116     
     3829751528527675351640401404308389581573549650471548253975481596780664     
     1140839989058851993905080995396875958698114311760989080066301885450396     
     1744825861389811569064417169158074897540362250036554366163520743769131     
     3986051540442075288343105041998147360550759453549910112101298369725069     
     2475665267029563440695590236812564775868586284673988545852046520237184     
     6647688050832435369607254713923177453035856802111114652070874045342699     
     1487608615441503037546643448272460908704589126711347796615596213015279     
     7941113631232595945202031682991099857776283154330261315246608666360732     
     2456496453117765487556755764544015496298935243926349655834804361822603     
     9754843796895680334184697375035682190621959554530753905296825057789025     
     6951011654980779920825704680275783761983533469366176087660847026033729     
     4887213635229138660969595867174336525971128011953763118387972536369862     
     1919057974870772662083657182301151988248222132187339251006210063356000     
     2479687857335665879921323390208396778213571964005857289088634519740000     
     7996699358683459236060695550303612356782735283527872822805276885785477     
     8088877647314768766120124734678367449022161521133575054498216818223511     
     7208802006249688482577117104079889273320518715500572617572122493080520     
     2053054847350898046571370277130259153272748205926015180309363604975347     
     6222172073640558281726594280076834388048958904608865222200425106540970     
     0544237265198401028824859933778766030797401163020276470738600176846926     
     1447046190893691175983196390555489640411664650946695066425336352458844     
     7793431542991268079116136130463245122451413517485746291783957249533658     
     2978609809312912976371390448741384532949865351602380944115702950390818     
     6579803283666795619493833337257479710977856443408060852092992659670552     
     4676509654467376647593723342030728427082482542780041788844104832386359     
     3842659253375658553970536166237541835132444002472998787155956066999734     
     0328837764173899158885349383962502490932826506513162382272929642243379     
     7658597795070132496210001882984148715795445613629250717237202140463300     
     1778529764410223682283275289041279698153566386786551664132526587984724     
     9982358305786508295838711732028185911459825582320133856228106232724796     
     1629710354501345238672269491706041962684226469417602621174541794747158     
     5242561077304691662599931386839081833277805182701194694796153117480402     
     6577397347827775557156885763560498224605584275186128454038863347797618     
     3037391966395680446832530067126991326887513130178611067436159335426255     
     9496146267089075729454467663608150239190589722692771235550389773711207     
     7903133400271757764301906270749151968395881691408583841117509140229832     
     8497833828616877515337166627008849418890289247016585884947683461493354     
     8370230393181326541953750757043861043770065219376599585659980751726660     
     7722776638353870160467995935600673963631579784102673141118936315359360     
     3168868024801917699785700043390444537543792664491966283150309684802562     
     8190225744040482967146225068012680920989741251247439061983264902440622     
     2112471387564223530242375550660597850759379009678317543959467221905134     
     3094340361102579862117216576785543867367552598733774583567131457545649     
     1629289777802269297744944621612490591113949610364238416753062884783593     
     9394113252479966909130622589691646235835096048858332242255374969734953     
     9148715791520654469848995543584311743992573949768597245714166020305439     
     5203531987425626398760698942636357404904291661426548186179682599721539     
     3694016384864405558421868303880506325338197271780118940988456681671703     
     0916821719022634032951079533851103172131389444903602656005935042073723     
     0047048242674429039999376421790794911732838217435060471625301226088628     
     4177940761298328107492303529857957795969970674104699106961195130192785     
     9538847541828815661220588314246899561185756142993656704378755440796748     
     7137159551424412589354006607772938162025823932867935370118618594889788     
     4097857749797943769996599107511491366479076747584973189734886960813895     
     1560181795156450471924359321362082916562464313595613952694715435095206     
     7934215253079578988282528456958930850835345619054219986015046132247366     
     9870242057743123235553569948045045649201490026565643642754860794173316     
     0859926071414879255307591269145351349738784622507174194862316388175430     
     3797698731947335578834543893957281339895901840592565742280356105801188     
     2082493658699905950195162044515945199306284295629888776771708313928005     
     5126418749112484243012994232769855327977204655043764192756734245437686     
     8014301063818618659759030413008637333823118612474196124974335542997184     
     0058568690561942209153854750949107500081113028768015419851186112007083     
     9770041275442532522399054656308534132222517093819249696641955362356094     
     5164194312804679157269759486821283752454855252355888324885077783531908     
     2711043415204353592285331622077256839456327903887595830953085082369723     
     2836719191607845319502770172248548414388574244692167437286712189431697     
     0234285071548512871368746819469842606619994972423427895124238608744396     
     5797346740055673208692992434845755621467301632954083849950336060253687     
     0927855299984140718836224734149069793985777327965547800307053274425776     
     3345961829582201944200855197441174942614477961707790836702560002209577     
     1691642747244534580301746900970693804256136516100817593832608361157918     
     4136606223270962578644149527605629171926909448935810891457706245701761     
     2078874663211012480870951258100470680799356888715857787093669357533876     
     7052573190337554498036964821241691804579483802003209822290646724605321     
     6319690229565143409224202210462701803566093992309209287818280065160876     
     8251911006772370245595504732153711872286019737216420101762031805753876     
     9819476040335092759757429837749171297599117744583065841090241033834073     
     3926948896638499288906610486892409111403469630139677380678970679281649     
     7986857662647762786056400055408359582973067765744532456617178878790927     
     2372274850995120482389601167530535423359859653927277563734161782800848     
     1941652867772544291178181345374179301380841200881459585767380639676219     
     9111154002163403960930188484065136313754729983770682213884196846001519     
     3050163627004951761311453605169283791054640101880895320544618964601572     
     0624577221149894956534042823256704253591326866439879528451391001565371     
     0329401721991980026435878430329384162703253065249658310447300568190980     
     6998319959414407924858003178767382272280287692480822357453912606996192     
     8442510386012439025169769680104474980881487592487212350157231125236005     
     8794721545564857408934484794612775464866758413149533487819753676905570     
     1558943723938756926175628075675033949169117233675309197652617276399358     
     2409579087537354027886441831296306572736608462054977391716365517617722     
     2671338779067352544814826028517607547082389810921375468487905928800432     
     7436880452504640807004616476285451538709868281703577625677336650992010     
     1310425604700005640340231798392096858600714685655903761720355913515309     
     1376416889772094516290503405603701013026955485694927597429541514944625     
     6606207031594998599000065985420674570425007726970197574562628244549115     
     4184228244152044764055740038637944018327034843731320333941549321517534     
     3661185606171561242631957535225015469493678464333231561309422919569854     
     7658977332891465735329036288061405217904358860402627712550315450049084     
     7366181795649556928823045722037459825100863685250524266643116504063826     
     7061499643924307206885047167240059667375995285151732635262502109514023     
     9520037842417884902604216626006692960412006644798436348281990008449385     
     6639858336487166349088905665489914626981207999776477408843798967678910     
     4507634073739997845205437788735110317069774324721295421844954390397159     
     0656342344972056931710316486898443762666102528050638425908146752862071     
     1592121743779566552250149843690234858598642609426300806794298609491345     
     7259050494027099154975499831715623861726197632088720091137625481408281     
     0014843236622232720394844137073655282461030302046261352977011657570328     
     4355406763955376434797954192406047195715417722484898466839466192815864     
     0282313155563362697009891616770870000333838500996882346644930532743229     
     9681709826621393283300728940051039311804049198817395865969131795281526     
     1732933582483966689272079407970994636307622589053174461372495328262562     
     3639457648518540275955767679872909200817017259418518697323525424420005     
     1619873607072971158533539062561484376512927526227321792377519940623375     
     8350899608222212246105490968075965032256428963936865023292617530700043     
     9224464142741732798661211991777140388835959519484197893057791299690498     
     3666307886130459442607066775939251378711371276809184498270753639393454     
     2438413008030934542474582739568570585206130258171779083208736603893535     
     2029852500444990155400703749892547476356430475235629657881711747744262     
     2031231866268634936166512071088246397086647137266347320547439786881889     
     0547628622048370534891845950586208401270190850973588112651073100336334     
     1610878965299051076727032293232401101252344186483176633491839694032682     
     7452134996389888650904630283511384923540740625089665165007867325688790     
     3246047278694109233177612631429680569710485466192404175385030672554582     
     8594623378766894656459045354316032793083201929880923057515715284915564     
     4564455496749554139311314714201825926292035910481961586713031285956989     
     1236137922768159968868458244279590613165140059445352211440149342562747     
     3913567323350697516186431140350125172506766037056852962028725487687210     
     6750278549235468602640999030799309664253323772525216615591986042461684     
     1742706293830477728852697762390226324259122998252428137976543440673199     
     0193480645362048116858956875808187900470486084883048881354122035196512     
     0491041777076541554595571489558592774350413100129961674773222340562971     
     5310534285787596882793046894098026844124949209238363094110283627881388     
     5420413964035941063704275448973229231810403395135383196413231705032363     
     1012027743747773240161606115050677186952250732923951975399852175762560     
     8863432763884533286431850064910378448549240190082737869744471231251774     
     3929437294707438172223623618960258230510099394966612646718248598299035     
     6072806150460096613814607607246964417747851573060063119632003340264838     
     5127924434499382044623633053324173176383506134172468595868693255412726     
     6304005840569940723236540515429501281866781658023256850112195610445479     
     3815406893265046932256516756640337635253368888524869622769261624222359     
     2896527583196057430900701717706546766303566066403398440285725816600109     
     7011155475445468911368680788739166082201762622337117928373526682638743     
     0213371166539696354697159945498623177876694776959745569611830065815532     
     6655100009512847468987509600043012158628209164532611304450322089204397     
     5296650491230463362132261115180740636903714443214489488490855477227699     
     0181767584111080791014292598683577143684767490874130470881016085299554     
     5665251866070415974927947173004474709795984672259340173484213073762292     
     5694925051128819700330078311490561377942261842287278425040567346143446     
     9803789489002815354031148372133456833738787547068489263168460837298258     
     2467161025093716212762108969311281360607490299062285126924135224637689     
     8042120025000413941339957046069292104714078769076503117271669876053994     
     8811000648347402453269502790898284215671932997724484170819500861582056     
     5823600127311469938267390513231469479409139658139950254983273970715355     
     2907390960257446995220381860058784236233088463901457531134356179755675     
     0220697458251893670258781880496312063718840722790138702535812216778497     
     6728270049930498740119862583164932752199944235449092093778570266423412     
     3773477804752479778539428142024194494390569296566877254803321758794005     
     2037875096669541693064523156497619802315799867505798128238713463221877     
     3514630992155375494013485648297691009761410920315981925244157807428668     
     1304280189066338317408792546505017521993822086883529520225629513721583     
     9596037039036848296790108016335148188384698285450856002126498694449912     
     6748299536984185310283642253612242087528141272040034056579746026062942     
     5195552014615615434897685831885586986949204721132461668046802055388105     
     4023650474570328938928017385160682146752771137965595050557067035711427     
     2700917643080574152423001853801628842150300489389910032966419513418948     
     7656325003852227145184344760102427281803421385002618263025674986748064     
     5566136897264477628150445470037664616557527092645038287511237292841809     
     0297110585532992166211596166271819008335475612680462790000075285169499     
     0328593155556657853815266259288579344367035653274500936785500958157912     
     0720886356025188152043534353444299306648328858881826486822226752120334     
     1051601124288265579366884229653265681994285413393593180775829991208462     
     6322367441964716494064194153344312526512741961588928516044194466275332     
     2683187695741193596031496605016591347684275933427729456116837143449086     
     2494169981911480655699688422398478635950822248261033282220125523372737     
     9170918400000000000000000000000000000000000000000000000000000000000000     
     0000000000000000000000000000000000000000000000000000000000000000000000     
     0000000000000000000000000000000000000000000000000000000000000000000000     
     0000000000000000000000000000000000000000000000000000000000000000000000     
     0000000000000000000000000000000000000000000000000000000000000000000000     
     0000000000000000000000000000000000000000000000000000000000000000000000     
     0000000000000000000000000000000000000000000000000000000000000000000000     
     0000000000000000000000000000000000000000000000000000000000000000000000     
     0000000000000000000000000000000000000000000000000000000000000000000000     
     0000000000000000000000000000000000000000000000000000000000000000000000     
     0000000000000000000000000000000000000000000000000000000000000000000000     
     0000000000000000000000000000000000000000000000000000000000000000000000     
     0000000000000000000000000000000000000000000000000000000000000000000000     
     0000000000000000000000000000000000000000000000000000000000000000000000     
     0000000000000000000000000000000000000000000000000000000000000000000000     
     0000000000000000000000000000000000000000000000000000000000000000000000     
     0000000000000000000000000000000000000000000
