     1240826938017635826011803576465911601475519350133450883974774152047692     
     7156692412354964041727210167220015050037860610970592316289535417382090     
     6614430925018101941318172591407176277773551649278742055811928664872180     
     8482180963762166864789611287868527143821823056317457701175518219563907     
     7825328884277672413319522948646302230243980691428975899781838139773931     
     8274153142447916033777464318794856670546874225597105354980801817608124     
     5529664928617710986206868127256868492251462417342338386974816410295587     
     8521913751167557195351996929758957934365839761055947080900003623734982     
     2810003093504725333736890578992673664512350475238091118780427737416750     
     0288644965426294118857574661075060959820679232235909377464977597346861     
     0526352233966899164742083439248855135352381760889772184374866978043927     
     7318087681686523342979113036262750784270718331652093934306622509724346     
     2126937055921126248270496450156484019972758145689251253209379082417617     
     4853244256366086182299564845148589820123531571892518944363366513289540     
     8259634604715941608784435397258485804725223879206870025730613587616924     
     3419030949275119668332705096038722599961018169471717026807252624656539     
     2078808091359472042292398262619175507848643722852000758281411141265253     
     1561969226928877771392962145540344839610532769800940567887743997651884     
     5856194812976898598019834339263532573898600782200653037714403091451540     
     1501664485213443734572087458622514382283159309060825360232519384196242     
     8572106318772504660930816345163322221589337468739735238918419695880611     
     2138371869010751595595205862689460773837163687062450455462189138380533     
     9145439066841761526977955709004463161323825735060005248765772688420602     
     9002613817686759048330895480710432546387191918234602002936641285729973     
     2194512829161984508974242111726262799557479610476911778680279636075626     
     1809734641431482945391907373982600813461515922183667780885324247195551     
     6859727550220357450401448627644506117006915415595278180834681526579993     
     8346242127088150138545350997357023463114403396533902366640915447410104     
     5544215390712204064360211512614383932699882273192636232869162621923536     
     7897662349325365992326020477856903323522131145789243160457585274271378     
     6476750648527534601084009662937958932322038480220822000337447190951529     
     4969093689670923371774263561421503430172483764873484922438812614333199     
     1202909652029466549665403021202231834452633892014163388949110073198937     
     0036939937458129904965466520938107002413055592226064938136515140131404     
     9367181259580308572407372680106999340335260099814832876348361642854600     
     0136158076978242002768214035154198025398738142976924687887670937716025     
     9884951676067192925792798428859988644511502675986342818596726284638334     
     0374187888080235325923547184506571570060064007143590020081774746636437     
     1114000151751223027740678039299579238433870657576706811659030198093554     
     7108627682939364278923731328384213065546868763737833986738262509732698     
     2711425688509916601897826158689998244516942298721865337530040919511957     
     4086076447155654564908355711399621282347700012299943991339718632437048     
     9693252561666408148054819741531159194878742076610640024628298738369374     
     5311968061838081748736181607208140626814871103303567758725110171207272     
     8582109041081777131530368273941154179504822534688185227214906676337876     
     9860768301473537590892604598273868524503797927936483338436949748993327     
     6981708240066099639079110131787683117003718256349587313513463177601415     
     5690074005830090628485444667149218797552855999314893596287369561622622     
     0204682381335661630977449164941436104102714503230791334775804410230511     
     5135509187724750871299502468460802894617219463223034197302678731155514     
     7244741812306857342436216392513739907752353226304831441694446069909484     
     0909469379871880876281475645762484157484965029029007250898154549197970     
     4473158322772355186043482149914773339186127791723494423821102664628369     
     0972928306652183234399028894290366374233509561364729576468094344897508     
     3034048250336258388041856403766588366100176818826708198735444716811150     
     6708633103448402752087053158591465954803649435185277067331560181287833     
     5974368147688839737846655559349861129325857004697781596567239686007973     
     6004740160115967855707191539031054392307414000155055594584196200821559     
     4038023424661733787128493278997579231814530797282744327134913250816037     
     4924221258112324968847791878819826016384184673851918314927043946648391     
     1274485727487257955486376898448648536026625070072587161383463821151603     
     3819854057098335403711650964172774225438803445931092251976967144287713     
     9586587982996714324421877163164140782855215092721293268114465234275197     
     4641709043931391730458857032289030777732890700344404769181003846204998     
     4736472850543856239538179031456975733116978225294927910744298756107612     
     7270694632789682206835504019579194800130632747150947835054311357235438     
     1332922904174309194662753371537934711014944372627820176870599218309054     
     6375230953184014368079951612005234994347330104446857672486534541772145     
     0394688017126354249680814496440241913508621605793390520379013385928471     
     8523195253426422736010947143459019421206670411705912705434943244057192     
     2960881970286580851536310439390345856373630928844073062400318166012122     
     1101870503344607002184869119746579010292632036186137086705708064269142     
     9921420161097855283909392267047440712180466741214154298524206565339455     
     1759432227628482321608153496545738066930246418887779807933898242615595     
     0678030376527012929676457287040063990942317264861586658184927085408673     
     5201598343947314754307763166566834800769379718351508215259253355956390     
     8962832675936277478960205711027125998276925260853057927386261051722685     
     9213423097853746493719179127784004855178541333780477627045552023515475     
     9736870221121606700922362109589194330128974434629411778688177802636344     
     0889883985738145433518958534994455110134990721675347931062508267562418     
     8922327204331645022728766748171231627972572053226533878477248378535207     
     7058486217861905741439187678972782372557335516973662569442037001064756     
     5739509221364029868340374263983605907664605776393738009685263644307608     
     1626034181162672436588723364024795576686184947834220847656794683117338     
     6067312512523322959465922376688983419198923672716322167837370686391700     
     7949856596164735583899498253285124197600214046886717011469538698522023     
     8968981170078965653174267172685336473718902404360776211918601806722951     
     0640517308611650045144426857088468655080077178542405254686221385657409     
     8352385930198599281854494625915698439918047814680392820927230605449046     
     1022875791699143607975789389888898738733519316217046673332490729343127     
     5926144300108858544358145339247650971273217566430347252206626633574150     
     1420407270928209275528392115553181451957066648991800387443444526645735     
     6702632857828248271885208013766068573713713461052174544227301780681775     
     9997808160521748596040965788949092906755000120226436045165382545374948     
     6621301954662264672539963827757945318781883970655136986293769091030285     
     9941364446111644473970126318126817194514754353354260453824407086128395     
     0180369648073150693737212892103312894944551705322466152477740329344454     
     1988537389274749279169405537342298038773078488804501244146082440976071     
     9691612339872071819891314243468291517473673580267978228187323343396323     
     0245803629622911057900049778083275264867460130124346232233949420720709     
     5209864365507358037171588033626882802852818281499913607608687089611616     
     1685412529254646742222445347775357982333111169517374068071806679954888     
     7006217049565079255226521363527106054659651365339120616118084018504755     
     8308165547856600941099583374863825402387546046323572995786324964814143     
     0194209570276033331063307914836893443125166070473882179897475757718981     
     0329836663249268345029027338893411977594139152980958527388681677890723     
     6173894248294230177685608104786270596875773494785404319977348759122132     
     0213353092574480418969476884792057586675100308106212614409412003173741     
     5315037168574575837566234467759603815890270097101524815250413095958951     
     5199359906721046881594632476161411542370460965115635613961608318867393     
     1674318004939775022791507722811259450622664402199324045583543394579596     
     8884643932666887077072364026617939703149078992374882811602686412495800     
     6213513373239627956346241501979891377855054182185429162005648385833984     
     8601154791541027588528729437508355698129630615137229975885987976411250     
     8540625850677267039517580667668106972053396368072710709696534868009006     
     2200580259138592015635996373461419136564677705663830737032916079816492     
     6882474201316870709790962283349562478307327218498576573431150380570402     
     2356673086247855438282309405685359286470335652713941352379105334717282     
     4114481286753122995224751466096537676310762368650033961960296573116233     
     3746008443302660677738190294514513131955945506442457138468290784404486     
     5050660058730854116964409209893524816064988870718854155617960162959352     
     1037601772641912600875248479162749048551675634808448237552753688575370     
     2426455150963010054122572388685853792822810376535710011698283794189986     
     8810307704590391445033222029849280274778207251897523865790979979263579     
     7418175524286282515126646054176667463871315212768983120645144393303890     
     8627743915096495600458715230703271532228996991304541646572929207322932     
     1490541000521333075741940851207358617518489311071307023032770782175776     
     1365328423587798025875056417545008358738781414098056417486159647571389     
     3524891799867800071957681839003185929059074721973065436447596680815626     
     3545570292105323080608127618872408732183398613583038291641469018074408     
     0833534810671173135520733794174603620192702426522676267232285167787485     
     4292819119972047723000278787825345225052865134603792308680748418686252     
     0246947227722531497311277236995314210508435698758640850210757727046427     
     4351715287237847063063090390788089070647600922301598042828517236163087     
     8417643543365145293625683003067899346855356708808168745346856145768513     
     4018234196533102294890303366991979029787178595586622769539798588413932     
     7602382625548228996419305054172756786670381856408758955809551690413504     
     3013992900815342709287708493577474872595310674261006433775630709737471     
     4667902412085882413068033357876076801816931215536950779191467821516364     
     6540439892249903358744228039866267507268594549604435100178174052371949     
     8638885639937143933298976259788629641338800543693775094277375653259053     
     0091105441476022135748392780531875960504963090111093365537293115996560     
     4494078850826609248859429840748975369350959669296227865695753174447312     
     7441247494765833505611726046848512210302576075525618075526828446554341     
     9051842819191493668161542565994509323487831662135155563581175125473906     
     7280313051773764918839350540411770319310553355155036639173274530116343     
     1491505150479938988490570832854788537584257593545827791179855320145926     
     1743420580901651904751566738985171259867015242508113791505838060790215     
     4327579765517542944740285529961935238937749660646877518368952054896697     
     0968858205043478867384977289225070083456681007837679297204778031848716     
     9626229846709005351708973765831856560616051585606684712746413703864888     
     8880772644635017181958268730949209303502417476089188694996964759915245     
     8330190345881082370173546274946546400092443031176110776436048953657808     
     6847829647436412071687088681203848117072230898194784852202880565398893     
     5124604746788104287277040072359232067350233872395051080093083117015248     
     0580695384720669060429828039900671358144997138323555583471148228059939     
     8638411253958486314117703719624466112870701799481316982465457823290789     
     7646486339095664748011202917018876808629111876747073356915501755767595     
     8045639895575001901414849807366232724345911972429806042541497238570279     
     4934604839312963206259932256504023946185831701609565957182544326485021     
     3846540929802714125107091081009070838051412928618717446599108239155729     
     4224233635472767615441580435146821032782298195565584909464759359963034     
     8639227106242888480195281067035151719571312657505509713950280117928226     
     9804718123772924109518734460677336770068741275828338109003474401550124     
     7953162157991869060996284324796336027646072785392846109002453620186205     
     8548209926795932334141745019783662134592964803446696906853229201924708     
     9464025328293346639837166939152954857587569445521189617295673935963204     
     9347076947826270506674788012354237441439813523421671956571711327457687     
     2928391886418714543720214316554836060491467017303727824374693879216240     
     0817076602516368490153769779739881421905239409769202866586695201636213     
     1066608227332133730277796813348369410197639151753855922881534883990495     
     4697088710210632954387921748889922579675835217987841188458673660772529     
     5013450669036220023108072119666615206976388865307591740658624289452718     
     5109822156117917271137936056115091557272825820393951752374143792842008     
     8284381252090216181658485200196794945642111398722460044751724675893859     
     5054404669003546100052924140677620823716186563945886250661631232099703     
     9888365189206089670658270883966229073155628159107667435710767470432539     
     4728029097711160094823751491093125651546623803314195177912272169094094     
     5466141027727722105569221628512099937012347253594543337929343019887006     
     8357607592637473272565258735212664986576443914998296518410656445735839     
     2452143709518071891483795132152216538951362932970820322336500499346144     
     1223067191364489102516674039598127763276741086792862056447607708653303     
     7336976409233517856570665830437679340256047244421184474631851573572797     
     1775475322922325791967606789442544057878590913947131642097358412833912     
     3498909034722751201148864168124037822443289436025923139561897311632427     
     9023394049654790629763894921588662401066974888164103397988557288918006     
     7976530165798546994409405516153486629672406127580283145493841084259200     
     5096204066520101516431897440731663181861935684606114733295551165581797     
     9077548586385309478301489245091708368161210022296445652335919962696409     
     6843303268670683806257174661140171676014043152205075043745424727483057     
     8762188634983119833971759495281597332090648379777155071104864079757750     
     8472550215606830326830303494994092143486641092287358279211391653307060     
     5324019499910283712311254584307765777978048402864296801450874701888155     
     6655871217655059223699094345104749941953524847003430204145085795001157     
     5809524620705425492818662610565552501578777508069594168414169000413583     
     1851004496251826875539611542153428743706606671625406694908400221617000     
     2410561955190250468582555841080754370688457515489468149785676029721109     
     8669643720627819776996533598499255533611444348078137389114600941386595     
     8877193828690474176116383781730812334647257135441527330965784135551814     
     5239028979868246396001951391125025795229349598066995646876424031666659     
     5070522861536647396318198347339249373277168040219602901928348563810223     
     6046526232684001654546408078491895305258778946040261115401153434385386     
     8225374560791239497350970534450380718576071819693146297017113101838013     
     8937309042211096456137699583656679779052362086737744836465593347428047     
     9411356401207834870803928547571763414110405848754063475532549474135617     
     9188259358770054644861456827311159552117798962519986314476656256468148     
     7590262460271884133759086187001432784099134340907592644851700287190589     
     3777730443168292441558853233880099162864844534182008479971299732200138     
     7412720576656514883147998984958516631637774538304198996029720740217993     
     8277487306090052112409887233943799050372669159267693622431295283632128     
     6051259306216284208898258884528296099293643453762624292380157752738251     
     2300256454681583025869596778450170704427462332298883843098888899942366     
     7717307948757778834962727611244411996398422803362945387817659836911589     
     7882581645873619022037337283973676152436806880711559492667829225942615     
     0891991990587541703192423690736701341624087874764682917861665198977078     
     8464636813760286889615690703776451882103076563270333081971111619914801     
     6457413423610787953333283238010660818168828034589256746186653032105215     
     7134482354232579851233034084306076109012570587908934576442847511278487     
     3624833578760069397646853612751814298274231353176388825971045601619428     
     2475714126171813909043560905385558168605109259808471239727087502331223     
     1501389299172277565729111122108398754291770173545800237850619361025008     
     5883740591145279894902093861092996905279116163045004415681635661381244     
     4288123752325455600131725672864012365635144181425234368552154583635909     
     2570383905184034439646256088985929773227039639926282220001776976243906     
     5434477020846413046664717649599555434156615439001506674749293700111799     
     7726827647711829139354183750853999003020331413484660986448899725331491     
     6046779655133317013142958418764687758602092942559985618783332722726893     
     2146774688710625098412142530793515142046972623311846780198270664011140     
     4868266216597831982608899831287997627825699482219845398163257144943494     
     0589313835280258042099029419955145160209384576953215220249420721082178     
     8612356772390455070288334796804325556788123289407542521454108090861664     
     6466476206937337218014993361007187587634256461811554952233325875416194     
     3158635809821094235775305346163320391382905047732907697037953612722440     
     9297347354273255483315513136540250608966686558555121945148582880993227     
     4640364349832154993740461456238599633732264896699374737376099881488690     
     7500698756112257422573955281120818026657943551850127502184690224992559     
     9795738475594312187118816100358389839450452204217410017567875615384342     
     4629513870164686303515899926461066223689268978179603146935183735147048     
     4844228167043616810817319448012322212180927816543190123692737360578596     
     4024688111408983132557029678288478652275512609081366778533753371578647     
     8235220484290718136831421329675077948552546903129714285293203290518469     
     9786654624318554559965311480984602186550211528135327619466112308945820     
     7528539533048585793799967438235332821874215335264751321373576997983868     
     8736941360562388465600477018342351500495168310540853089856858956407058     
     6472274267439116480494845018358257574920969590721237483520000000000000     
     0000000000000000000000000000000000000000000000000000000000000000000000     
     0000000000000000000000000000000000000000000000000000000000000000000000     
     0000000000000000000000000000000000000000000000000000000000000000000000     
     0000000000000000000000000000000000000000000000000000000000000000000000     
     0000000000000000000000000000000000000000000000000000000000000000000000     
     0000000000000000000000000000000000000000000000000000000000000000000000     
     0000000000000000000000000000000000000000000000000000000000000000000000     
     0000000000000000000000000000000000000000000000000000000000000000000000     
     0000000000000000000000000000000000000000000000000000000000000000000000     
     0000000000000000000000000000000000000000000000000000000000000000000000     
     0000000000000000000000000000000000000000000000000000000000000000000000     
     0000000000000000000000000000000000000000000000000000000000000000000000     
     0000000000000000000000000000000000000000000000000000000000000000000000     
     0000000000000000000000000000000000000000000000000000000000000000000000     
     0000000000000000000000000000000000000000000000000000000000000000000000     
     0000000000000000000000000000000000000000000000000000000000000000000000     
     0000000000000000000000000000000000000000000000000000000000000000000000     
     0000000000000000000000000000000000000000000000000000000000000000000000     
     0000000000000000000000000000000000000000000000000000000000000000000000     
     000000000000000000000000000000000000000000000000000
