     9353962311213047153359358504786915246574815999308421925859668260431216     
     9925056523990894984510311222090759777607559134364748085448987726343334     
     2177524783919276621941567978678814342080146907514437170573045557553848     
     9736827577442691611300271341205119251002747896920763986008585749289876     
     7530693754377465940595319234837664031831695973388301494159265284378233     
     5152099542659609994526917497646645624715284441409420388838533188844666     
     3340097882393647120858507965447818192717258266908002097741047009459642     
     0126951389521344037649777310699799049637598489579484236810856971357309     
     0378384888327891110997922670691781361183133362779437266686273086972884     
     2938789420295202946905094267006379358045170266825128116739564671976463     
     7218297586849903177769039839984549203093459373604901952260228793824247     
     8296746371121894717244627373320587131823048443452258213118322248259756     
     5708202613277268019621902352408281126832851176040537144348346073345557     
     8585597774821175810122214187588297556446113270796339102521834699251060     
     5227583034339409962190021270241003830400082807117732382897640864449621     
     8160529341913083857665334627403642815302328302983045240086208840058512     
     5283974974062715947601036541463977350942985117616560716514301019846251     
     0708307272204392009436609929248219660425221993491390497489700356471971     
     2942253266788072573013290107233165797133318778421629615164252487537175     
     2908859617323939846101273633046242940967359563677014880371154689749510     
     9705111493870940054288314051280628637471155374358459326406448883312500     
     8785690963769392667062926257566397473675895699123238606097460752601996     
     2029323468882214571912169637759523542124123315982193484769284716077827     
     1465264569061421338914028859566225273277819559826771742834644351057304     
     1056913968328415877334559004353950358413455237809728151711747746880890     
     1256162464734264631654841763683811024977918773989328615887312212402952     
     9412546003678556757901525066043348933579796429971420717810887298711174     
     0042883226866728966840272578625423412827632879348125674731412242982460     
     4665136778479169988711372363853273731132947816743104618282614120189383     
     5198124911859376961632555922751704336124095982975374181612555233074086     
     9083532838695630832076734246042802791710285198929439594209332399810555     
     0953836260856321786708178154145484414552872075579425217147356597160781     
     0190561506537120896337790107011722893973180325762257603161653220664024     
     0528678832785276215636074875506368682929374727333770680708528067047019     
     0825930604374712905964722730005572636324397953021187804269411540897625     
     6210320220088835544580645646380692222355573972068206892159439828453548     
     7947873390523545372342959730165503665958902671080234719842579269458174     
     0125297310715512185798094013696724574664568579231640432123666861701307     
     8738916018454955169945538893598016600184912997256726862841386059587868     
     4533313874934505031589563982709292213975312595041939352178625370250640     
     7466701198768494618796658472406360425793297871486814834799231397182440     
     6823829789910031052232414387866969122952804399099554585042528448339060     
     5835226221035210267874155690779447310440938970753315041903242425747757     
     6117129173924605954252864106561282938397052018267815701314296219741570     
     1272737834115620114974200686989372522154085314964696643121222348446456     
     4131455912155430554265498756184812175080794348743742895412154636636690     
     4413816224098286107548243208575522957210960591735826427841787331736892     
     7727833616079069718493723512436488747983497793152375194134218267923488     
     8953099167336853711852838728384874590868555277652876757343735888931272     
     4505870190915470855133146119605535726268795494134117276314292394698963     
     8840142640115410917629426616885347378305258988825235671831476728302650     
     5783136473794903117859595033178730378523007043290926288425301230313545     
     7948159989542730422437792719282985509303773235075565149046654233554354     
     9984423643908145832512590294431934548920213318358130402696903729966135     
     6405136938443191796551921594266590503918484418488722669247701759245529     
     9954285899744883329106346930822148570917945042061422268311755791056758     
     2740911774394884843647895396554510813997643963181375897969399245263266     
     7542229473219745287377395514903708181625221435673604097605641217904844     
     5006649809543900161059523687905014700150309129020509476972658688000000     
     0000000000000000000000000000000000000000000000000000000000000000000000     
     0000000000000000000000000000000000000000000000000000000000000000000000     
     0000000000000000000000000000000000000000000000000000000000000000000000     
     0000000000000000000000000000000000000000000000000000000000000000000000     
     0000000000000000000000000000000000000000000000000000000000000000000000     
     00000000000000000000000000000000000000000000000000
