     1077029757023610878595491095228478779091359053036287946271025450953040     
     6643842398918633223651324561684354995857668653348663482939510347438098     
     5233147126058275831348025307039218734425393219099359163630108389628499     
     7783331545941829931875237452887958221261704315456200587854939414582643     
     9006712179422977792834894708037257372857541965564116648398879645595405     
     2865004458138978186721887733656695322611583221232097484652327505811123     
     8299393679809593935093216552578397917094545091467715150010071756158466     
     5529898248540508807384687263904222054236596077509139785513800175195862     
     1090336116372502109421080038983627018114066487327283990496596248394085     
     2663726083161302028119748835370334378767397507251348329825845178376941     
     8115112967810017935391069798628683347249216827809316339371028818461641     
     5539091648415561874994842434564351065629247873607111030135615050622721     
     2947112066276349603863643347073131912814613440182075524429495718656753     
     9739580505042325106656530424411298811012206123238593954223645191092347     
     7007806521544161896875236419891925141219687617308874698521618689697443     
     3161621370214185141803383118863614010188966958300239425052590829823164     
     0704952901230151257549809250954229688375206920721777202020019319008327     
     7837841728360416895252321667221900180229549298508989127772305624613838     
     5776343560504527200609619428778759958030006810659720794619561756613593     
     5280018878262426612778719572522979064629755478181291412751152943501015     
     6979707394065424037671939875826161954093597948978846742860740585248012     
     2878682903968277094469167866506003424069285241520451700487908422384637     
     3736629899983030251853542863214715405630742658173871323577667974891687     
     5735227564939610578212657010374316575538885905588823653690932783751319     
     9831439518767605131919108357585170938159523108191700795449784295177793     
     9773923312818555868021142077087751449881102940880710802413172118516633     
     5107273135026625991460905261285087152947052961249390600357580701720067     
     3157587692129130138716202932946796059981012530672492450511666993949683     
     0520663367712234073665304172307794996992805791436230689285641902863692     
     2204685960054996033459457759407942998166498233943580354689377783117757     
     9672054999678465683686892505316426952736579648669055494221317478533644     
     5453067888241214393417780131400403488697132114399753327459928658616418     
     4962240179849703430465488678960882716195062434321710455702928719772163     
     8484929037620297423491137216940289986021729715874638191388986834524425     
     0202702412450059655072495485215052755350260727560989315845097738759112     
     6969358062403730748386351614455402137111477394389637933109569839530056     
     9110696910582320477339520937804645537832476709746728828092181535823403     
     1884342447511648372426966251708658736456358950256272858596561415178710     
     3088919591259475377165204536030037340419675390310275516523656273676156     
     1911208094628911915007612967174172921036950433253278652584758732964611     
     8441110236847018448549889947848751782564457416390158019569159251595069     
     2006718631344695456644927475212826712160235852399294767176134172606872     
     0156282295338672487160907291416541669727034859318646443998758853139485     
     9876990185478811252063062639352118816527647170333984998424415200253342     
     2570661256018023239627399456968002429863451482909750123310338705477327     
     1961486179979142631253531668873753923245815656536579268703157465062304     
     7290012187192861723546424174745490265012276983815802389449616240183406     
     2615059528880079356173173122913577778845548177993027700259572536999928     
     6441173407311856850958324012218529891034796486758470255181870498765958     
     8879581268310919503693192748340404868300188289924162438686677337286229     
     4664275404010591856429732893889829901947321412951458021602866365366508     
     9933247295801754169784784941808877905406139870676509255635323408084469     
     4039069779868393564801682309157149706202900828231107195137996729960026     
     8642705559285738938516208221743150646273716388908858790259067809094275     
     1982348281485969893971905145437598707083220578356282253934316480334076     
     0652262200378306954564675662841264343386937016787559219945455326224123     
     7015918148773425444890812110473955919656841669221218338948331528863631     
     1162011952262002161272993199008322106003482548387083774381342401246306     
     2585568101861349718262993981541064608556053216875610667289567747537301     
     7790577483321143227676155893871533561864080687368514575154366607790869     
     5329021905006469913411043033140828915719502875885867032823165610428307     
     2399409113853390150158948498110700523845794586009089666060209393327768     
     0466304966248810543527190143491924311664189527224687783044723745462643     
     3078794751151113254674391422782721017130145768608868892542522446305666     
     3845568222209840080619579356370377367262845969235708304205793050587147     
     9496251561472390629781614234073535601249388820353651573564925704809202     
     6796766416590418177838002997257018882672787122338611710704543285933571     
     0488625139356791779036867477061325336381322308770829977662250862754282     
     4840001659619651663060922353077353734329141378433043219475600059998283     
     8451958556632182786294418515325125222653620664655719703497871307376012     
     8238631842915694462114269609855639517438942068471198460917472010189407     
     5744477974904265601565071049545758201336608027971509547727843534818113     
     0277196677833326461726641018117943849372243217982708800903138647363887     
     8491909233833603545933478674934219697912195454613520008208876092919202     
     8484022109099616145652039113146994547605701782479558828115850100899082     
     5688855199614598629772230687418873275665135894147867182556620504242363     
     9707212367644852596054394887715376264163759158774077836851723412902031     
     3243633290212311749910092849939716126848102117785841763015390459339290     
     0512032584657641873026995856080651184093199830434272624622128942693066     
     5912328318128714663650567333104839224261637144931596935550840234893681     
     8013882488266158159819754259424581979348959069113568156119817057617081     
     0035521036382829124104131441837880818355192998625848433618379723772631     
     7034049738368775986893072788687423738371834063901753426422088921256871     
     9298933516497588646128744945920192736868858183138561605760452967471967     
     7393532532383737468661797494680660877952980147071472561793191530325688     
     4290003071351209817274774899042650466007526102689291396544154644541691     
     9401079153218677804504092942423438343609906365454254867333734883403945     
     1064089003181011606983657078535294341509763042342718778533885527219319     
     0382462220004011579521075431102594723899132996905642962372165065335244     
     7582474965530997224762646032957007298409041861981836987893308042884459     
     9590700639835288996677046315445646453766601698351448895822292871744441     
     0511779654737611009865780527028409301055160287846440894214072152434188     
     5625112648263847911611777450522909313940347157618067072098116024903210     
     2921495932806195486947930790936684241002865585846831767616354754662503     
     5824262320765264737750892805565451892705309103538426728653851689581239     
     8166719235968684744953420683422132667209765737863518317857389839802187     
     9581540669045053486361522872507026689521368359734991492185593254264447     
     2779695462862632779752713109792623637529144349206148703080044241343374     
     6925242807871629942011525591286325402542984060102907452783041429790007     
     8591222115079226008768514543072747849806771444526348905806568124432042     
     8631931466090367524020665296292977915156952258797677470088089607645163     
     7336285300104920985344209755609539001893178788356006004427028205180088     
     0956154618226502000283192264706495497355071362357287572128002677328701     
     8195824445116557857732513036389332120228498035377744883675845994079878     
     3856074038040457525602749125861997744021471034572870040150846597909747     
     4179631538588491910103365550967770539203420193873962669326138318568359     
     6583514268257787891904876973208256132813393320112144383864564480262357     
     2330422827639924459585546081299952974642970265481433522303027335698732     
     7466170503570687493746666751497137403973854880797993525756878557797623     
     5054954342322488790446210648353014542377790658781630479860662289342033     
     0634907825427706804140923222320249812936257829589085799450438714222802     
     9128856998311310862608806811747282757084495582217450765225618728127308     
     6530665791494400331563357091538059326019040013964361578281599445375091     
     3680664367318953296059966405698578751684663521242517620155264080849844     
     4317821712860142757091723970246384153316183253609325741771917990517280     
     3255767852740468622200233442150741764692163699955819591268794742063529     
     7489403715921504165077638080162250353874962395879239802165036456903965     
     7023640509178937213464528708425992763909489323540360792474557726379608     
     7347907617537353470085285773943188614816488690251037340439908093191988     
     0516509837358433451374752174231306361721357287651156677391923352850904     
     1721221311250940642976662714178043081406717095657993615313932886713944     
     2747973494551861854259618918600178952138255105727251982967985673118063     
     9086670873752713836584260451562971945331682027947526697465030237901632     
     1618554031030407430429466454307981404897578583072961904223288790752194     
     4103126423773395537580157940109306420431667879533388383285724597971456     
     9369512403110603621227315245760178191391538654694722525320488713383098     
     7265721846542655343740345386816980876291235450906448880189270961766145     
     4634775904038317456313989230012122364394301125091428618649881716509142     
     3035726379916942629907523629025472975758327741465826849841274638092979     
     1468961053034902614572447528240886497907418116791218862753762216225691     
     1042736678742235410198409472198327985462849665482329986498116956111879     
     5073578372687814020268331489213682296182785239458139407956224290798722     
     5692522352098954812758881600182411354712771180230257921293095876198291     
     9561095386032152912023175644444282481939625688476434133736460693401321     
     2799920493671581613581700632381893558115298925186583706986546153370371     
     6824743688344738887846409135726601344866376230993145297227557649390534     
     0145994811748585308232228442073924937852232390980603137450357318626895     
     3074780910095354112712652725026176953425992394146392748284499147885333     
     1369920050212125865481857699993579471625314738469752121063754501723594     
     1142895394464950063408027390805281779367523591561442945639730233547610     
     7976545417256161865323524553403164382187454906530340808178890628667528     
     4462493945608808616722013514454191820645689284449622176281134034214029     
     5035841043892480077091265061110940572837103430317295447592083031496913     
     9973196975542701011311728560607664070186642712655510472051828914898943     
     5731016403503342946106113992915399177604401822847913127762532435223988     
     9600626546170479477789551430522497850826456253690741135454966321477715     
     3398620553655178423748567458464330111928544604764114545423196188260186     
     0495932808026748193700888003889919274395100276197750808032497413351085     
     2241847667064242202586825074115870088719903039893366676006636563069211     
     3853099237956940954255981455867765623004151759090037294226617739367760     
     5243469580322016994593791863836799853963314325168967636022734276047413     
     3595913459845281050579368077524154488822094734668547308229084559057273     
     7676457237940622837834479462116310844798216818390333168448394915747413     
     9270623824975324369632281022875129697511275192730700835914048791283468     
     7172319045584265016466242204881465310364445884212156129740855463374454     
     9618908361753427593240386620311965524609458847422160546498899657335138     
     9454636731439343101260831908404879646159716715942227384905999192324972     
     1866523106019403463566451353144399419829329584616000052133133664158520     
     9254509348347065939211152439130141716564660801557897496099774738839349     
     0117117805958751545948873174961267958086739561029349731900752669675496     
     2736364119065892440000354161854665131493706718852017974498228605498021     
     0282781304811778979296356757695496325018145466422462230338540756815648     
     8617959160224603055957028968448732714160441808816923762998279884534439     
     8395390685114033450358153522831537205609902276791047213663847987921317     
     6569728213074652179237206409229752007119928283153814062870636897698045     
     6377743807060039000204380731225620351355038024964764771515087300346638     
     1313835588990267576028759381121102456195774847414224003379916060282083     
     4261714724662975875836744911929252329821310554882542206897527441005373     
     4277918513176198686537692610881148177024579424807334880207888376312215     
     2054396980935581948926909030935245180056513371236911254963199508498375     
     3529419301270139362686269978227540584479188515188225563735569246649093     
     0832727354867090305610349223677593668009007597866471017801191956170413     
     4425918920003041648893833214708876168851739031666123290917848597846700     
     0945882038814015079346258310130761066494497644640669925908808424374729     
     9710320389221897669951696739024555780287352780911966962024888725469056     
     3703274764866568019182806614755809477293907059145766000875090797404929     
     6407026490208239526955905931817135877133440008048840905167049459190130     
     1412971152811180679111206164441164809829296594991991125666098864618339     
     8539606669771334715690854134626846916796748575681291869924598692884920     
     3597013555010476427997555464364900023224647850211250181951275818352914     
     0468329914877148250267538699123488783727029006765953077864252348930043     
     2883241781511439318516793932201265814054625642446317275345284219647840     
     3612317761368772080478155001804336747748063760709325734269728675855709     
     0361044489962290169366764285053931607000915064108251647744625233952564     
     5181558406663541314231977837861790555307913346942308654236430864704731     
     5534233052258838547487973189276369645251820309651418331506177337315483     
     3714907801684622860838389175346808434626074194403645983402410349282893     
     9325609504071462145437330752710802778941560229106233797513501956875510     
     7777414326540164258663550720838522755580557543281269829718878427730486     
     6090439041810848195241805954465942695980193220416926158031571751764550     
     6603300925762375078861046840488912253886154629119863851802230836657192     
     1337870379350592315862220202216544267200529939000804770629842212417267     
     4634596480355025899380186058444750800708134518813314136608139190695055     
     3782812351920191003837639520382415143406557313682774327712376346163738     
     4695482622062579858413602872327180513983504388469151364370010180424719     
     5841428928446444846403574904318976856988542590608165499426702822373184     
     7479972803687625329317567365173573018299928576571780097106378082566848     
     4886426284291169816498519890475222133789278844433417559752045356086705     
     0494326124297387119034975001037359430134784404020130718815783621882468     
     1732152380370978442889281622617757979452400259316121955229476100558202     
     0870588081861596946251292692501379133167045531773507159901347244032134     
     4866112699853252900408232828029668737069654922717763691078280266288182     
     7725702486682196772809527358999945526942866735719443313606824456692914     
     1709946036433974108317627078722557978377443450964516701234646537874230     
     9350804274014712223138579153381914655111738093424975780774401896015625     
     0862807941411919664371192106652947085460920015236981017088896958872131     
     8730328456454249054711588347918070810555341849716843842340374623264117     
     8649791788210830327898713362040658298198506836927983971409330606402207     
     6374630317348873070966288358458878334740021382786764085698719849368868     
     0988762530810382311919222868055084786958505978834843721353482431278618     
     9834877152702131162617982308584342105181257770979812239162421107456525     
     7322948575823585733507130415976488114914977908237592514821177948147498     
     4117794348430546244340295574721149522487684863230812677287834754317659     
     9220529562713089134703207943176162771639482055607308791102047997391565     
     5497723692455175955787962432736406855729003851374441196774751032799092     
     7344641257713702501392802598869640571992689078802221410751051270458449     
     7745739800745858914552953816055867994391902409231005166022236631080865     
     9348724923703784823458396254108570690761619250968603466376287611885588     
     8998039779419230528111969528553243151430014505085734373172833644678082     
     4719233701811028956956435313121741572021042440441013965349614899741770     
     6027336641097777970139925460454565997475468891822832211125577835020020     
     1653938430989706398644347196080531109909857903860293777209354263428998     
     1241687659445116287929104023551958817815037566705243403481725979512601     
     8824391633388328985320289645616144191652766513423852622544725795472253     
     8830575038102378188755875720015859612754664765664348942345577759396827     
     9174378769771273087773664147229418305683951035223469333436470321091836     
     7840776298779204585565528783591599505882470671418001561961316516220441     
     7927180692573607111089037535224234354479188001176835213374587665108446     
     9754367318698442410124970602266183752885255008726477940071315567915101     
     3696756603437427896615354578170030604562799446296239813779923459824553     
     3904155696493002742173991206828264188444730305245462922894175031544092     
     1848144613464264071604433945171306394215984914233951500943053872678257     
     2135949953780876555553090535849015729149150950968174000141956184151623     
     8314153421281669082436019133570332844296305722202362100327744088195971     
     1539527796877265007359052731975724888587697360703893057247544408037290     
     5571156584740047524284681598869867301416442501221305613633521939690935     
     1694138532453895372059150058969144528053992317114886156339303623039735     
     7500228664713894643391442630283769380999002053625110545365251039139026     
     9370186374317688418635202810877403027513568317199966339197168381519534     
     5916313330929259477793466092911892994557944629679314356408796170649362     
     4461840143685147434402340556204754785567326341906158425634135346131300     
     2661619723483057623908151176194071860043767033259095439290682350687934     
     1142458472747611911688697683396183592902206632004778691025088329859158     
     3243188170761454213835143529911201265284275759251663229303185074259247     
     0306966939067910146765276022987920088481886841871918950782000316920305     
     2077925504214592194611522878172090895015698803438408416719885143707499     
     7351579136267041249122830540818519415813972017671870395278936106437417     
     6207126565970376678715456987680064098968535654990892549356471193260725     
     1094731577374588546699706478765122778812948468298660243063096471362962     
     5790839729941798749381844797492871664957447013643655940723424441503780     
     0846077976027575891259774189861324423912585882115568423840093592634266     
     8460483607205189048750488137862314099994203968956020767963157283347535     
     8383303049315978389858259487563915880308370567559499476870984459076951     
     6206446214259374582584751412039258275456406488686698767910729682326085     
     3622333936574474910768703406338832000492399880955555553324584356616617     
     7754890494658834595281902898700366488823106442207124153355403803800332     
     4926280063552396835485146575273850835646976946229745988220303324324578     
     2244914690397864604990854765635397684421933813493968947286459352378320     
     7473984183195600847915488092585263897035038678864413436383537472904560     
     9797386240000000000000000000000000000000000000000000000000000000000000     
     0000000000000000000000000000000000000000000000000000000000000000000000     
     0000000000000000000000000000000000000000000000000000000000000000000000     
     0000000000000000000000000000000000000000000000000000000000000000000000     
     0000000000000000000000000000000000000000000000000000000000000000000000     
     0000000000000000000000000000000000000000000000000000000000000000000000     
     0000000000000000000000000000000000000000000000000000000000000000000000     
     0000000000000000000000000000000000000000000000000000000000000000000000     
     0000000000000000000000000000000000000000000000000000000000000000000000     
     0000000000000000000000000000000000000000000000000000000000000000000000     
     0000000000000000000000000000000000000000000000000000000000000000000000     
     0000000000000000000000000000000000000000000000000000000000000000000000     
     0000000000000000000000000000000000000000000000000000000000000000000000     
     0000000000000000000000000000000000000000000000000000000000000000000000     
     0000000000000000000000000000000000000000000000000000000000000000000000     
     0000000000000000000000000000000000000000000000000000000000000000000000     
     0000000000000000000000000000000000000000000000000000000000000000000000     
     0000000000000000000000000000000000000000000000000000000000000000000000     
     0000000000000000000000000000000000000000000000000000000000000000000000     
     0000000000000000000000000000000000000000000000000000000000000000000000     
     0000000000000000000000000000000000000000000000000000000000000000000000     
     000000
