     6552270533384112322276589026253714660038604600215929179439879968865785     
     9938586111763270010169523041013002414226758305315984751450848336888908     
     5373783611800428769377761220951876513481255255589834409573925947015686     
     0733199724852408514416605491768244132698878401285348167852217272056932     
     8168481411515591984709355445734063026845562874255515559909437109539009     
     4615015457423747887370756782052993886836696189771070141908184096687876     
     3903622110176063069546023451695292114437107865183074679770244739264662     
     9045646503539626693768759723833105127062320873110419420222985911339652     
     5143768595647541721939492587606527309991615854146312654580897473000974     
     3098298793004172294833391549731377766365013038026882516955261030006310     
     9788099367125619225109512178599087334892082813355931902251382076954442     
     1090264323635426915480186659190422944957156930032498296385861988842979     
     1585131956854583129532851655891626294204456044763831191912158857364524     
     8302619995411173653777276370701366474788266150940508500023823222607209     
     7848635893114966755252325432414860755048080898051742402128403558414058     
     7671774126301186086390978551617084137171265084936292572599226087259300     
     7911662589070010650380995549704856544208529160498810474311613248260323     
     4960595151540543597800630049368519265976626996904913451461070899974785     
     9006837505736486259539601815080742838173440487000624979939785290860212     
     0605493173704896830707424122228333366662338758811750684230908064445711     
     3311721256706020050897012076940774131641727629061040531814874420675002     
     5128107721902031321588112247321992110211070788524068553925536853275392     
     8306910969111194074805270587805014927885325790108722102583814324333208     
     8281666221823719312553233110137205650088724779109274156352063042882281     
     5493790143167783026431897684702180626767067437860604293856974088926898     
     6813999289211346832490028619444791946068755753525202020996055272771649     
     6631395750747399162168657635186935109251701119221158891458968953836158     
     8230359103331258865397486102133604106715426475600763103123446400464059     
     5618162827970277718061518321576519000836729300968583382664084940177895     
     5119830052760967534124427244611677899790251419629760730539481091080249     
     4705644610836631482134085988280659095835048967526769784140611419804987     
     1295098512729070137168172513719478084844952203323094726116924494950639     
     7956220599872018445003789127580626811306199124036088976514275486068702     
     7374429338042107547765875171090977815081612721307953955953787975911259     
     5735950827466264611308950524014835767768126835120154976996604942703032     
     2997598262816366160319914449758546453747399606427478280352164199087246     
     5961942580141004188344962610967325302580632902713903229945851850069782     
     1571251137896821378727273948218292823860026415479963966109224615285934     
     2112115469328110802953178880961743035196054785815163653366575407290282     
     0978022671922169321556900670578529783645776489793938479788280098535453     
     2536526396029018346905380688038615377766015082368809162853012300040347     
     5630958149934313567006973978393888825568482511811496524259877125747025     
     2410385488345043401665255614818855333968018530000233065001923008483124     
     2299024299453575552302203042727339651356402096635579024859711599860483     
     9659880949830127552561020332087448070937069068775751155555676530453804     
     8656579133068792271790715623873769412472040815226648537783626232308432     
     3074866621328666647540976871597778758510243650868494425200988579556159     
     4526969202443483550404777509936204405712648231478490212077788341692528     
     5988506029250107650574233459770913195969846489867377935772255363646657     
     5212336646961691435549015035092385244892866622230800656241033616535934     
     8574403772594670949839281904647571244889710564349490815591731370493946     
     6255883797893694343753719486064909702401184902245524073546307673380904     
     0092212909156916512870488634584404705530176575955251015441085144905786     
     2231753524648620817591816290077977046506681196190302179773829869742423     
     8796386051182626610736990080391734851339419643279058912801259836217778     
     7418326547415965959937560580289670222902192265973440595654751608186666     
     5290291223734349042704946164069943427943448540124059076672925272073111     
     6868501997430904859391649737084139496842155298204197151267861446186098     
     7998787432114836655021574320825827520789772475901023525631817270834560     
     0294052732314348178607167808372604247258837490034985643179918629511329     
     6400960076682467837046530530951817013539658111663649253265156724435609     
     1222582894397630596326578923723030301024007259061815451962934162076280     
     4486841960432648167024523041636169159103884013993614121164819194425934     
     7527037471785162214729255171860376131171676792162606984273655402381999     
     5838668957182660642270787802394701904948691855949373382544837267187514     
     7598440251131603355709756035112002524952980578428120561139263340731989     
     6077947571636417021703945233734895381193715668644219431698292534970344     
     8369970008642052369999130993729819475553751051117102716376340466028577     
     2247707948362104691904655574962543893903011822860186510028606817134325     
     1970306612885363628615559159190588260587585569844962399968730803208071     
     0109050145267152393644599374960751308014656354303071797003623552555402     
     3600093570363296527056237398369020343130969010856169493587266386519605     
     6781654549209132633944818746056462253553840250713716007841194094844690     
     2374409234969673347838537783698136775125384535704764866276478376607429     
     7849233396350377320520192151432853126778107680304382313241635121939987     
     7616365676541684650842873730316654208034494387096773089852124845728721     
     4363939752248160535433740102838618290349919689304174168348944366501993     
     2787570840427982425743203757168974100481981729011293367475743066483615     
     1038247337584670952928360581165703147713425046937403966066729985940020     
     2229288197125796801361083370729584122367459836860019714874851101535193     
     6314274975682007177332144740441267602355033363303639161310594599722476     
     1203158784911153470412767860219923432092069137825205703211318533027679     
     5756412434047311511420652897409553720001793230792733499770115850274902     
     6311391344807050662402862853734702458083054383523038714818488060861316     
     3428604672947589034769965655991420676355870757527712742985378408586027     
     8640981694528542307740698063595647601426492363554202031774416058466049     
     7955156443318920264539704931022518292511565014815872168050206284458572     
     9008799313568314557956793345487105764467604358940674652048011598485236     
     0122110625656046494152400798583547913263418005392995601263173182494945     
     0002788599061582245549215294485126012096285737942712343759999476952500     
     9171149405988220836391992332749650588389914388823553194442466845833785     
     3633907571670203639630001244785123258811684902199851200571168457043197     
     8594745282302816374787313244621881351754596543907808628278780833319341     
     3663981127930725564619382197627265023466043313254310700427553415606698     
     2516431283974417314432581840756157317066880506849867566674927322122855     
     4943989247956676532802537241924441586465441150644492855222024073670538     
     5794324021841992394117445448213938940766462450382155803312196640858806     
     4264322236665597844566227376689386505671619715491939687504424671270625     
     5140411617719838846697185310837056903104299390788135387192653121619401     
     8382836481290501162656725452464010834051924966137628156227903511343559     
     6254339504535374647016557180525418612356234486301820844852888869228459     
     7364977209393179962542348642865569694001668780651293383674153828776841     
     3276608011498136527234927894260421834464177130937289120699782296531541     
     8683797473575388991458967033709782706344718923264848605325085014311370     
     3919657753277273686395269877105666095332800920618090357871151534668739     
     2733427727481102104162033877380012122237591220331965949498747693728777     
     7342923206958064541675968437156839221030845483282757603990995333167160     
     5814880782525369154976007373667824987660030167110816387535707910178071     
     3160613465798763552852377165866842381803812173622647789654349761505809     
     7879591785740924259782632610653390195775168231275284281886920430579400     
     4208936022074807673045652272477430258973012275590870899459625034029956     
     0615291772016352162977260161939636995006674939105460777924674201154895     
     3447404899489705581354893588207618006659438173388440236603393489730472     
     9950160334989664870399299176276306148273885657415330087114459568194264     
     8671525816583082424773458151436574669300096280160385232473381588106604     
     5444792941575416186843208923080878835908563146964247775558524922693875     
     5475899704212452938748829340679520758205727050025784390258292687359388     
     6981657374403416665833527023290528739858974278937383998908966451503264     
     7448527964344776800291742845189782139580592052104477264856487110864146     
     1750211430019637040450250166213651135809869289249611745810784789891139     
     3460678562732668373004058444678444609329060667395806429475722554742728     
     7736044211129697040254539241703389514998385661758757665329413512895531     
     6989752110128063517917937387973526011096049491897076991028875941762181     
     4871173770689522544032209997808896427354523848128915417896036719902377     
     1938736743778260691776209046509434468628156257826906533211805047562586     
     6405595153572604781631957523811114591330588232112246694750804602889970     
     4098509319276334321797902975017332585705092334789127111658825174384332     
     4234242941037089520195899857567240427844210584212537244818523518740565     
     2762462785564164550655746033995808960122360359860666898929164876635882     
     5328755191775592673740722868382606679878248829526830792852568158096533     
     9196144338315257897763110231983475751861228699185940899062429947672883     
     1212983012916116311642860410104892849852004331950535681660690121354297     
     0373741615478413385510565353420735945526772166889620063841455961825338     
     7162146412204246614738515791794225328186701145840979554196132142477973     
     7655229363459023286557987496577645382786890326183350846478526327765895     
     2038425315226899107379130548917434433192023979747985520868204180734669     
     7712914292048565546370620689846422049104457003526153736595065316478750     
     9856757959960900524509890143471308250710212849086341548591633552773024     
     8130082841418128938383308519726950818505102381143510466990528856332930     
     6835062066241033441456496266111817394747958382111342974410949262295158     
     7265035772854984426464697282518699953433362766795458417639465721854209     
     7899470272911706256131620770877326044155905102627261232802799535598836     
     7808385652518595820115158525542327110117754134420686050151535705257039     
     8044940663053797150695789244435535963340356750365048855216301157179761     
     6741005152046038923646490790562153560126660780165554487634143992481910     
     8310889223058727771448138087254460823315847551525211935458234565937017     
     4972633256888846405021291744038356110440244727890884017900802166152416     
     7105044249958809216648250151689190422322710473552422670616999376752237     
     4638675063025074568720120049698105794688742295695360316953185199626376     
     0113858567613537204024506081090833197435667071082735692646525724617278     
     5358181325406022501880412765586425822917368922653626710031706207082232     
     7254846143945923689203027619177572565278325864589619607341083530021901     
     0726067992123556162055680865231435710517996244011247362173877438515920     
     7482365489029758083221464117390322944849119016419733441306899098724823     
     4588141548850713957545221283821156367954761721450535029515012772540170     
     3663229157653371732661064208700730876778875505532861167513071861262756     
     8623401498730165821120199965992964601261714803783279205700053741594674     
     2568292002611329216154666689776930149402320283052715701165869085107709     
     8362848954134266673775756057477775132646749783689461798398899060256862     
     4143431896766810357703820677739472928629296087996893655497942028828348     
     6404890467828850959435236215120656590372334926620926947553787207815610     
     5120747906641136287828318742459561876467979339725521122712571631302867     
     8076890891597562600559526733838432875707941082281221211029096849166277     
     5961934919034945809604030672432030602141377569388033865466165934171925     
     9828429368089826155473442869780841431587863734380566880700782216404933     
     9746516198308201685434820675417325354740169675268813945069083536057555     
     2669490357871365667001245785322481184522175774054146945577336186846370     
     8694941706360525519961064921961244526623866051767127591870052991325584     
     2035536598593778191020826818256348014458138557560153429293073739263991     
     2942311173970453703337874018485417720140345944898215968009948563747043     
     3256871661337958768664421798690100282574349131655819081915437357803361     
     4809549217299840835553249013682860994997453603750977581283923653596498     
     1009771096540768569095140322466023705295344693914952394000462252341819     
     6470428722598320423114673139049869358792371708643138076135444416808899     
     1851568723475861378105951923351430403608632815338595402530928854824070     
     3921404538467715876054745590058470993020101225826755200912962452068924     
     8072826876462805489321987012257668341962433768470594220834336084340918     
     9774457434606979874841270594926982135965619686690575476681298987921568     
     3384647009796851387415019283408637100832673211221578462360637115955514     
     5585767996955608178080688088834774454694357744916724696480810361911083     
     1083515715984528070317342456814220822928677843051922163110656375798582     
     5990355125114854068215243057465823985112228664528958806947912639724551     
     9377123422581770180986310780271433045312044220345349754841864981084865     
     2281082327684740636756855788732372028199652680545329577282289668065814     
     6832141459661039434629435430952148754614942886506945608591281029084426     
     3375707870290237797859408575584445956706075582852292471462010868739690     
     6262621910053545199102218462340477972079405059053361812709334891596907     
     4404128994261067719565363304268922591424225293936273534635564174589548     
     3886624814596879118250318686610110542289014752945913906894738679393675     
     8595130168893862914597734244551628589810315337162123800606197056143613     
     0246752550714917028881771540599804385042769254682312661214052607073742     
     9052149123682582510810269711580213603518448337100965573653721733014302     
     6529938159457902308089336731124108475464526324483430064036565275468957     
     0352392371335615162270368691331609935775971953210670736055831277436086     
     4709566311826096382152472443229664414933491447877796327902946917681367     
     5407246236091965709313756810362690975764018801467602062441966284625503     
     2675714414061267369815415084357737189502390192321351865428703677999374     
     0301075761854968111957366189137393278973481420996427226204003554317757     
     0688201510604005831754625185294755881642347553703578914679452546286356     
     5429846956940378137453432894999471760066215936000000000000000000000000     
     0000000000000000000000000000000000000000000000000000000000000000000000     
     0000000000000000000000000000000000000000000000000000000000000000000000     
     0000000000000000000000000000000000000000000000000000000000000000000000     
     0000000000000000000000000000000000000000000000000000000000000000000000     
     0000000000000000000000000000000000000000000000000000000000000000000000     
     0000000000000000000000000000000000000000000000000000000000000000000000     
     0000000000000000000000000000000000000000000000000000000000000000000000     
     0000000000000000000000000000000000000000000000000000000000000000000000     
     0000000000000000000000000000000000000000000000000000000000000000000000     
     0000000000000000000000000000000000000000000000000000000000000000000000     
     0000000000000000000000000000000000000000000000000000000000000000000000     
     0000000000000000000000000000000000000000000000000000000000000000000000     
     0000000000000000000000000000000000000000000000000000000000000000000000     
     0000000000000000000000000000000000000000000000000000000000000000000000     
     0000000000000000000000000000000000000000000000000000000000000000000000     
     0000000000000000000000000000000000000000000000000000000000000000000000     
     00000000000000000000000
