     2150382412314321468267350702318319236924019302081688607869245868679470     
     4449245467806842906585131141952489979090245394182176611746201533761277     
     0156032838837092679036610668424872304062408306396893934951978229563304     
     8682459232562776132793907704531994486452807705041095836474416083780549     
     0230390628610418035359027911188217219088283125872297883915207755035183     
     9177543271355200990404055503665834755938672006080521342831076146916721     
     3545025224472208589984091945457998535899988336114720868031539844693222     
     6404017922774413344026318947266677423649407493756457928290790932532091     
     4748498024703390129983391186562720855811616063070315128968763861428763     
     9709203171821390626764463414616301558140563599828483710877978790584997     
     6694017807944043685838251621945384987723516751327976806918874981873597     
     7666790370326667138465711585855344304619415740864412086019275923377017     
     6610905330064088055097321038944240135995192050543298747472067957515447     
     9607733796462416465153647424074720465492473013638242837871314470960679     
     5888252273042220945794695301126357752461876582503933248705797176571010     
     1926220000209707153975781470803334594183282353669206436292220423669134     
     0492349993798729552757357196795051500425256904277730566176458965013719     
     0482394453204780224167011545867028303343065963340096471699326709426177     
     0141226159207532115948883648446901260893845801645945751476580318093675     
     0494540435245236816149721188634732254036593046482545702147601650086251     
     6861051759668769754169198659566233693583319864004967373244932032918344     
     9331340665158915030436722745671910985502940237642688982853792209696022     
     5532790036297470809889835139417832265649668624532167364814830062092812     
     0210702877953736578363721125745459289624942143641829148891863932981052     
     7196856217407861723840595839990947245983075954138149936553829259293130     
     5752350174123841653130563048988769043395525487395650577444739127860474     
     7233196006784453016441444153479182410315144069663459667355608770543625     
     6566898477063046494034493560362141510506351437857274463405437334813153     
     3528444191403917014685342621358026600842811576841277950392093469918512     
     4245223869859168898048209286850477277049271325394653096559791266699406     
     8779420342068054004246455153549926739320953038546539959315371731965596     
     7168565515544500226018112178900354429769096679241887558043295973745167     
     5178365293681895417923906498954052607908204465266771956283478988593987     
     4296732673502766413951486077446193129130963638918263368343055647668726     
     0067509743233284316684078725735818649823811555393807362137353557124384     
     4704855260382619471931105472224698526646618923376323518686079590281613     
     4295016068981264786948264535673014739526691698212795278195787045964796     
     9958692188943891917192769982436391708195400613056102979152677199378108     
     9368832653522883808784261912196433200116676287617931360115731993331361     
     5096811384018641032507308010017491070522787827990695793266716368561650     
     0254413837536704517753846015061085858119526872465378059412684737403033     
     4977880931057530667725486664608810994934930956299052883791987181442476     
     4342560520430868846666199303204674858641826894907522638377966220332485     
     2827604086821098565648062803822779355286822401245475304136829358376586     
     6472193376222726532810191549378150434843135820075445192602907277401034     
     1783885184632492340137863726815159010634465428852032756096384676232813     
     8000256013197236956630462358459973702112073385419426112925207725576341     
     5522140597114247496821428667671136025150754715371624027909774607644544     
     7406341731883703682628332480541035336128784101323391984248268443806842     
     8209827158441225584282566790681678317650661664052632172976975149018347     
     8274128198979465849507425121152493041023743947438256120787619959503032     
     2329254913902323799930081133373905007013999051076454238200071790732240     
     3165858173369503088352165331112926620286408392079532743986329238548205     
     2653919211534200658021756485123871449939251188008087241092976810160906     
     1141016296874831044865740320207723432927144762948339321690964617108451     
     6445627293189413888790208631530917988507995548232414635866043252987129     
     6598186549470585733563531044304625774399479550190701366886086376303993     
     5313182675744582910678283483681077386937021643773109157675866501818950     
     3347782913887525671072370884369433303006443950788592310176595802532650     
     7655231451757526435849262045961027318151881961659513106223985883863481     
     5008248940308752650184897026268268764289678462739655471050773620603822     
     2742957113900943255672020877790838205165552724450394060734315647388889     
     7287714771257690093733966595005880628714531758979534404598741377047975     
     5992605357408874511553586187781839221202845698325949747003075603907605     
     3880405812104646286614789316142531298618413265896834228842732178312713     
     2373462785530736431390951125097608433308646941972960942964892407530386     
     7563759486917190357001360209146260363550435172088208042385039086761403     
     8962810560285007084962399809115301483682368126040542665328489300721093     
     9975147220723300963525839516191227380759511477672774482156818743078352     
     2301912525642075534419682414142218424061491575890316765350810759472537     
     9239018298402481924117272688249904371643385497565171901517564765327948     
     8076314768542257868287932226293637089227060007960812144073407899279464     
     7537056142297113545039343212283727229767781033814101584028206305435720     
     0842016803344607768867586179732559276393784903387333048170570881310151     
     7761597407262516098638460119035453872114996365847376975789347443144197     
     3248186874430917013062811301035462195085160541204953323442050511838708     
     4389791979929835732553004183793539132133649856334094324111897071018682     
     5923936619230800909514415772594645896656693796955846230811123442245515     
     4069411737961611465604830125062425787890247907073820678943071291388839     
     1961632589843082933446113237717655278606367695070429108062704345280543     
     0502346729009780000409374304872581635131249059637679868241137827491113     
     0879843033941350032892403594184818849766164691214935744274369283134829     
     7829043708065431415475434079243597641898893156663716623050414943386773     
     8867453505869757777812941330160393381533057810705340967470829244906980     
     7106567232762400180569438607688493706181472463901501154199015473107754     
     6991854759083342467220344552364436286012196317298956223333154822253340     
     0472166771815996498608840235863199209335874419871931884762247280714880     
     4085802043390598572014983027601943650268962890609719800292161464557543     
     5066991261119061613249375074032088506038322166358363121445971189177666     
     8992320986582609632955952433269241691950452613663774666614425352146059     
     1398517752379539364368227247497286402791087999069163577963339458062012     
     2245098903488132486444957294422743349361689323848211840559134190433921     
     1389442900764340642889742806927215707966020536735092438401338525846859     
     5582035723016895395123505678350903650028586078763897366192418855687071     
     2245261098811576438507282525008707921847774504098203496966833511976498     
     5932449313782308465792007167232719598732156615899359489275110952704015     
     5160645919262385717000165224788209842287542579378672150707584117517452     
     9472922531523107291508135403253782081876854432218034215882972264441841     
     2537006699978997490079918142383854697223167734123974354550066409279243     
     5486568458358370733581510044822921760535798050568889411127919187799832     
     1701485128524870514059673837994928496073854132793638013123985415127439     
     2214344401449702831936237770772948834248196184719478711292498314224379     
     3718780981688220700259166596367282287422011719322168282215885997108516     
     3069490595707384706684831627367751230350198028892408551206973353163488     
     0740067661643384438181352697242565871956853180719985602366467480653751     
     0223759941838748911195290249040086154277689624074897856803957450466946     
     0565819480275848264413749271690171354374893087748423182898104503138214     
     1685462610681471033093722202346984818564040199125288845051794492281234     
     5133999761515644541694912715542872012999774684666243063016665806300116     
     3738636982476060935494609823677939962580134458338930341622170966238695     
     1271346136146995890325549758161529946563866412939170292635561804367694     
     3084530754690460313518168317978510730896321875614944918080479108756363     
     6212973117454813065831560190162282281777138629750222062660642045858271     
     3158308525121090730272901757398535434776536121231553294980954478244516     
     5962177649044969833650752333855204426168390714801851320750318653720828     
     2943277396453955655596279532680768296067473237390477903201495361427064     
     8403168303954077525420611242135048207965068424533312311958189814960494     
     5870521335581328089022315975658615564124383101531799797407499629223259     
     3641087909720087534847001439997838131369966701435260812755684125621700     
     1389399175886488734148463699986496853576694326574193458940989845839873     
     6530245090112289502213104398127572661493028367546708905005361585630104     
     6519508571674900177578637371756404092869684754107246397189100904593796     
     5885635864275136233867042577253616138224432769422830686247927381506574     
     6542038896366274374151226331073553238311359314635470843232510074898552     
     0433286862472831109902269641219786083495079030943396252695965930974261     
     9643572733021909475552305602368629897670292597516363550867326603174898     
     7808472470647263541988566565791497790179983027709694210805155207954207     
     6617734484836423901701985745380569644783910535833056389670324982715784     
     3619747962382701555167484604844275098036981679760783503190540908021240     
     5926848842952321056054788774060842534339609685062539684089231389402140     
     8457583015757700131352973728691951724359017412963629511598172472506437     
     8457049581769538713262606498247340732337798299800582399649886541796826     
     6179634310838969365288657802098832762263940989330579150528850300819802     
     3161006456119402907211476615674163597495983085657977257171257336198472     
     9060360298822571913816170016751878644074782652989379400919369147565462     
     8947662140978539230479750706009936433529606610826628425912891271025452     
     1750567015720956558197726817199611573062551431771245677734175999762068     
     3422946655203778449830125924063413620648214528311480095137968340213603     
     5075622606115817785235929895178071210243159940928896317681811573720603     
     4060025151105266272713924018237398838535499284266683920606526207576068     
     2175149165540995878606645292476727356784987669352673146928017566911856     
     6878011907193607175541302123916596546142563037217030741887610049136543     
     2717769517330070804430505583429943375098792207121486698998670108085328     
     0906960074293566706941040412297562674584151628079586869067459390357502     
     0357085570118502163288877740064893223029246428925020745004997759139464     
     5242566725310627163222022078873865035152226951836619527778965547670105     
     3488268036323904790758470805280249594037888427845832255888342682244086     
     5317551227695556220231996637980399312054808921429157312633677464639190     
     1671646191706434303944019514390317271910165143410877726542748293506856     
     9575079754238134322408435298858088766609384934771431172008100006339369     
     9208149941519427667745682990672200191590645165237526119268043541764362     
     3814456761998647333401610892127812713958753779755865655104316927289930     
     5876225537988040625729863067098791488279633235964062552395442860814017     
     4256101320961642727415140443209546602720312224106330794016131006433905     
     9314487629542626315009779871346367483341963915097989766519871192462585     
     6827491569961180578212040922268174009761777447430066878185630139859102     
     6418937312105800065597665215260658086580634880295394631824050125805083     
     6383730203523841081606703842884439173734032971054261942492775018927080     
     4740516601531245668057018193451136931075060172028854380850352992446161     
     1731232491197150471684235660208796406029168670712634531857508150572990     
     9306282983511867964511031087240633390041362984563926987497520138231413     
     9348383556425766081424667238743067742368691101300595312509456453629019     
     7829886650518248531639757371876930740783218285741971838561134606930585     
     6441236584670025507853756727654259754502205793679827808799153925831960     
     0552565530816931086059261593575895484914867711920037421587417819793841     
     2633879915415485465937668421442473724582979460654143549593570546588323     
     9512983920981340797938830283954696916238772582214084473461554720855172     
     4146741126102350112075357480005925090484337773729432769105523930966118     
     1504912404537074598055283012076235542890105274561214739556011338129460     
     8902676011904544076404698894664632662371423037985085452975773527434856     
     8959446466846767902836473528820238879152382831771056886277204262970259     
     7059889967148289024471918516778752302306519177925966325892533801533557     
     9561723757416126581434993058837245306574021419258982614138390303856887     
     3837327359407498756597785553902631395015434386474844859416873997930517     
     2213534872549894545841105169764271038129860545592569949409941984967063     
     8360396298879520610315410389005074935069598810060507593823687363771593     
     1191449190881740665784880455509401670590538032889365621562491681945375     
     7026889262502068401955539297105931777987681430481333645636883093330436     
     3840612858955811621622829486466307007513653343666067884134635960376654     
     3885347847750881777159630262972250049376735092611131131048407655161432     
     3259139954646490114675380559080217233959255242441620623328473017122125     
     5291192320394851752566033105274161037288089315430130343116011702492025     
     6530233377787309689513310314733104028910536708703922921785959657725831     
     3782286740360722350852395211989332610113877035648272484086798718618335     
     1180874870806434196260665303020033201452617431247282031874294452641410     
     9209521322863463027912262761327469861005093671287244959934728138748885     
     2138851519292711200216627355693091638674256473381231020869010205892022     
     0081205112153452108714519725655094451989032101354021409439787849674489     
     8932480266415367301256776633142971911750569164321134131832591610950764     
     6325353278298712392345424403059990907970146750854552015893267550202133     
     8932387573660101629501980544183208675301988600792219056360754209468751     
     7638552716420015214096448427624199989647574578649565871378006813367445     
     1093023909662807891815820627117802159743623673307362488818678490160076     
     5252124463393834133137915533544135331821041235781131182691650101304429     
     0260057111267697631645518199272664084226586801257031757744296421657737     
     9357364772446630664542137736586805062044989285118718458461819154882489     
     1402845640547570715271250873020581000566210875319487263824537944203410     
     4786294459061048431336910732830240299249503751623431451093592878057495     
     1480805773927396790482664078390735641591136666234532606318310249042551     
     7574039732067943200786705739737124538855157665236269095350211976282850     
     7124171928345564459836269274945955986538225527984641047755984895374740     
     2052673834381213472005479389893689142296324978839135928214008130646146     
     6835971410465144169479952353966241864385081829992873427722129011600502     
     3492595736853767482131186039207651205085328012723883899499093373596677     
     1908829404838082335213269790575051838406471240197351594403517616488011     
     4786164105457859686051211618432615186595923000068229870843152682350628     
     2236234981204658034418122916396535119808985295002752711888515991766083     
     3739016736583018590470913321828940708349228345286454128426085663490912     
     5697773612294922020366472394209529585334247857077965490002406372713428     
     9737206649443350557059702588866539006407834610847605329072262196009657     
     0420284620800000000000000000000000000000000000000000000000000000000000     
     0000000000000000000000000000000000000000000000000000000000000000000000     
     0000000000000000000000000000000000000000000000000000000000000000000000     
     0000000000000000000000000000000000000000000000000000000000000000000000     
     0000000000000000000000000000000000000000000000000000000000000000000000     
     0000000000000000000000000000000000000000000000000000000000000000000000     
     0000000000000000000000000000000000000000000000000000000000000000000000     
     0000000000000000000000000000000000000000000000000000000000000000000000     
     0000000000000000000000000000000000000000000000000000000000000000000000     
     0000000000000000000000000000000000000000000000000000000000000000000000     
     0000000000000000000000000000000000000000000000000000000000000000000000     
     0000000000000000000000000000000000000000000000000000000000000000000000     
     0000000000000000000000000000000000000000000000000000000000000000000000     
     0000000000000000000000000000000000000000000000000000000000000000000000     
     0000000000000000000000000000000000000000000000000000000000000000000000     
     0000000000000000000000000000000000000000000000000000000000000000000000     
     0000000000000000000000000000000000000000000000000000000000000000000000     
     00000000000000000000000000000000000000000
