     4008072632717098829239487323027707324454028356764154788948122436328312     
     9152962094371997342846489086693610415436829921491061208685552783705239     
     8320218871930485779456012590172111432013515820991748496688302364167349     
     7083354552580264463237275034941771081593577819007386871427251299760306     
     1082783290072104598417043047592052589767051628964948925093129638649763     
     3875325263627860111749167896043941258672257693015081996452437620073397     
     8688756904306642671570181489092420177005249994492769627556813377204444     
     8471909611215564729748122137283062378233848673356067543830104567043882     
     8036484516745188981522191470967666138186376273730695037825889116583268     
     3441038889756309855460519291604613689496590656209520739168243249000874     
     4587984839323217592614706744812317480462054324298308382726908714588387     
     7332606995793423789319821425779995946589429554728621643217256812335900     
     4470698892157169879906016420192869890480674965629840393345713513655319     
     6867048934230075260266040172463872074964942409174292426695646362139176     
     2922419973233715348858719039192061694172757548695833049851056215403097     
     2669100220916031922941930153675938153005911187803735747850460836191195     
     6072787180365741565845018467064862315102240217873371265680747370549973     
     6968589862111990702952014118284936271144594645275123001350754487918963     
     6129184487291204302259701013787879720074804897002589012207478111255606     
     2562409719578873124010819002199536140309418387487006052112926889292625     
     2923947696555169133631994799208155328681453041991759475203950618897367     
     1394403820605350438495953679798908468156866991231826123318363538055819     
     4089178663367982602603130412179934979489503009811150021270974174333559     
     9922220607498537109887633831497647940182914765869384665262876834043838     
     4265972057234667945919120876922689053023325494878550174452445218142668     
     1126726808890620495202828896249245724357419634642654556393863469923744     
     6493411651509841358819228516094728450356938326753965439433604661822285     
     1101980483454282253219601944396922433512972092639322845836745105888508     
     5831626085600983621640443115537742963745720634389727385635238021345424     
     3249606113651321233269089933578929459361717450526472546799189479240583     
     6123299994722620037354632145638111508684390213294677271135360069405571     
     4523379014323312678583240512470512951603570552622945757788421869649742     
     7054010490285069301523248053492399800772641927835435063827131468269950     
     8516023786326083279964382000275881984470140646402648680117437141014167     
     6607737395138903309414368482348689893138841985966597902220750242342880     
     2956028061913898414430750847798574862508118663235499266066357347623907     
     0161398647533432641523985844470625874466572680410584525695402311048247     
     4846112549382495833624618950276275716796898752572212862096546490199458     
     8873924116946497498916044661898178449182783847361707713410952500435887     
     3548196580650489196077034028476617706448498574339042357267869921982411     
     6161537543412969641730721923293863055384412606086339546595672226643146     
     4525952207966457046362615337401179131213817794272968062364361526722594     
     5168126375380555995410891242396633608593098428971967003423116920969149     
     8737257758931629668338007428674315902238810185832840237814959814979280     
     8119115814703784159980379379637944395530843018557436385426916862247535     
     4493910989732722338927822233905180885211493023139830395886071261174355     
     3861388597318921713130559948910194407575562207764385861570204411002980     
     8804555917647378958158518888923252981161601188427470471954430878886667     
     0687984729779855868880134170766503379379970548765607341397325483343214     
     2001885579574734897290333133108199413057967388224862236283887121278655     
     6484611903959873731477869900843312215535098805966974402717994927477110     
     2062768208468414791381131962048485208593558050072818541167167249825825     
     5154777240710151929894264956480300051743824188752236682249097223875646     
     2325525560879794744127068535158656154720569354820696821824195758823678     
     3867318476345192977771403517074998278965859490278837940835245142994392     
     9001412366269161915034015194705245335724431703402624729004101346193406     
     0287581184468913153956117574966685444754824139109187758335218031487656     
     5168389818914035586160787879989832976187205056658143069760807138162482     
     6540560704458103054441509337068939078526303014566629246419290644915914     
     9746661684491414479108090244680728635402429235709308795027710827491130     
     7993432515423695578661961052024416005703276821532708150912277420786987     
     4710094263819175698664601951355909925770583748386116844963804242930476     
     0366586610249016321550354824515537955601078786953714836050708364331881     
     0893571115909347204614911821621418206001958113953415965442432858529504     
     2639563715024364405462332007731587424374426935885008868480333816249696     
     2454841398044220787424476493063120208565376013450979664969345846319827     
     0822882234860440331969448729622966772548319989404111223653090804584283     
     9725209343077569914812680140454199595489645403852873683616589858260326     
     8321341822844981828463096162181655398601517991735579225668616028974985     
     4936479149039773548963676213110510240231079681187086949866366676813670     
     4400862319385767194865880039135891421292817800360715637694606711390072     
     5202931825047605517338481245882838289746610004656734905710569153099130     
     2674876909845736667622333582836593106243045552628664131031694693915225     
     4315359374730117029571958435813379851782169276236494040502253189972867     
     3023060070133112579893018333592370248876838629319489002179989431157581     
     2975616803451117228946906673240242056545145309061702316094869117860287     
     7804837329224798421727324368868010500104591076056343204978106866479211     
     3533538443232823132731829045107074605184552728565684134994196650437072     
     0689653914276367084774177379657482926500305289631208219470010196153843     
     5627572943938940863962365505641424318909681835996027032001768829281213     
     0638130911696117572276157024203369523035669074675005747251136951083029     
     8182170760601047798494011986733257123724371074231942265714427455692443     
     5386458038566702815569197005006527123963049774300605785690305768671802     
     4243339514552527545232327762044512143381127036459449792607439226118740     
     5392243375502355474890900822519368027993310430464869588350493363058588     
     4972716691787567236304167555784550883574099523729861228633013595010141     
     5301979356905256969260419482840550510824391124500220863823091274869495     
     1278707933086379666667523091976913238606927620361839260066066308591301     
     4332239512042169909883649681747121418651311193774611987957066988522309     
     5831023101823894993722029289391045758711593713550689150550405826331730     
     5058118575785240070187266184703658985188759590663572645255888854517075     
     1690709574786389817095829163961453742238168585222435558414997625376967     
     1314767465075436564743923709792030667615320726282467676094576718434353     
     3828423182308855042467118419063113815052379871917637586961795024627958     
     2563718550580121787160689861779492120268358552034505193356225217322261     
     0325588261358242237060596458576333711445759202437328664841267598118361     
     6123877325077319110069439289786153617391246331799463551692392871473139     
     9224397105383524810103220369176249381709827191762206045077846164072133     
     2362277804481966015731388821824853749607129741983142390421373078549578     
     6971299878560563981365015258217653597954130022465570569094665473289032     
     8270485830843508638153283535135994631377938825298944807101975069895822     
     0995481098817942509255101338006331374874629814636554647813772459914573     
     9994866134678438783720893516461491351879996607385803643925700387201542     
     6119094547868369357715218026053362455410977085374902954169624886063007     
     4000043734472974739592369141193431239673220351453873682689975296171447     
     7202663333697630241727242063054112763322112703859231701307266093882424     
     3519190447888744535763547599915987866393790603725934970366223135998243     
     8710272841379352312197368363751867386749464103576932286680592671039860     
     0983924560043181544511616131724915849647492481352442103412194370603459     
     1377809226378358193244102463260710935862117498319798492393574100405969     
     8607987812163551357524739906938916268783114696893578046293056604602931     
     4770936700047039583977677415232753048485367060373709438026871818535976     
     6282914898367449330558665863658080249728131174615927224598040598449369     
     6117682161728996562401419950372657075797442433162951691096829226359550     
     0265135370462014883626396016676025393551710442704916770285211312841061     
     4310721150963643778467543139867821730620331007326998505163210206222353     
     2618970452530639704373503406355150434344531969128125445764831264961718     
     4939177093132935765031429443230551318829290721351403557769864547107150     
     1481334919381613378117767655136059593255388064521200595728334816276453     
     9652683632131421305268354938366706498233178892035600063486068164051147     
     3359815966861470667540961359776338977887409714344249828078517799526157     
     6375337745446553355679983229867899694472256829667471150569067818929014     
     5379293230048820380823762580691231301909867697181660333593452639602996     
     3830722422622634069949896165628014392077916909716872670810768709586980     
     0559045491717586655034699217102110895591458284291242571918311270897978     
     9103085707153791559864904762347987070159969706282357548786440066309224     
     6929800200478236714605905682781921935647231037084031806469005115363381     
     2080651706453816415005695950622398126686692471696177292181785960948647     
     4384087273902096376169442395669853487663590301996973698387484930721474     
     6102537151729627153984401022271228877303229167394097700764731905304283     
     0362987121032508999910793969912303755027047366984275303888650068486348     
     8149248329994892722258105193441631129590166825542947999240876812854138     
     4686823346119909412184368412415699238755778677768896932061255502276655     
     3738681310002248618229236705732970015343282081222587351958282516493693     
     4072608212588632245915356454477250676632552038441869738615435007392971     
     3077517346621094585371327634740617745584383983169780771889644110567274     
     0875508654117846422619367373316740768534685788622212144007109353537658     
     0696531910418752849047670172337302957259623698787226350296873104221764     
     9778972892375686937874983096640554314824292903895138803097260783626322     
     4275190148195817586308520971192332020341957950962298213743900695411114     
     2658185919489173599417185478625872392060598220812530376348461517419096     
     1055339971004113179877377431464854612139333476790870061751530521430921     
     2136634044316252900351504017612611085442730386480122334769369750148422     
     7318415795843380199728438584310195012850817017971913271734071868553145     
     3909292456609829313882114184059888050569585400203545707205264374146076     
     4167496918253741521304534135527617473660424894200116290438015819175632     
     3062685359697351848599233101289132366926780782278353154231426683660754     
     0416729574227714056981595111478596502839429308647960333838350754025699     
     3439525330558605140701047413989893474555337529644252947055368697857473     
     1884102008439963700384022543748588740183739744101501121209896104460135     
     4711235451057443121425233473797913598124958093873125643096729001641161     
     5853445815482482160137274776565369765119087622585673023053907182066470     
     0413813215282322674126601906922484848527333640916829409539521411386216     
     5044109128142617474573678514865813983628104348592854290233678275991782     
     4921790697755970185855752948729209472628591379133270363433666875174132     
     8744432636942685502660417812036738335628094067780154335448245322382450     
     8171199689152767723461140693412704059820540599131747110684780002982384     
     0776339803780817489484678172911562624878894300423082297190602739615810     
     8168013108913108833565905549859206377317663394123328506909397098472698     
     4101405482451324635884328531027905673401461797702792367828202343343019     
     5346969856598236734051067302657300690032000606708091426247528635912033     
     7753143997068267551674134086356584958051235227878244114811507083313641     
     1937624714771234646269216043588512305494265391014223006755338095447310     
     3152291725235961609488701464769137180845937525200712972648354192005053     
     2958310357863934294815833891946853211594225580465845945794452851242365     
     5233319415578318788424971433433059182472759812128254190741971124880855     
     3355495382362813415180175400221544412140112892408572604380899575051369     
     2998129264563566235121412021020021887280023963151951642099372965340712     
     7820347364510580882183451857520774282917662951897436337530259642367829     
     0184931332301757359266026377167274009636005988733353131992435904498760     
     0153209962886859518948326423212608478007687698839528805397012302733490     
     6071541622614402727159340372881107665126250696608399456737631144392217     
     3895019532645047731004355526622407858526607035933079436641086756943542     
     2629858563213355866204071284137297485616788674792956427337414567701431     
     5762793148449409581991036393983859266580346058901421229587199367225619     
     4721633575126727645036866029771274466465947049760421358250883674641909     
     7782440623462790510199824925117295478330701884143428153263651917036898     
     2721768511348854677546683887636351689575532610081768245944225848264033     
     8332978663403613565408375775052032455137825337569312675080156706551915     
     6609769893265535663940490589182208011558296048292571820090699429746013     
     8697389254600168200610261864594586947492734396003210311685272043670478     
     4941201548270022650149043565863159530072939373430164169494721451791984     
     6804915151726094198405370779807765182184689341021592695536556729184268     
     7818374464979528645335618157239530093457329170440676425928175696793053     
     1937401855487776106150999963203684992584894551011766379677047245023050     
     5563361931112579808508485670412781522600273363529698318561272300327673     
     8445501038435604041475323617412978650027732945487742011649869218377209     
     2280336297053150550137281351657536391697367742292834117776380759783886     
     4787824581896023914717736852001867485196582770160495387133521552603302     
     7994132039945249458110494665733845349789234059162420341750395793471103     
     0787149439873062081001714045275099914022530908366942042580386063957105     
     2643728815109201477097124808035932603685467054055724959881142278361116     
     3783921477445007856768518484790078093647885700860725074476403234932673     
     9896166124715065421439461928860880653830555866240733653186488895246205     
     8781363658172404123521828719017655697511858724136183362128488135760796     
     6219384370595782175820521378345686800584922329704290137486524335173763     
     9142442566231282460058662228704000023485905942696527999073737437070750     
     4567150265024682001171567586145615113474653107079262958412677282717358     
     7571709250601463480156770798656196511709421745467452806045948605252559     
     8663014504441497861595796131269029515624179980376280275316350424887034     
     8744255080032380986738087788937367870049555805247794763412509579633419     
     2353714963245080527522775901379113878797418335528644438015653622503402     
     7344203619974227786927925305275658615639770393256745784233595886574076     
     9007755472273176913727600670589684379363000508893702917987475233792195     
     7030492810084317495692878068702652887839275976725708281503055928359123     
     9251521104065667150200430593483468256544634272140443819809662639137359     
     0106658476601811393852643967330188771580049484024932874195543646924932     
     9763247195210927134521209475752821411608426851629692308184119923601707     
     5971360910958638167732193759247705938486368345036058938688704628897829     
     5091063768883243043969715014830596825510760187458470111840539755790717     
     0307449012167413752003977378427683160194123168717676540329049774680175     
     5812204567903273248135170072861242922207320551356818663204659644994353     
     8964510686320496435372063903745929358478557651921492723826786272411475     
     7056437611700500840546072611639688167047787408305709885262078753918277     
     8904358695911151715334586309909932932821097630579335627821167683651885     
     1804333263880628448426026413042181666196069003401272690628178884423669     
     7626633465882335631953208720601973388295655358592853996047975507194068     
     8643371236198496852383633313514257828951331702886598861124094652640967     
     8459000867801131761559731754491046353209731059923928207048042450767887     
     9222952789719026553165721537103054000445179164718024811947474212164231     
     8215574664855293177926668856810177922662081155425489207848131727062713     
     8408400722864578249784361122764281480282630568682597910173545666948119     
     3640322348658055504716469409036934083366154946553359596850998345438687     
     4854315231608695490443810852158748234817551222372950184192032286194870     
     0915951862741272192984726891565323950014748860529289701239431637871365     
     7691277699962884194178491606795143163874760701475512076983632727960049     
     6660118947756981159305539204050019439987832343899629229705800201355677     
     5065818245162559577021980761621279473124621502157097386105209510269978     
     3790874484754335787617359961885490762338108584097705823167977518443073     
     7586228354070448924750150067146337325008041391238917499933353277849792     
     4308989957096815603200067709872045800184915455759106208800581430258356     
     1201237737387400085334725608122748621075275099840007412892870752344919     
     8320570262696434007861504455978532570511096176682055767060026491311097     
     4781245456530943326371394975741714869629068588089055777406232235248533     
     3808641529103478101915207221309870673361154560272377997785767358347706     
     8518643784860038895373868507245879036557750902084485888592834766952040     
     4046648412012966886764194037760000000000000000000000000000000000000000     
     0000000000000000000000000000000000000000000000000000000000000000000000     
     0000000000000000000000000000000000000000000000000000000000000000000000     
     0000000000000000000000000000000000000000000000000000000000000000000000     
     0000000000000000000000000000000000000000000000000000000000000000000000     
     0000000000000000000000000000000000000000000000000000000000000000000000     
     0000000000000000000000000000000000000000000000000000000000000000000000     
     0000000000000000000000000000000000000000000000000000000000000000000000     
     0000000000000000000000000000000000000000000000000000000000000000000000     
     0000000000000000000000000000000000000000000000000000000000000000000000     
     0000000000000000000000000000000000000000000000000000000000000000000000     
     0000000000000000000000000000000000000000000000000000000000000000000000     
     0000000000000000000000000000000000000000000000000000000000000000000000     
     0000000000000000000000000000000000000000000000000000000000000000000000     
     0000000000000000000000000000000000000000000000000000000000000000000000     
     0000000000000000000000000000000000000000000000000000000000000000000000     
     0000000000000000000000000000000000000000000000000000000000000000000000     
     0000000000000000000000000000000000000000000000000000000000000000000000     
     0000000000000000000000000000000000000000000000000000000000000000000000     
     0000000000000000000000000000000000000000000000000000
