     4824393547713814327539282770989971726051429528140070621372776194632638     
     7906298667536462524208367319868298286637378078901311849315121611279524     
     7977418716907135775943115295289533634823732292105096925942995579159331     
     6981692726923258688023542326615925797946467087392402729210296800545680     
     7288773472949088831426534250481245373156440376213783237767317078080213     
     7547817284874698521971713364500640814006434713690219529902765374028379     
     3139747228063463735579891092362740986077919530567993275409071872334709     
     6864271616756474989899051975429258984960657384664750246189038470778872     
     6369783554741882440829127941233869994158724076191157502381646770978930     
     8870286702124893078330694628991726722316252517205771556153643524860561     
     4097132381522757221279014769431276697336239438601458951179242461667507     
     6294488260631691833498689243864524325930398943578542156547735851472263     
     2145721284215540468488103414488162241011524541416923495679268059967518     
     1346404974076896512558492239986144206655871673674122450288068562750329     
     5584544610421575167332217425745118865046355554023337493733099257713263     
     2691875103959370344565905007127397460845309397475678148538942036847520     
     6016216142494855600305824069767540920494747047677894928682018770812138     
     0374687789807981630071024135517233941628813993214259491993115107606439     
     5480598453916104075470986064387856802266449727240520541684439682600372     
     3434537886643486405670241454032791988172058908759361685492394941649316     
     0569994518589585141635680511792437682344099247801370228966555823115702     
     3482921327567647045956195468098920970705662165704936875239094194756140     
     4850350986916328173249471336912832362877080985002960314597758070068555     
     2705454097102859320802633493656587013288726769812292882288855618055730     
     1955545162913469206799213850832520948900907689445025402000269996820711     
     5107100690641021355725110529108855402054212320293344958958428746612698     
     6122471146162341055161772404329439349881990591896418550448598315335590     
     8030684376348225767248125453597305048341322036826701216874199791810712     
     3455794073920893072345353376966855671759587636310441787716838363488357     
     5826755692035156847281110963137438326115847423979543201509009106101900     
     1722840176195514233491971540690068207576001759039230866380399859339520     
     0126545057575106987320282108158114932788566607448670294032876547420075     
     9639022369696612260551882798572917317280178618762539930117122891934637     
     0806228195140452102746386248383905290818711473967030050124779345395118     
     8070593873057139229786582449322349613156770454704847078579480856518138     
     3738499708076888463109685854154216650665641271206776449933445064891391     
     0879779735586351735486538822548886119080999372100194323210659747015087     
     9899629023591984601287733214785123199336399550340765952320702800723895     
     0232508734097176227495148224024945392686314992144992054735529505470461     
     3201044144580266597850117389398716187079220055544339427264875161934162     
     0206561404330462399821054331420324564960722231543410414917445183331661     
     5114921754697723119696553487989457794397052962998598718962418556540392     
     0704334333444545601559100747444428138866088000673422022474060832296064     
     0772093389149126751785756539732878938903871219852987359376304161798253     
     8129022897069878605699371458727231996430016624692188640609199909724400     
     5029688747496521796791688038482254815416293879649034183094714852876521     
     3296917796498737286023149573755904006927791461507469943774111177218789     
     3046358106182477198238452110758338201318525605974640078058656828325491     
     0987313527520828486927205076009239145220694083481635804312097189095413     
     3862356939300765918829406169887953389185299856013606944937897766811089     
     7431451738945574008316069649385331542631205788665360492821129611419110     
     4325526773239802331856880350725706475706488324318944376273600095591111     
     9239084591953244792054959318206695657662357770392371734866025711719080     
     3115586925737722262169845811606534653088863276584771184776053654541413     
     6925767317749882192561542175173640575844099243341491950203057218623220     
     0548992915971603381677763270597080606418490796302305642760442387205261     
     4779229128103461991661058924272700770830289596950218622417419354835242     
     1470354365183479460933734462839640094590806546944106679841999985374340     
     1449806034738099909763037681598788270610720507234573956483906445194955     
     3071496694820645413897765226985729824350769138429855822404685513469880     
     1063270511886556294668603197056704335205789986685584087104130309169425     
     1965192822045492978420704662654262166144527248721824259997221018166709     
     1110193443505537764237696368159509515421232356510661143420945908670909     
     4469825362371323081595714005108693806820468918803482991758058365114749     
     0269224601708837400366915874422508640177241454421524622658537538975407     
     2111726007612762794175237914924661826140943959107549449127101504211475     
     2329734692627984741014326078201411142729750360559625848466217611986443     
     3947734282483234255954803709390016147011586943861439925639502122551682     
     8008797126297494209768032593854339813725245374732899687368872764502051     
     0433643408511311350585833194862754031641600131097324092693643228749075     
     2724687275995526471264355120808549261651147500495601322321017880783441     
     7961479453167257950373054069251593194411294783451787048312764859137646     
     1443779358023966802837060067950275233787861473980943512677560706070674     
     2696579898369029309257544584486166756539397066778716825468520285918631     
     7582878088884841967041634165445368796314613160666766375105128328534064     
     7138744062520650214900265022967672534576978269860369288102241247172817     
     8576895416624991934966138974916638011160020511129423889955476162292203     
     5061425960011133802376609071592948583955413984333383312860431769838479     
     0892366052325990494136600335649732858488942941286307101417269944346187     
     3658490879845609826645469617770938582755407655019349075489148824260593     
     2799331298977327196676386993972537766946780296016098286670490527708920     
     1831888483834513129505811243286741401381231283628974589132664281665413     
     6169314639080856142068232809752765528652369123673663992832147826243831     
     5164487933370197715560084480599969124265514734453455661665264722535848     
     0836269942763882792019024960718046475781400420568686907609708757206769     
     5488569994548233357799273807915804138677271246519967282762990939143646     
     4765004364430763329275419802078599826492060094685263927338322303389854     
     6167059669560873584676811422314014578635736883042321379742898936421435     
     4225713732080666454396962284237046646087725350541652142235498443149868     
     5379220257934781728305148304561244610600905071436199088982324656409757     
     8715238139169984116504929968198828367241073993351033073421909893417216     
     0765647292989600301145558588403993592996912063530159153119584111343646     
     6401215959357273479216921122696211329342085839696849116499574796271764     
     8676956841993106858539677396599422696156610203646331443292352523960379     
     9847941260128455999099640705431250882722775208933043190213128955635814     
     6806880036382501632921489583265358908248270461611113961164695438197191     
     1552290453114921765580622805714408559940686691870496855870204199264104     
     3445699415191036948711552681468224527674289471207312211818419867736804     
     4724852082654710644572076931127578123385653748432050653666353897193712     
     2531744453361656379934268834315560423030055325300710135375385307558145     
     1255922451383567469860605855351936022192312414739371673904898823880723     
     8878380953345620235095731746286497380594720874476556510288967004778336     
     6417256735432466040630812011068994006247133722059139115363665026143576     
     4699591569449209709778431868533940497579506957108060274520823260140214     
     3796432367547849800087716114476119138932451146642232263835332135057960     
     5048876945908249042150707993909106230597503404703597589764947367625029     
     0313719992685956961328755110107643690794044711490442123319969440420762     
     4980652496142056918425215245813030440385737639676611532301758755316739     
     7919338578341942720903833935185451897829965659188893174888470197613481     
     1334745794212908999205749050111932126512842608581752987825223431988179     
     8566801818476423641376479501331603774402400943798195591187737039564780     
     1535556458696429975614988197847687105127570515403762661113968368873128     
     9337729153217060525855399517401938489319280463640402430941512057054976     
     2992035509702070160154412023508127213587815435556930424361977778201330     
     7074084466715966569706743017137163614989054739281445623619383199577194     
     3832292820216706936849717969652575913894756752039506508226255265083851     
     3139216769981285199899070429268034932709451374074045989348394910801106     
     7098233453052039993333791746123987857081993813649201681718763753679446     
     6516662175539202897468082249261940114960147936995230061394342975150481     
     5250711145056958395298524413888296807728673897129419621917164259006130     
     5435998494645109362864005264494064417462967239255183799013529358721384     
     2459365117614062352746813781040577316160949938980254864584307871406569     
     8090123157575357659805848954380201027514127717309199619536916210423156     
     3628654536747404325691850861264001138598675290855902085113093142415808     
     9028296216716806092904639449312182739057432733973743455839681292093704     
     4530519289389209411694453582356961634798305767053994647159706960931207     
     8355661562968537595039963817244676163734196984326098848077807549606939     
     8518546167076966298949948056913884816816510910957178951936688093106528     
     8583783582974965529245487852330836038008080143267363670030228568063576     
     0814281714625634850850511829505027670564372125991335185325188202858716     
     5101730591044488649857501930268249139517413061460875360387976085067784     
     8584737060447544577642521279748049072822021213652421829714378177022333     
     1846654987311417007294047753719366151289338835461480145788386335062332     
     0789913794432415968378134006368965546557816654443911517388884828869774     
     1598675353838231120132508220331255860893976168873206888720608168776316     
     9108642811200291632533230305582308620912397969511082708886930728690826     
     4298866493747734613427958488137892419035390756190803638029347647343593     
     8327899701761548547446666277085531487329566238773445709700223237731881     
     8096447681965737172991116883583844508447647841105947191160418601173888     
     1759546167379273353719080802523193816923761091552075386052618176041341     
     1775320657647527181688852985900183447975048363684979411125470571706507     
     9736531039246272122180941903037460566838207897133918073282249997670316     
     2408407259548502895348275089589508905100330248484683079372208757327294     
     8299759000357216781854585244119844061072993268429003385963397498685913     
     4373015731469118711091827470182088044203228808844733921394811080623346     
     1099670349020551141367181771981013888422051341490536743552093462585233     
     5547889132083978273525524682993875802815862131193121594888716241864640     
     3668951251720857719523850444598484591738439683303128544234517549892807     
     3906157855642775542056181184072874267510466396998018171286749675114796     
     3979225892338632933974885570702895689475497171432019823621181271286057     
     7100814672957012945660041063954864919087573771486284364434892166875697     
     1516764143897015343215395446291125539706955281315329574304691434873028     
     9482202509616393459462240551967617940620755508226070914681762590381372     
     0472572398883722559251493388805273213019437742683557753890062933079351     
     0641652131549259504453364090263613292936247221579332487218960114043968     
     6008506325557013948424796912864684837865699147664520858744823511711058     
     7235944473509113779012908113292136776629734302135900800409586965379081     
     2646853362642958493420858749737936833204226530928967402044321571967977     
     5522938893165381498557944174982607060927450533757577652011947543973859     
     8872741284729187530443810269469007743831907737672406994629223022037762     
     8602257199314150407847225265013037021349164148084914802015475074425116     
     1761149277767970606352809876942285041768634383654175298743795600858290     
     4422647797056611534085130246902119001629350980447886538042882973321554     
     3676772263518081399047913371701165461698000354311265875473832739432019     
     4625588126538246942108715779476025705189848136504446933881098493229540     
     9660507970024066359141313696346753627333587705127440866461797075279614     
     1196918188364152034201401858995909199695768577209566214708119755624190     
     5306738182243897366691451757333748378970019385805912110054548806822013     
     0765832018657005117369274759463682471817336237179826683658573399179419     
     3683616580105158522302799194362739387462526005001442936094877582792824     
     6969851683779853558414444666466101081291830072259904619296288663363378     
     7348857632679953673275822487434731891636462872429666119940061552340927     
     1761528311682190258456984112646889399650592157659730563346233160924303     
     6417452539619513161859652615521788566601361599490157737479348021270229     
     8917618300204661263262667921228360806836234406154820664986354234477270     
     0136774510343451905070045508845490707728639866016577170951851099334004     
     8745606303203597670732296540525306194682762604018382993697742434467158     
     2994003041583413058183087058925719716296032274878086214797844253349452     
     6087608641508463440508036792505594931543325797335730883902189148364262     
     2533953513719031146846308439273544607119022759212835033172970641173913     
     3226861139171674459190226499321527466117312434737290227792574322190958     
     2622654529296772186521483081967143700767856527281193018471993865523815     
     2605877253122708363848206157194176190666999741001680051318526298402032     
     5402420751713534277854079470937724614877413699704546725184530710480298     
     9984726559135608157965927936867190718567132621018340002272925154360213     
     8048599943678180784328406126084710670366346790270531151335538194519940     
     0943698942381350894200290956745915414074440859764396173585895287275511     
     9801995379014836128576371690859654447791060144280518633029149067302302     
     9399222520562446184517900670799228287372746079494855056896835740154305     
     2718176199084151737104749809667706883704655718501702609866739332976823     
     2484582775033426633781219922017158342427745162911351345236666285640975     
     9999801514961170646061025504070419986391201443025691624700016067815490     
     8507287654994926607236762774831393734351755016351112326800144262517268     
     2346564210323668407137235933805613918027234029249430773795098493742615     
     3847298583124486870966631884104424625216058737719205119340399314603262     
     7644551282956212848660566129856496280230149053741478955619613986138428     
     0495652821359867526260281674677686793640355626986482383334924340952577     
     0020362843247307987929799047915530748145166877949451101031745909368717     
     9499778017257193909553016829032133392738321453383998355997638092244314     
     2330056349447623534709425263254814319138049340906344626657130839497412     
     6396986955203773518111609206503541657071698742181136330094597422632139     
     0488320694475802575578045625721092040854668665608555389707373481544111     
     6374637173573945569756287674945519473843233945437170850212261778002545     
     3520341237537338921208129982937258213165368309556020947305243564181374     
     7498898727630318424954714320711405561132775278202843736660158521418437     
     4692905865642069714309941828374971202287344917981295033442117143856709     
     8495802849393980827576672884402784384173663876349590714542812293266885     
     0512359590224683467536259907803343758430687214530777115723096532082411     
     3676196423406112123573847124090705376087164167248387649123170134499884     
     1841459548885827158644219336286271549254736407146041105771210515219436     
     2533215671116463846141268303880149774108743466783773131264131245884814     
     2331309620673538470254061670820936533316410363573111188419563890779005     
     9620096508205234041234411726397520864612619222482799466311005616340147     
     1838888519922524503339305025612686021890079424754409973448539407219168     
     6799604077964548661051495052353191542682599440089249871250035288833690     
     0987331332699610246758558927472611955335630243614317900883255667168953     
     1343298864609164319604963855223928380240207061377555810043606412685801     
     7946003089652606619995446996145483348267452939121886130307619104154617     
     3077235723599121776709296484481522125198810689072240892823123311039301     
     8479301203603787871200933565043963200391131261947045017917614042061705     
     6902544018292065315413875083173275543831709421219691979310022112832750     
     5308912685873030144615587493096060321884327424969241352971876248584278     
     4619038581192957372813261490139222303769250198541049322493232177659538     
     6341395670924950175482652124811220437324776597170557263814271392318292     
     0494117032479873686601102533853994543670739793414271523080497420494866     
     4773612728469756594974725676304950539242443837863846365115173289403257     
     9965262681677074707056269029861480741974680403903319182463917580444278     
     8613891264273014202438956797135541228618492204945046251844583254007186     
     2367110783424282443447841443639239111749034629271295642264726933066190     
     0207711167555228260270624415127357345997767459017667823538845072574300     
     5598461081480325186170830683494722036425562960702107332448177489353880     
     7127253634390143600122023738638641032127591750485956229400828276867010     
     6759098700801874855538298697481004737774676094367048564013540751939808     
     2084758854503054252081166783660857275757777017792529155289128362984824     
     3483227028472252646442436038675842025906334802193864954535322880316469     
     8824745413873746753692383878145576520449405219747241877162229724124298     
     8437330390524428968657651360425635270506664355037829818652865692588659     
     0969703541863581471315879762680007320806793404817762384932967133301867     
     8769526145279217388781974876508838856063081483502685551818879647971353     
     4586749534744735705243993733377030289135389537148057328991249684129382     
     4000000000000000000000000000000000000000000000000000000000000000000000     
     0000000000000000000000000000000000000000000000000000000000000000000000     
     0000000000000000000000000000000000000000000000000000000000000000000000     
     0000000000000000000000000000000000000000000000000000000000000000000000     
     0000000000000000000000000000000000000000000000000000000000000000000000     
     0000000000000000000000000000000000000000000000000000000000000000000000     
     0000000000000000000000000000000000000000000000000000000000000000000000     
     0000000000000000000000000000000000000000000000000000000000000000000000     
     0000000000000000000000000000000000000000000000000000000000000000000000     
     0000000000000000000000000000000000000000000000000000000000000000000000     
     0000000000000000000000000000000000000000000000000000000000000000000000     
     0000000000000000000000000000000000000000000000000000000000000000000000     
     0000000000000000000000000000000000000000000000000000000000000000000000     
     0000000000000000000000000000000000000000000000000000000000000000000000     
     0000000000000000000000000000000000000000000000000000000000000000000000     
     0000000000000000000000000000000000000000000000000000000000000000000000     
     0000000000000000000000000000000000000000000000000000000000000000000000     
     0000000000000000000000000000000000000000000000000000000000000000000000     
     0000000000000000000000000000000000000000000000000000000000000000000000     
     00000000000000000000000000000000000000000
