     1727861449249172166926135504050396241353771212768326712151610448257446     
     0304584603972230703019236145960617818731016514106219892070365308935182     
     0707886096399762032831957556626608089979604984193657496420584809428070     
     9415749699364824628209379780196317867688343196263904165858234897988027     
     5341495555061726442315585243880789281780791703275373548167453987605215     
     2897650951872497053989333340942633674255787863179821681841779006747805     
     7726613153814185836114367971104014172744726239727401212870860465833253     
     3950651015183106710010125390566275801491477922975773919714104579421837     
     9481882311676421722703773352490761894381118974664837453574905997745375     
     9378811516928208875316780458502379297001357773060648510794650268002520     
     6176534481168634283572046878857696473362157123766801286556454206451625     
     5485770411820306506892946923470691274367972365411449450659735286014382     
     6743710972557677511344621457459126884631510787073057302757000414723127     
     4047161207754253198708581024904040662522824152595876247146739674351745     
     3688210904432652830214592948028081480237010219265832752728558170834942     
     6481067503818784729488601239138811419876546998174360427545230728696528     
     5621425889611680680441720136347220161919274123509349525296031185642285     
     5254081140770261857978584947337113215444615766170919074333357961842380     
     1131403582925660248117237829303729641141664631594452156258532707287035     
     2758758519800024193785659054210631115309738806681005910283073771872849     
     5658954878674140873245680358348320614603918928679936547890553120287737     
     1494809010812557376602158425340765841283230628810554386144178808907606     
     6847916359556731161107619985495667821474579120712447752902072877517648     
     4058083427878073387804278732173278190327551676712742999559370681604272     
     3826717446695861406771249700782855517572861220474090483816708264060314     
     4866026002234954849391519692696101768462534892687592922523604180036786     
     1872935067909604642806089184839621787551126906815570270876498635575350     
     7677807213163502110843463112761938785806472125539039877811144103233425     
     1394986284088270857933134990699459336860585285577351990215054247212732     
     5614394385251766178425454026661261484017336357536612318191719443857375     
     0635270901362339924615525958531454646809819101273538364433921040516644     
     8640000000000000000000000000000000000000000000000000000000000000000000     
     0000000000000000000000000000000000000000000000000000000000000000000000     
     0000000000000000000000000000000000000000000000000000000000000000000000     
     000000000000000000000000000
