     6202014640616277868268862441548532173469117583851412217667706092157091     
     9791856514103315512640825467668602565034814939341072028247869877911555     
     5378900159375401456000086025258830107713297614393843992490779138234549     
     7885414572333671945707998846874114628655804206830328307502631638048758     
     0112897110593725765607517576362582775057210269702838725661216183709260     
     0247320539290019545224728852241795750345173836288726021066948021042457     
     6982960412151362202909454495923344453264670972272276185448949010176062     
     8545462194543935134599374056924302838113841234549422108120187846454808     
     2621777377906462923876848071091875437884996151023018474353700140863417     
     9638347851449363307549525538649147687063115160199645959820881321995986     
     8237012387900633806127897122693509962084015030099936780747938375468479     
     6661390386417591300395239679070991715115631813968617293740048950558510     
     9454585441356379835054167010036901350437061137780683471873949883937625     
     0992776955543547048752620471056742263044483961781421390725573441322039     
     0411038574923800198125801544122424430912183385928093871527532182056153     
     6951973388799445207870693637182684358535391880570885721578462227770410     
     8527853993414243607427329428893255772093523127482229004435696807454375     
     1826652563634344354838749171062322252762701369183266135184540287806755     
     2796678755413353355404364701817530731264400185746592480328447350415329     
     2657814127645062108336062330043611523135583218501320855886578754047470     
     9561214193072447361971752784940517697651568203740970191836700658018995     
     4602303790212126955074703376119238822363381304315301934279033716242916     
     0648786575217840171748263623326587521677845906183267136967717161927947     
     0295786352970423793952172427270579145806607198871782548444000644205160     
     2404890287728631597772837015500194149727629692636940773303282721231908     
     9023721695421049200301056057141703017409223611074690558717097137121487     
     0722603817422911736798463230904106399463217410093381962647748641852884     
     9785883797218323698654588678759573170621060488386955598826436929857641     
     5334813903528560819651279561830421882790972336230452845319354087087285     
     3468163597405081580154422409122945110527564481556321963740487447203128     
     4402695374633125543668326188451315354838966709739603200507745540240354     
     2495273298427906989596310064096366786678961802488123843236116768145804     
     0648768614525008372573461412248684323068105523663933317071963619390884     
     1537222380614176205898379773183821079304491426911046380503404134158054     
     8212643810240396868637842358747034828044144071925252395116188061644551     
     9201888986246238604408979705320676160413944093994674763713136043985883     
     3927725747833870307075544484127296776648339055620025168637826665408929     
     2286389565400009314127192106124623853664316805299970302031619223358054     
     4511930966243448822683167254366378541404047972830415794270980270532394     
     9234141695740228520532200919596802468063634297508019144356398285090245     
     3689420196637140403010890238744721250525860260603926324116359005769205     
     5770429648023252907942782354299628213655507534954470462732567598296852     
     2702052393411800363213580540088923656354922136418313428654742263313939     
     1494260525296911493209077079066627876010288769567059034487851017119606     
     3142650507365516681815396813942046586769490418593857140514668159553570     
     3395008168173477124399322970762342957432056616926287309711513702425672     
     9179221323650530381199397976654154449031836733096997688159178673890898     
     1980958928084300108279932699206099696388321129765470033802802692527066     
     2859123646007208429523164098802389708119717623607620276643821410606430     
     6141250502067650549862971878553268061056258235313589902520785100313064     
     6354636559958459154091663797191494065376146263077724375105088176583321     
     4460714910807926391508515129819962776418658380786788666691091726215201     
     3181797555717809604639735338675315933343745876721886400737642911794757     
     6710077132452545155783692315034709805359211283043080468681071934289753     
     6021326409914389783019383873298782996483022770743400097250690085284561     
     9077477600446971442705855179927937155234273109838524984567464105935001     
     7740187020255781996744567244885477715522487415505484423779530583905873     
     2936498721130506209170501224968360176929213616017795868857438974591678     
     7245241028157378864058902318426561044141119780056683879578622718217768     
     7925419188699397352176358212870712833874329820032468960219940676242646     
     0936903200301593882361240835620747091934114973402783338000377083784530     
     9630367522851517926720733139549761348073087510311139887310499124201619     
     9872378002485719431270641085995827453396248912936780940214527115239750     
     0777620838499003430641895463698749711023355142618270159573956824947346     
     0389166767337898496685658787120722213741642703184593623933828784894988     
     8163136543485984942040523391893932848396879962892244851666075325389486     
     4553933263013558219866856509963006213849960566590279589577089075200176     
     5860355682697568752547727164814904930819824913061106645105227488860378     
     3832715705972990247474985646143311826949159867743338441979616225810265     
     1336830330783253135360000000000000000000000000000000000000000000000000     
     0000000000000000000000000000000000000000000000000000000000000000000000     
     0000000000000000000000000000000000000000000000000000000000000000000000     
     0000000000000000000000000000000000000000000000000000000000000000000000     
     0000000000000000000000000000000000000000000000000000000000000000000000     
     0000000000000000000000000000000000000000000000000000000000000000000000     
     00000000000000000000000000000000000000000000000000000000000000000
