     6861169876007602734836927371519673987814033884665150829507623618546008     
     2314944540547652813695732434604053227338836476661496734488203870789020     
     6218146622262891405090815403501350252278272516786282781913040366573496     
     1224406109693814042728286196205142237075180692659982847421631018504915     
     3547946453259468855931491243285807455611010959749047141326452413428454     
     1342908517579279726290436257810197076682894774950304887253873274439787     
     3536050963757126082987768310043434633385756400416991557010148704604572     
     4438265254410256945842311659173721649128800834503716652210320253066318     
     6232516565862185140020786111162454462325087000818657261141613964595799     
     7071737418375742105363786731786759520693350131384421499571896521143870     
     5562928016577214767749703634357835425321862175751704844390101516061893     
     8211716893137363250759728520960234050226467836158827889907304793446802     
     5213944687255484356439599830421812557855759310644813159726226287328326     
     1034571871055756772146248236379372534183158934148296453326551397601509     
     6557816863963788470644641212192342529994058959253624408290519871763096     
     2773070058987603642318431510467719380452128138300023817558037458801801     
     0279311257620201195551131325594888128981166703436094479486891416647400     
     8853869176438960936205414964954442964033226541454825975224658808303532     
     1865000471891617910118933902956420811872612396728686490989370111330576     
     6641734851882215837433629810843912247535622230263806974721901837047828     
     9975047188896376073510849382438694461023586604827881267025803465971209     
     6801970895901061688553644997242947645704635264294295267772163208792056     
     2443819106920073884254970524577635057971884120180997045361742960010814     
     9023405002961000200611491698301245301188291550105806181460761501198361     
     2643128488039727113028392627810345379472325442535913510948765086188265     
     7925888286343424183206055496842139569518482412055584711300705476225961     
     7154218430696231261520455429765804540496915837132344602240685428038287     
     2841244047562777683540342630423098521303020430856123751884866785518481     
     0843436400248319715119525797743292435832289549759392375337676299833816     
     4981922663373194760598571499884115279157512689076680856331914783148061     
     3244550565737304160782196678335894562934628184242621462494259288064468     
     8607354029159811929594259107655253007749351147730461621768469393953242     
     3684625075702745788261857100118046140051791475130754306611937833150041     
     4055752201063751224966331156765810506108383257584016220474087468920468     
     1398861025537890422137851969633264324199452904760323114927843160105225     
     4076438485174860404430934942624449167274206281545617463441419070032329     
     6564999015804407043453155658506804434769266848348989374902914872083435     
     6924075444551451041342622602763767177231724987967072531581100352210521     
     7603988419636966185246377719458510259846069788939249004366849179208501     
     6090914292476387170308862703208188816703051709086467444283776181139996     
     3859994249025645357087034791117238284418214375566276048369733172910242     
     5447277196773943870464772382010594644471080282655173896725871286908758     
     9157493622939414847586846653468376076781465265752868501857053268938534     
     7531538561353039642947403846960666304161131009726490877649588999325343     
     0945069024592340609745614317071261367460954839752068096376223960509681     
     3268321649041419849859926112696451637812975672040207580419119322894806     
     4535997236635120594355144906324154310178421790964414644465540301834138     
     5275386278241810830541571610123812407844814272051226000825513763457683     
     3526628842534740426853519118355851990136093268720015695622075829757781     
     7402257853386807165181745437488224326574516067562828173992194160937065     
     4733394476786235491855966540093460921364870226442661921203049391759914     
     8303836003450202416989824265270074710398057522795058516603183637486719     
     4689511748868214802313969166627439131329270756670918741703450511686366     
     3738215722972337144533965991007318823482252986505253520401093121657921     
     4386275313977652285457026791337700434266993022401273696760677478465332     
     1055652365992508285865183881552984408840174139586342162353359053141669     
     9689382181954204682223102620452513028596618802429528356379896254493621     
     7782596716564547819402180176420905313439928399381840881827900966883437     
     2017589608948515565142850832675334971538096982859035478640379688027797     
     8947497151685262609964679200461790835003872384983147720567021399869050     
     1689468437032355022909851264909777057566655489924671233974763853275485     
     7586375880188433815799350765791387172172153557726840016007446308744912     
     7549181496173532659616186860093095046752555698686494746808806995564004     
     9710787430891204185468370744304650886858182460110003735247030836252675     
     5052867760566782355671921834135243172353788503180643039541225054668829     
     7904149576057609085666474687167462209217375535460537579523128790589283     
     4953010227214999861470127947835804770617026918696143227089003197596804     
     0757974657057091244668065589464530393439003198065880511998912337402043     
     2384656679507102787878379994883922180046804879891469229207822327666736     
     4003907833369880120469905201812667136186898128116452169801386257241286     
     9766488990541696423477984958380887182772403023062433636861056153498666     
     8135647472834297730782880586343988754901595083856575623818666299790801     
     8232513563323151021194519173924157583000099401851082325347984585117143     
     3244118761748762782340975688807568251532074833704164663723690371897567     
     2158902393600036307294762486068392153363272699264469031404028232141860     
     1750303810613839522682932940557628615263617693672030044833329805415972     
     0374505464551040806629786700893755835508508531799195751016192055437390     
     1039517526181824400679169895077818905636053244548576967993246210227993     
     1076640296157873733251972805160799803763439128273589943135519083390749     
     5713090281764001445847489100039185433935903802541719775066648584687126     
     7605638808239294022220010507652756245103503869536848249686408240747447     
     7430328381239835500046069237890325549146513977537977487878030959941936     
     0057076400074061840665355535023317370239826377064863290480966673832857     
     3403771494521955196139862512223725169044374389641231764933311083442189     
     1011464445688494199756567642432142965307420364590615476112545674041519     
     7822997398763911323513422897099316452239032144160964564554504102872130     
     4146386589836480365378301407310968713923122262675439709848884655465628     
     0374114800442098701111484210704266712319357233497543086593744174033768     
     3391908676296031827976696072251626736375194327460571249002304221171828     
     3370614197198721486506815805411739881224182688602914066084250828234390     
     5807264049186920310941595556113959781264411037376577969235890126544586     
     2731852052502549644929344733766384678935308155564562839234071114230476     
     9275956911809398188261779980567155666771325700745896742646161533437556     
     0533512376230076741246938216009932353308543120278563549219006334605587     
     0869684512592768265305138974001415460391724327619058893115951521701550     
     1316360565076559244849829115141405164477467826549575611395490872494722     
     5083257242589157450775885437994275869579779923222497438621449154961203     
     3371343005524865256550228162941658463597350841203880933480508804488786     
     0912006305767496711332861209730110444064415669617292835650448341748753     
     8270561219763235982359636124766311013706847237840243670730190021254716     
     3812845315204769910021377680585066325439112814447146394235686055751153     
     2834283263858864134685850943576876261650736892504717614029331821359968     
     6241671355294365450154457641586428797923525066837108333510980841680095     
     9679295028992340584123577686155980776427956741897881368034600266393118     
     6302397921261512642153353170768340576543954398830008698699152488350103     
     9432595825029182785221246318512886478468803455387420102209495824112494     
     0798200152291170114205736041860934430354022308877634022301425401183102     
     6297581757139865202030347922433266513205264724489390138317478015305182     
     6111915071408980089193147382001523962233055460114125065181123200653038     
     1507882124104569898626172851186876926065428370499852884146688555146741     
     7618185648383960176176260327062551755645479513964183952043356508578808     
     0272876782296516784856257470266337018925590145065363572049156318973562     
     2117588187414914778756899896090205709961053744426692520070235579102973     
     9247567887542799979240898599125393592427203921603709536960434876234898     
     0447032634080062763943074534786892163343111093940647286266661629835592     
     6718963624756801380468288822498418761527246925734590916856353369152607     
     2217185498045470376963241013521367021039447273473387302585003518136687     
     3920168894802137626477484238824509462768196408961749878237712088567325     
     4327850101205492366551946419751739896856417945767372087627953154636169     
     8840877610105289617089018404934328865734561978619858290092083244778100     
     2942914391709681252077798892976835035659873360404012594141060530952702     
     8508024257990079501792452345000069358419833416932129334731989178782849     
     2648532272679595557682666510085801042966521759441256070033056572387071     
     3282663734344047303663288712097213124243854507542853669229043743866584     
     4203716660976326959286222983217210394005130480854654821132961659129802     
     1378243986218604796252230480433590447269143452357628162964572460842630     
     0443050878008764386320304865764503687396519220426639628931268372274671     
     5903523701506955566906913722402026631951446959413311034211931431955410     
     6108122071781058809937623203826276496908896030411018713517366190819783     
     0597708517447691265388100739245425310815129950123767750154980431976505     
     5926797297298187993396076296442946000607090049643944397040297204724394     
     4304140343222194367647523425222289174274920095565980965509042295190963     
     8664359650645833710496951056430278928180117023742518283872822337755091     
     4969450191736163099032328952596874994976560140229246304692405479436799     
     8577827576565156219855435407062450282515386319138697921520791129441156     
     0683842417050869271887872000000000000000000000000000000000000000000000     
     0000000000000000000000000000000000000000000000000000000000000000000000     
     0000000000000000000000000000000000000000000000000000000000000000000000     
     0000000000000000000000000000000000000000000000000000000000000000000000     
     0000000000000000000000000000000000000000000000000000000000000000000000     
     0000000000000000000000000000000000000000000000000000000000000000000000     
     0000000000000000000000000000000000000000000000000000000000000000000000     
     0000000000000000000000000000000000000000000000000000000000000000000000     
     0000000000000000000000000000000000000000000000000000000000000000000000     
     0000000000000000000000000000000000000000000000000000000000000000000000     
     0000000000000000000000000000000000000000000000000000000000000000000000     
     0000000000000000000000000000000000000000000000000000000000000000000000     
     00000000000000000
