     4043463382384843156474052234716452436942690016193427128560325989651815     
     8813798257465912415900791381591944755362920403457424384426502609453122     
     2969058699987792060501776451586944400337223805897727012183940331086456     
     8791046519151948995002238950673227520445352792855630442613449089217716     
     0134421489402205613143556073257608326796091611883085269510676308037759     
     1474180186922244421794643122423704432845417573435157126430761715643634     
     6893920219467601871561300005368865330622174652611685946756131796158763     
     4881074712130714215933956553271048390318036490072768047696841578672453     
     7898819574307314987761939780656087726985271149149853664068972353801871     
     8156122281841972500432425749826553871691565703150446583897052232483761     
     4807930022243247084592642518836596738829853785413014756977094183352426     
     5261889827977739580559022519052646611777825152993019899858112615851979     
     1348994827685986353301910509197420701550693452078187986391180257331829     
     6357989934074230764720997514779337589645854833132453163572041650472035     
     6348395149135804921486755254190327377046148632845871984251118736274438     
     8823016523993421216117963485680131930582275652115485128577463075531540     
     4030522671555456289574909086519784254920878708187561461135707387809483     
     6716422050719320714651236322658007633910669727173427879303292812728110     
     0993500429650563157188367896121155214011274733789977319099181825870709     
     9251839689205945495011080083555670122841158157277442729963035123487747     
     6810151716947361334447873186931414830558974553693737960819950861274001     
     4514938426212463047015417856110641396494768765542013516884013261755494     
     0846227229974054457611520787402631969901580919473940775275316412667791     
     5611687579884402056827901525076484101783119823125344070222471435329394     
     0232422083271575506829251140039604795101705632837657646599565623524807     
     0888696635107215314977429328673940405053502248992777081360687918942633     
     6634873584082649695854884063042369223817853826561682311692358951042203     
     1094971771595830422146395234657102289418580382682063685698882461745376     
     8625231318140413961901076868336779664603411619459167755542090875247810     
     5884011433312480024324276528653827099424378028801368009167995586402812     
     7249842229228797349154390501576190577216656562037308168979635578353938     
     5992614324786806835162552009060111193662356631355588922939655551130306     
     1229540515864595930719443391812395808067098913197944071709369366542165     
     1264286926458085505935440040382365279045797289856788991358632489314372     
     8342592593800602978502103380108735667424073508687551897083922403282629     
     7437141320422421766111865020639199257829776784250887451489835905175869     
     2163323403168313838447679692600990933236639043331870430492492897751487     
     2548452748286187228982834475082916593415939765331694452015668650507899     
     3442750106257870198786281237545209960471421193521856782333638791184071     
     3112171991298439937849914941290400400708722464452049793603610053874657     
     6531493438595885143691959796069476969293956785289567216938115250724211     
     9892931182110251342528842876979333924324118170312478064915546412571490     
     2756314969394235489281795627927173578615199480154926205461324931096655     
     1649428664396321831694947804650908691746624134099675483588471199926659     
     7433438545267119331979505754824057585966679261794386666690745224335654     
     4675346671589916234194111881092374780460473790872377440594820326572266     
     7021733588912297087870434778464538431140920926284921469930102344733617     
     3441548729767391582635531298506620291561341877192117444189819151601645     
     7173482692857607591443271466631153093978647167722320340986607165128292     
     4761855174195606553432699680732934277038394308365741167824182619523155     
     9983981333489581378985761735878070485766193608757078325747361994972070     
     2235829215137728344510602266467892105947483424828347367119545382528406     
     0970467400872760342195637728276758994406791989108761771319273283413315     
     4099813923396625773751395678630813995829598333798598532433171277777504     
     4608028593698451673022383420706744388478833167384359888416254088226972     
     8046264527036827128661495176773889380671455194445500961865682413876956     
     2930298594102430295667034948273068226180487588350279978487193314295006     
     4664608074062596731325877752902224261227239462504469935849717435678323     
     4257715490273663525189316888568880361135609325291117573739720421731227     
     3640607568621139017980043767232075277104504144476009844141156833970124     
     9462115974260505019085243953080398441942175822040669461040888634059509     
     9749837473387269666745750104576092656020501676713202024241834135956418     
     0789841709988702770004665472797718779248739910162639761301285295257573     
     2073225582036097777584952622346845365151040190936300692096475956107930     
     2558617767123211167862481440637641570896228933969578581715175228865079     
     3481705873208111849979786856570037423429671589660311377754613954586841     
     9915178463757193702403935974313147030464679813370634454079829293650739     
     5440478762352345051600124749895345504620260577949069967847879103008086     
     1063380621484825158056403359671161848700757675243563558402235685642946     
     3465331501061929234990074844923742816248342692028620166253740416604838     
     6414455025294121853677793092874788491714587879861479979097940412989348     
     8058985295347888631781637120952548337785890945221934591812284401044552     
     9310338807042216832018151546671133334265654799313307961183700384909540     
     1265081832471166274054280744978527203442332669560065367906424656025490     
     6895020063496713674374057441233357791469867426592584548839020863706869     
     2550964847861753227536847096855337801561430594817764096690574387307384     
     9931384204641566910778352872817935064086463178536717964643621291036447     
     1930673749601868743732201609817195034903705017571520916291156725610157     
     0158678334024887097777352264328725407242667850507401616358330289310826     
     2781738811197582273183783052967913149830324022863854659946828813197500     
     4035010803557922034070655715552776054136622066797159994562716089297286     
     1983082964113381057585079740010507859114003284022391235513786519281869     
     3313115958498762709976555462930868453654867133588095211821673668517932     
     0935379796901010886661090887472062810111704222676723616993409250402107     
     8440971202222080805655575868843675854269531297045880037978972483164694     
     1294188099030633543838746042740040254647792333820167391602059516774475     
     6273856467920656107012670798597695225405204184909553450454003082247910     
     7434654079795668080589210276892559035595116187491751896303407550563751     
     2336667317177547776707368592716761831616678895199501219333737862695522     
     7958222524879525863816653200716480406630139176030430593079128366879681     
     3672356741560074572375201657577693047298528227323924662164167296480906     
     8566799983192061247922058665172871291760157203702103430623531420032809     
     5239088387540353733336445675764677676852292338312323616824455102169046     
     4148010908444578107802544393565725511808780430318007214765462916218222     
     3093938687594205344972651902322965464703792244378629641014046263386909     
     3346817634019661493864477296377608292359951602721618901198938886374145     
     8507645900176629230783026803585569137501168346334384432960262527946956     
     9926263424183409477787485184900562154132727877243382649091779963469980     
     6794195391587015212588861802938416137898944708372832307564007674714265     
     3655474269595175268706814329740949574467667281949248816123454655477126     
     3246748919234970121166152585886493322891507512022925440696022374243570     
     5256043426529145262505853802078858875532363773790746312772604028506799     
     4454726224154649528732695691642289205425288226068467221677881403478009     
     4192696584167336879893594232083234860888743407464205695243260854000547     
     9777363139924349528664880687104057094688297519633784308666426319186495     
     2985956622242719526271753409327836178557104874407898835867655431281352     
     6054142826472240142383607560277865125316705751895935729178728009690089     
     3313822184374134431359094540451153618671363925118846249774371604762312     
     3535034367121554815375940652323581644441318964782459782359608933626950     
     9970023599035294264126875041608091979145198399174145422824784890835400     
     9149829371854569422789360890159297253847326837528079867972831557246917     
     6334101508103104979971593839131536953854795329471483358486532723682561     
     6751649605546651030205680954535839333713474891639686687062343508039168     
     7105950603433667503855202493539998350352340280975380969788048930490823     
     6405793485365935570568418727084628113723611364077478686362416425208321     
     3136250933465970721475296381151740570575831231268100097524626212192858     
     7145184770131654723697373174746350164134647331291723024332490719463660     
     2549783944888849043251354586399082389237233369145597534846877124572220     
     3212268326369883317048538874253128629489991369373860085156773119874290     
     8317970132799470226061725372199366868099385756294016885746528390980051     
     8933696633796740020729840455320006141254773530724276697375268828499541     
     8765628652596847446808779125751048141393308392913125740439747396040392     
     1475063565713714285405775124009520821786671106496629731012176658650200     
     2621984539257636026705083781151214521108334759366343336241492863679224     
     6734220110993335286673151872765053243336976610379823711176841381581148     
     6615809041798384651394365382178793097094168161779638419471711689692281     
     1507477861225075099159799361190136055042197798975655955169196325848622     
     6274691824467009181724125087759208322335635531975251243588619121903054     
     7203346591240030248806935540566565195062535164868503155894272375029125     
     5006501258756888720723623297352044933689829029765050513256904268098799     
     9515064600201701628829503237193902114493910033363972035710133135056306     
     5998971114831140378707902075594105890187796307562556881722932336600310     
     0152067163573173544895378623142047075034248392377127936281599320397757     
     3430475373865164059902318907090512288985916251400632927465970178267608     
     8449315526086756911839719407103289867611757237757735930795090267003900     
     9769506732138994956612004153024982672500929680186444131753426017637727     
     5350785699535409880163540615355235453490029963334929959308303431491270     
     9495198170881962574790979290701430430188268510265117580084556851598378     
     7950998701314983824494539149047465185840341129854650119003541064751880     
     4056449924382524559604997148919134995845114600550661784003571767757618     
     2371604445416563540946269828165892144201477491373589325409867235429459     
     4566056156416432494987399794445983735225242351841816358143718098339168     
     5908722719212464661330105599460673127105071741051467454480938825032022     
     4582896214572651295381001912892552783342093503655584887706381118252504     
     9149102819760115908728348190941893744293478631111000103692677934140495     
     7264090899225688612222827057105161680820451160280727638014071476054837     
     9029385205115569614355197468469218064039066517177351220459451919442339     
     0410490879777355354373387513296877640142445829112781900911542077334003     
     8246979729328244298022537075427239233703734536071648275743948440248567     
     0332130298815461366952682791585744020966059311016527758717041725138780     
     3513723058418916766317508570808204554225583989660080813863803554571687     
     9710731305571256018796593401257872467637259782026081467126820371956308     
     1077301295164074143310228145408295166279031876869583007802488183965673     
     8296518643152066065923805328078363418096978090378932441881443757255382     
     8575582462110564591602894405276585538637260865420971626219648148307275     
     7402168421566618364889794610241870186731758094521848262909263288476584     
     6615659582703898248035427286723057478755070226066201327538826573396428     
     9055092732712832186015561034590608179342003011294775721107643207676130     
     0423466948638656125198918043272519271920226783382292680254489371270081     
     1352797411575152892829316564438018612518829178808786238448205792345124     
     0588930224662930900381269234139024507687467576125049748325352393436886     
     4202401927753214588522755142445409262096131587324372711635485510749363     
     1549499547398519401543864976706560381915772940191693135259598635676032     
     8031560203791126298057749816848667048342781338776370031221599464753829     
     7417007354580421654236668482695070125416968024889632093911970844818986     
     3211811700586764843691841630506660691747084330476101249240037542809031     
     7978714899359568320580025045436713898947746950581389839912709168854974     
     7456239107592697493046587430381108462612435241766912633924089463887782     
     3595468962984794413205791041058724230804932102638772630590628699802582     
     2534910094778018645063712751945227188935408655389213664810007226809522     
     8377287560270701629830609172477775482699119926262386756075615014008126     
     3556190541122478382778607902585911809552779600100764280467739142160051     
     2546096468431167476299577397008134404932837997759385370445574989703761     
     5687803050963305106184394057823092280364146633618205659784388927799568     
     4240355413726282200825911149175748440503343242740609958993788884787653     
     2498311895687530616396501676773112990056838922383861781346797544295836     
     4635704734637230443672866528404577414123101525999215887671956205988801     
     0982841973146106393793693692824671744810844188596393979046879188139518     
     1911046881684800287341870042500901355081766574512456385811674057480814     
     0506977468863163558045207348712990151888063444551787961500248860389706     
     5214237428801366026718166920338735020822726832172533048960572118553906     
     7211745771288020008311552974182825788280998147474832395452909077747117     
     9870344201405012729469369323426572889440178868829520361614035660589762     
     4688626554740399321803027645674643009537117826794760548808546854759152     
     3944750222040349150266517827686147363012906573544280334459912485011065     
     9183259569142324354374928965613889090606266253112009401847315883452688     
     5580361467328454629701640658950120543924694549777010023102344380306151     
     9135392592966216054006615894739495868776039502929788900623229850658022     
     3688778044663760841534508382173541294220217569660299130036484687889268     
     9261003030800345802791013309183165138310358813416788229424098178469952     
     7437818615735443755989902078548466646029431879752754436167152882096791     
     8399681026934913181199298017465866209153734024955479867446211038291443     
     5655823709987658505099673257065676681553549508891249985174872745654138     
     5315537938772125127786069866426785910573787003521894917642454201798778     
     3829576397487755863469517481524876208344171493934776356152340848772112     
     6287040827519299099918774550641381964507032355875722350598801168029342     
     3191171057866662688693749265750693798564016996798323862272529091130011     
     5608961586591292948030511939268961641058597165403258352193735375777207     
     0923533924541983724692156020487748242124627433157066517369317709011888     
     2407527944903765637326775702370946753923060147978704547036332793632391     
     2745591350120668101087668432741696390793619668003401026093462764973367     
     0030056778543330434076261717445570385051605158871181382608200741594641     
     4155138583750505105153246298206607894955284840693390595301296400607601     
     1822716408705944812076031317301606138014329392670056613341672298244888     
     3418111210557918439310165305653150225975686655971404098895019656607025     
     2049711336836180882724565029305466623058564397552714246745328417167702     
     4621616226553732302891016608967137937733367188292467651513865420335167     
     4565183845527134470584960377408151784416411673838550768560520906029408     
     4663934324763253226122266653388019696610259246867607546522071097376376     
     0114437322828123974587212489867708498686060204911583437849997208385723     
     8658469758998773093053591856982177335639596235756542881575234995134581     
     1492474433608352660007348774015833271091271977257188090089758011617412     
     9778318476782514786092291037527171109492704011785550856864623684389176     
     0663039503864069924935539667334823050973242853260169835624250369816614     
     2074686230450149595499304733408386377289644645287703832996431521755490     
     5178068543886698507261156291321731558316378962574832717907356916165565     
     3519259708659531419936451509101321211970550663781306684723594068991346     
     7075741315945985655473116578972486471249496840042370068421103482906906     
     0842704784611614399934041808813298770096178287355837436380658881309674     
     8761494709207835266764943308650129634357994145119085970147304471924401     
     2761817334829911658082300983413096816030624498687792896329903852108586     
     2221729036213748030707391516332206321332852257422597347899029077051468     
     2999883779492964016828995907622043277552003239055013343485738728261637     
     7882593591908414422741740588990371460876261131495422420290494145462424     
     6610842393471770593714946463806908444938269217084135481852451938648904     
     2696521125163479305894057588079040830431245964883724082613482544506759     
     5222099434477455464696136364944904511368776520241028379014303712409569     
     4657703463495609591443883823386892148501446054802476315282737652328171     
     7042010520666145344492139465244924416934294254568405446331956275787424     
     6166832688472312109509260037929700997813287255051215166178674413303243     
     5258197304600265716332496509983295062313765460123535151365247751962052     
     5394954061906928244400352624187759183397662247170613157013326208229818     
     3127209819597218842918309883768211405341299302534310771153317568381362     
     2502118805363339131087007614909362630097360091799082533402344063754552     
     5155515294059557316468975004942379020484388397934274629686781450366733     
     4006984518400850444251437728667034217552251647967903127772283756713366     
     2947426894004565378346657369180013539012161366699976664217626382707527     
     4423469139033468304444151159056924562205635272872156603124230776831508     
     6920130327547454860223496948922170812574528730085186657075781284126359     
     1109693281059095862010164694829688474888345532179195438016051673002732     
     4827638105778607430533339691444491070596567358885244747792462151835343     
     0796186666810433168553735030635079135217872517916199879358294261760000     
     0000000000000000000000000000000000000000000000000000000000000000000000     
     0000000000000000000000000000000000000000000000000000000000000000000000     
     0000000000000000000000000000000000000000000000000000000000000000000000     
     0000000000000000000000000000000000000000000000000000000000000000000000     
     0000000000000000000000000000000000000000000000000000000000000000000000     
     0000000000000000000000000000000000000000000000000000000000000000000000     
     0000000000000000000000000000000000000000000000000000000000000000000000     
     0000000000000000000000000000000000000000000000000000000000000000000000     
     0000000000000000000000000000000000000000000000000000000000000000000000     
     0000000000000000000000000000000000000000000000000000000000000000000000     
     0000000000000000000000000000000000000000000000000000000000000000000000     
     0000000000000000000000000000000000000000000000000000000000000000000000     
     0000000000000000000000000000000000000000000000000000000000000000000000     
     0000000000000000000000000000000000000000000000000000000000000000000000     
     0000000000000000000000000000000000000000000000000000000000000000000000     
     0000000000000000000000000000000000000000000000000000000000000000000000     
     0000000000000000000000000000000000000000000000000000000000000000000000     
     0000000000000000000000000000000000000000000000000000000000000000000000     
     0000000000000000000000000000000000000000000000000000000000000000000000     
     00000000000000000000000000000000000000000000000
