     1510463146880406738987926708654355472790262378134326409470066740890502     
     9781687280784289821007065123228566893247283128298388553170119831925450     
     7853249277341512048514768284374819503152107904346995610196852077970398     
     5859289198416620802740970334873682875675969681776529946519353324715737     
     8407429977541207357683224974587866278267726504703767981541274053369436     
     2239804845401811421426724457607358648168488134729337282348603430954989     
     8681543578051121394767031438973567410184535429716447432873680486731192     
     3609037778584780019885064897572046071206598699766595092396937298452526     
     1508494830940518357348740670878197264924192280518171070093190538392810     
     0039673037112269270106001034043852926648459781394550861610407307166167     
     0393800912577461553052721202827183577584621444946525831808480673063530     
     5735764655456591363704376082339290725954690381252104881345410819058055     
     9388630594469995779879387110004393012845781426882413737228062316908680     
     8871916917140147533133554501777305132355572106490180985512660794313044     
     2293219554980633694084431420653697348167422975133045029659402194379426     
     7413936806427065038694188665155852372931808125496319961813977005837675     
     1441474997302751578267303387477057273700098176498544558324931433979430     
     2012498718315583955421524707907133194647715612167374135200168519033880     
     8693710181117789740386886018895818789935493546752753287528178253238061     
     0426655280118765349824030675451166895425629824242516508752252478797773     
     3436893261045102949147168203421917026807865060726245140905046691220958     
     1626561972461292944209792785313636313033490863406734841172322187152095     
     3113884841567246233757178055847684230581637172065578212203067611724437     
     0405953132766993987009391242704689933292391891909108276681071608099276     
     7257780496997525863299908357730985408591913547172519294547321785785934     
     8869371564951352212109177559127882502695252091750347628095432229474133     
     5740194696734747695786310531058714208653061367828364656036799483513002     
     5554327066208307279140638449053868908500341284666706064840563233407657     
     6291979514390055752252146285626793619712933367713205859303927675633635     
     0251764256516173641909061047487546484828545756455712970261723568927218     
     7490424644303165051905484355010358220804620152290958539182940828784164     
     0703782032570263942789799231326917260156860234363314458133896646887575     
     0348640878078860874149040976657516999275464228874518082341411945442212     
     2361999336080151123228598255518600768214733348824581237834411978336659     
     2991695544274404802979219622431978578002868716638414136556342620885118     
     0358850827658951994973110119401406602933226907585932125458150897695222     
     7430653147283460601465341009969177770193239583484422941155094311993588     
     4447362735095903598191249816843943097453919408096866411166123297048706     
     1193509262431728596042621528460736529012216276795849844033413768618904     
     7528943875464950711338645270630671739758745434719005900247315154712750     
     4961687256648422322200612248566644876663870628069645784749399329407727     
     1696129505542256293537837215467609501011256554700847258375341343141943     
     3863026516618881104421356801869404320147438544868001195200746855395202     
     4893057365081100112701148222898416658052941201979314044142530986914457     
     2664374787834794695442973207073826934283041200526874231573595027570938     
     7350399788589416965973294848088224965153280569479806157667611782150155     
     1723072385847284487850948498685734324869995715376637281620625302320577     
     7150786034230672890107080391228630389923948684318681723266241848965829     
     5293542211388106400775432669905210249918242523938481607222243030144429     
     8595241710503532606923638042594610241221202282574380686339863692994006     
     8689552387684441346405827960545264883940490409899194820231131179604316     
     5140211486963884308542935005520568480831797795169782761771907815652169     
     7635677810343613430857095267447792186461994325909190901832176137882161     
     8447884008982523808534355622444268875778722321583509071857146461380038     
     8792928129907709086162024062805110672107907046743153270104807765102216     
     2122365550647694236805551573027158348411937928223251309361902373052669     
     6273553663059901019173590764230553578886276210074162934587786170433943     
     3719136563918410967203044723169052445002068808441849632458733743122912     
     4747982293010354652472878728435926054700837784814015158560455081995342     
     4809809010532846953423620864839620848600597222030096176459636853791756     
     1598370989450593013977860389252480391059607621761198648960365169136883     
     9190887160789715290499436279332347525286018425596572482169236033213111     
     8729715284643130137775136649189251923359931363895709470546144790814151     
     7847499838039250828341960756539058937369995872055040119552575140068793     
     6563281889726040246798852627004064000841110442678531427098075193037925     
     8973146100398690226559361814224225647591422806374143611426525767133007     
     5772769110959173787775561392355030556398767009289788724320568669955151     
     1200050532621809731943907947552709153291004572887195024171663563719832     
     7764806185105045660386757562879041310112857799794904096266019660963016     
     4311446202053684937034614748702823823421213130521020171161156192286253     
     3831668791509668176998724101173752799046682622907883683037985013361283     
     1684263902612780450196996669687211368419167379831576982261537675956919     
     1763961366053346624387764511610266296117305684639420302640875771499942     
     6125460927585854400339702905842738531321719983773934376041998909260148     
     2376745497322645666497444121783278363524278290033110487849149805474022     
     8568953645290123288549560681720956266129112373627078522764273725187376     
     9413137858306002459719985829031339976798816665571648516635240564647013     
     8029061995523208360308934670418778520659804862883773949358247102078733     
     5174946382067599797299847133678078421378084678161273084844100321735207     
     4245256070185332884938789773396996149883429307607622637235831458632040     
     1648199075529895085822506486829585485682619947169831825930608870361679     
     1718727570288480246517939306849452515094058667379286040487551177641400     
     1810036417578527442618564554732379156796483311793047342034341452633980     
     9252752350729260366293869468233914709216586065043715114828906180739406     
     9375276398465672420870048204184687067528339600189616358131636018338906     
     7849533015311064945400384082588551196388657701013515941212748991383652     
     5925112552886265727689966963006723487801903447180096856105442291741851     
     1414397889012957818269712550990247538090421687147950497009316905434145     
     3914502752466098286873835616704671560766234493069473238412065411395383     
     2082262447668838810471714575879939138121212722714909446260602813176436     
     1897042417834062598122703434218316260235730022104866872682979471650258     
     0464191223033597755629161407373816256149528703488320004372705801365192     
     8932183135627066831650472951599300913145658343720007327392574600405000     
     9900496556279339137423785630429178825718265139120495867461973976974647     
     6153953495648970662519337592549443450383016622728967578259636823351127     
     1842082170218309763152841962080697795095329023250774643810966780717993     
     4825558566490825562146671690144252628164756036396816485806588789302238     
     0885717113379113739109788016015451375670420630128155703162917133967001     
     7051996706844051088204408684658787136351772033932699480745862835694436     
     2961316818907936718290681970034723118414976583650862532564638884863118     
     6681631482763777147888722546159075163296528036003980970725669962517035     
     3731057646777054902762008420445198051291515432768341878534552686674769     
     9924106404716968654783438992573303390077785626876845110228264404039883     
     4296157183579186463245580515689017488829260920814070777877842564962425     
     5201495513319766988200288601440883330769448664554610677527634396573942     
     1711213288418959108497285717285801973356124282096978620688223634592856     
     8262354554635104243816876071600694790312618373308999289132198600039588     
     1042193663336556297237941187935599975622291043398869844371245147857255     
     6962819971942617700544559476526727879814364337551861416571949838295216     
     9747195565190484269678735508237657279799743498942038450006156512935236     
     2444116473828504845149650213705891818212288235647493050742793985178094     
     1357189899294419872862462659816021953786610273303206405483462879165204     
     9931638209420134013369333054068767452103304069347160327227782831837282     
     6201769321070519701455013619815056496905711894134245663719044038930787     
     5985672181059281168421426349529956374261443347007780127151186124849179     
     9244113011507832702639486563773779294569587974921945972105803081350803     
     3631349487922349163439285357255982811303378112806139563918250521745085     
     6857788688334890726091047869015777319276647384238140895473462311875447     
     0726380795293461663764606301848400820936826888829027048916481234692148     
     5477180874250270955871355263159625668384639761461525252026674388545428     
     6680474107385098652051405623517236945229375303386642798008445237654208     
     8086086860018553438227318067575728455054003601516720533382205753974898     
     2676502304347222978666643367398344407002460906881616262249973175916004     
     6007208937975517825522537851754724632981042640054349434196357888935057     
     8193115002685757203348604053509204299783528863409463119537650944584931     
     5598587206149420607967428069373590775759569467066660538312180645678621     
     8041656830067092192971188662710871578365568596947678473595325873814807     
     7385200394818526654919398347673277837059868529331905720346018740786948     
     8875454787526203615740774657580686271080846870453507701781539263501559     
     5667279660107085344061394855868587624576007006850665461723288833137714     
     2023283221238923288557108302336254852748211219225269170411800935573247     
     3889323119031942761849925639501754113854954451259172548303463882956231     
     0767844615617591682511822193762460040430753616757702956149014018863674     
     7339248357711300481286364138594359042083812444763054149896468689694896     
     5651936264018729529462562085035540899266294495474211273578517945095101     
     6006311203187449699658863026118594444666035340850071065887041904477223     
     5808616969942786517771017745350335085500715063110957491808881154008511     
     6437743223080141365563120216194480145239033421716406437821611379332357     
     4967800613956236065863030483796552043654421736559606687683134188646743     
     7706557399584315622046243573065825399735838025520498154338199124968057     
     8292858753267575693956800938344618899628589532963052559861825268813719     
     8029096026174343505508855299400108817971544644237217012766390390279603     
     7679829784667977331487206608391673919547551661678758406715392512481942     
     5265636631866043095160589197407151297003139137543144982380479985360313     
     2622293009516556424399487245751620264729431357109794097902909257320765     
     7053304246258748661164524732120785518884702233332219515749366741666666     
     9853532263045682763933412354556896254214635386432391295048332096052354     
     3697675520365097366661729240635967524685855528732198831217858408922116     
     7005448082367733960399024173652386505395717324946932520322847771846107     
     9968587575693363568913695506631183379046284822524129214121374918436325     
     2719866678835971478257478675960874169578551229697016504404009052904964     
     9980586913408493254169316641554647643759891837801805642161919415322932     
     6998091108894037028891167920747041682857503894202290422964494750232823     
     9016899305681118547477793471258996599933630996353466566523980767897109     
     2895610801947266751274512629274112141039218571875602892758092175734772     
     9701959420567224653994669757014804820060928143975210179477389147290253     
     1007180325449950800629710445177036008757157076918265422055378207382131     
     7833530484685207358555962537500989799273850023375805808346623524030959     
     5867803562819623496169051527413016416875742131931963519752329039947080     
     2578029863505902744045163329293626184846319175587051259712444395171583     
     4831135815713830659739134089766302633180069430649379926027937576940197     
     2413332639296631132946634346722635485973197376587934986735822580150473     
     4825154061558732869665491051637523726063416070281226220326498021825283     
     0296561865736446031676892704605055749783155301021132949335137887412470     
     1632166645585752625748929339126811077988720366525597696280430963372663     
     9784895155247307256854853718593823963386814546135961545423354001728493     
     3705699257853443235308441839264279198818193539041022479077964162025661     
     6034368930344045422077294631325012857734268441721040566274536453537100     
     9108905675078461271136089523027774826616113323387533116424640931479248     
     0412057478500241871155355116728519064566280555822588157357020587337366     
     6686207081820804225290067158068448671068324914242056808524432858234141     
     1299778257258688140263640633100543409050657334336664336649332400846692     
     0135905147642885715704611029274233473179756600326794135294295398277138     
     7932370980836612538935878122758509039703062097111830581440010050487003     
     0122907892488285797544344818199328407611004918254623255115735904513647     
     2584418934902980153073486319815264199123594216263207687329831857846787     
     5100952935178247538849780066608945745276578830174680191480942423439694     
     9726051276054834483623787450000613932910703403622811746905791121376743     
     9016221802772107224664943895697217249117343787376986054093929788701463     
     9453375397545880904020046214098060824881289620573958451457287003139528     
     0639455150654638102803492774901607166855328151138487013589075280631268     
     4426844525759979382489058227720330113348553287267002373244428194578753     
     7291672514214879383724024139134938187742588239552192335071407828510902     
     3234995426354494585482424037676959126926598584627376593227733097405471     
     1596179896394886260013911913809746235314366712377990271078099155302146     
     0505954350926867501146584289545394162922445447700099376575203289579785     
     5269428946434710281821265513597730037319727414839956091777902040449849     
     0430306069262326809797958958918463897911684945738665596401924904311143     
     5226653645267304094792502493059630736219214143837609528089203596840616     
     9021020097957495066684998109852434748411612935111488028512985859441417     
     5369702436204055206871971674137454320618944644257227133469098615397428     
     2736430214396552960223909141893771565239920135235028877462943182119900     
     4217269078349657171658775775913364764524974645006645456089829399818170     
     3704604378938241064886850298654220982977849277554316282995231996026262     
     4228518665547479735806173301737113430555444498419952993320644517238044     
     7008249022011392103129370375550421379732916528264988787419116345984419     
     0277401095263135175354275248339146915743071584609873055880679704669684     
     9973613012285021569361810797476889767034636113797999381676632007581266     
     9702766375498661392201797010738956954352789668677100107192195014606052     
     7858638367175155610983759679457339968013780582783843178314736843976662     
     7220291871290207736049211047140451574306200516139936448941446140969230     
     0704372814947671553628592621622781371974460528761454233905589053025456     
     7734395901030850196198405052487620584961727693686478050913155858063699     
     3794270804790517273251840576215436376579632050967263945807438731752344     
     2805976707874200294453978567007176362490803084990953114350911076035115     
     3673398329182920577363055000937196065703793396016352875575943931750603     
     9191054116341005965142068244885258949043562328560438204156716403178947     
     1464093269552034982420396047117397756922914228371704963489083505738027     
     3626523455116652001001431473611288958874924619516898809440253207252297     
     2163457336015901670095906174823358672042227624339374968688295633409715     
     3884634924927972248190294301115486969952338626104401146731673245253155     
     0132169357881480471842885983928469384845491635688816775639839509878085     
     4500043398270197488716303495552360511494234660069345143900504324961065     
     4181865058866354552934220874311417340427663087915380668073340252065157     
     5291582495566319731825602873214540470506363466440428694292525301309213     
     9202996965267220038702351437478509596696165086963215656826494956014539     
     2659324927475929407944954903917708705533975311029210580437132592189229     
     4666460331216149276233266413294434098124977236955282294934602793155665     
     7421641228577298079272388729468035646220042388810619943746403923204361     
     2048943268681346887812865618259641531349029544479780044796234138063549     
     1497172518944984063552852365564957398235232582190212759092658566107275     
     3433747196525167068771549357650767489079639217442633540293723371098347     
     7155187130719539616621403856455023227782927737568724872293776904694262     
     9434649198251032457811226462839890918640858178425974155725466511769757     
     5801782848164265517974479257933089366742045001655960261200118892806214     
     6581296727821664458009626144154113104468664072108695615152217305810121     
     8069697305871022005787514447821290005616113849920723698915753643243372     
     7215510098631765730368356441020309956104001089050801879718637831188847     
     2400465270568345890103399342473975955528996187002452465191979439223186     
     9226784076082613758061245011362563869051542184472821561371964399379973     
     5612654252557005840350897509227645632729265044690185753054048320977176     
     3197669569535357481478329066715798268095789876982163662632888501951269     
     3092385107280353465845377124125969783112411825669879634085599982526968     
     4582258393062751868041896681001517640975845512389309331145723947806319     
     6804263063808205923018199654125324869231567872080701229825022785438849     
     7926221705044178908107650763618901054173997915931294050682256630264242     
     6396464509933043971749947044417591611919943941258033120131753599808242     
     0491458645621246595329490225090437924873605234586572232480485001784891     
     4132450766055892875160512362794542074923987381627818516038530578829133     
     3233073800577169541111964025492585692636361000189080306856244046841467     
     5167403488005126970135174918728672665138427846283737565994486195234777     
     3308814085377766877462802726912000000000000000000000000000000000000000     
     0000000000000000000000000000000000000000000000000000000000000000000000     
     0000000000000000000000000000000000000000000000000000000000000000000000     
     0000000000000000000000000000000000000000000000000000000000000000000000     
     0000000000000000000000000000000000000000000000000000000000000000000000     
     0000000000000000000000000000000000000000000000000000000000000000000000     
     0000000000000000000000000000000000000000000000000000000000000000000000     
     0000000000000000000000000000000000000000000000000000000000000000000000     
     0000000000000000000000000000000000000000000000000000000000000000000000     
     0000000000000000000000000000000000000000000000000000000000000000000000     
     0000000000000000000000000000000000000000000000000000000000000000000000     
     0000000000000000000000000000000000000000000000000000000000000000000000     
     0000000000000000000000000000000000000000000000000000000000000000000000     
     0000000000000000000000000000000000000000000000000000000000000000000000     
     0000000000000000000000000000000000000000000000000000000000000000000000     
     0000000000000000000000000000000000000000000000000000000000000000000000     
     0000000000000000000000000000000000000000000000000000000000000000000000     
     0000000000000000000000000000000000000000000000000000000000000000000000     
     0000000000000000000000000000000000000000000000000000000000000000000000     
     0000000000000000000000000000000000000000000000000000000000000000000000     
     0000000000
