     7767642589204612243824214858768000706278168657346285185543280469549315     
     8286715347421077107109250187372370284280018618984237042361093411043573     
     6976809739792274154957307434091293046689226569035782482331541819657494     
     2402245612184169391603961192163910761992010964197733244154285362573620     
     0739556705064335030779385544130300392100586648802514510789530957410431     
     6683203618058304291909364954014039443173698230116886982069936007366049     
     5585861041144822126782355642617483042319074452003060601265998296379336     
     3230208462567428076996477397944334949867541460705035735970435538719204     
     2343389258933452524508597166140012190525305891552269910959588654806136     
     1213698115834759054046129545436240752025493045052143105782160567295257     
     0220415969994162020327890620403349475550700385320117961150784064322155     
     6369583036687812885453830355198821922086917829613555932812799353766995     
     2072346765107107383572845502423427168334289166270232805353932966257845     
     7241132507363492950733339724773850526889100716084518061084519653693575     
     8338878572200918083111521688272814284321555457878032709651874669419103     
     8230831358761705089399205201468674730809655229512130664736814350711690     
     7708935940030904941083184818177047169599583850400120640152543932904954     
     1249417687168815129082974775673788465067390816656913578522936888062025     
     6739603575096772823135954692503468903659712596662854431231783219003888     
     6906664009504939730751696702840268960250999901294957778852188356763411     
     8808522057610129671325126406732877906496546248653356797129646950703520     
     5008875862578759193568437651930431170925734719309320212716440455699449     
     1823960670610166304056619763906872991959195831563532314045711560339045     
     1303104442322913333174235506258575113157246761050884205301225728788430     
     0449010349673699393094211383367720230258013738932502640713021454806996     
     7664998630803010994847786636821114524908113393129249680986508083221369     
     9549016476488764549133141826310420075134206638790635652171465292030380     
     6565097441576473196239258534231548002087668369956634130546284751823742     
     7538383918044526313730386446267009265195686513667239434821739848506477     
     3414017708198982436321152379299493371786110412836411240004542443719550     
     3084766635642181740477864441133194714754779620671534493731687657535954     
     4451347831691155071412259666628112079146739522504738069193059822144399     
     6739953655520130569911561564585191009756414426431222710324984517640309     
     4094962696463310693962246772808548040272432334531079083918293704614261     
     2943517997605100972950591819243067288188853934979956658835146175681357     
     5778483475270244146614114784942215484507728388244107121558106139527893     
     6850617674540387460629323076857547018287162370036583771589104109578515     
     6905486246930532793582910930371355733172362081761257608598447645127745     
     9964950271076941368101090879008829345103293874346167803440825571514614     
     2789104570577316797648472085511231659536894073308324841470700089552753     
     0140329647025018043250229442386659900427545286025047380396056040265077     
     6314172266840776764655261197954642993707054226617175985925818947402770     
     8083269117787987901151378300706310086849156175835359022596344677217404     
     3667709699714690817887456155431899920956593605019838770608541428372685     
     2914464531729292042580116493321148445907574787786483607452416296837216     
     5831954350217695503068441335107590495583753341482758063332518721771342     
     6534418806649107029731869936371229243252361821672567481341061240175080     
     3078857726603980442188172404516309711701738595137120077542824024391063     
     0011059851471406451478574957648026526991696837540449872530893485000263     
     2757126464002667973172238173898791960766103185290197801691082239408885     
     4708217971426535388560675100998892767495736321495434246690460133823256     
     3118396342074906957473876643193516931328110810032218643421105344042358     
     5969607330626276148624270256457855402210532781520070405977061732456924     
     9069611537732677926901580796231429403366543534828188627232865556655265     
     3643963751554769037043782501592156656635552792191445863816408146438257     
     0028832901373088312351238251969626827733236155164713307494547400645503     
     0649891947258150043058717440742190141874619222847937975418880000000000     
     0000000000000000000000000000000000000000000000000000000000000000000000     
     0000000000000000000000000000000000000000000000000000000000000000000000     
     0000000000000000000000000000000000000000000000000000000000000000000000     
     0000000000000000000000000000000000000000000000000000000000000000000000     
     0000000000000000000000000000000000000000000000000000000000000000000000     
     000000000000000000000000000000000
