     4525896088327551929763769996804488761132475365282278592339998654555154     
     2490840595139122192185574414853727428116922866585039364864383426840231     
     7606207715502152720987654919472136551605510452855384107387527515312041     
     7290945908413932599984687164092115851391662636203879009575146046940727     
     7798302960256493661762757647569432970155850146254034987608024897330015     
     4569073999462236745721833072994897355586720177052232719577273493461610     
     2035668973574560927835046173922167193857477177628423477699949823156289     
     9993034299862668226613646055727244786986531690335070475016419570763507     
     8586954868381885006798917215711069194985242831978239555983690039203091     
     0530170864823606948150128844117152973494774087695940842487696780414088     
     5925228686256132334933104074806388985173108569079157733129344320668687     
     1828734041844438197122282610648404058304096212656536911573769416029227     
     5194388103896235797329150455164123390653895653169039744360679252464904     
     3732024042319050579986171483031647124394981517021249635393137969684311     
     2856865693645561620020784923937486796195670397132248353359185480195914     
     0464996092220655805525716184095684382940119668639982401721449036517987     
     2091130607336491751093548063915543219565442565864084832241474180589305     
     8509596882054209443619506696241876409561173798903747583674051788064900     
     4809854974905823831449136183633166976319518109359967893057711920455300     
     2495387582826767273476221666098215606275963057623504114063916197925154     
     8332668138585752455098665629133843164705038203042688555559884317316780     
     7546405050434611358156675812934516905645205452085170901685817669938711     
     4870413079865060626886556564021739150492523228099513595998492151608942     
     1970825405801935444768624758481041780348070027447001478496446231499965     
     9571844053878646332785629401445382379721795562892985641777858011531096     
     6551813495901446062728969218079951260402745608942036978182055157576731     
     6956290812516281464930803180468364470363921408008749607142689824326521     
     8920974381265099748581987645929268129060212846102884832760200973641918     
     4577633536465503113450227966208908828345214652028930945239706052388397     
     1250516480237447953859927229934873471403109382144162957092428791165142     
     5087944796573823434605478788246379375330356683824276285083757809831455     
     6630663085228253095300464614206376429041378197592178215977467098763805     
     3162515284448205374525823340547675828012464536781491459858462271671572     
     9363539344802777816502593265339336466154871716869975168050318316983456     
     6175327852680486611767103275031905278006618035340952498140154500043204     
     2155349912027892596357215228670734454361430881233019939929311306403165     
     0639314395988435040650205699826184770629054575252233268672383862990547     
     3134612852400424722845550110872329649853273857663431022434306151262896     
     6322246854653048907514621858464146368082988348961122340421141165687664     
     6016765999104446627307941001892979736489461523497722867844042088738022     
     5456741108622057120931029036660213749200204287151786747963448157372980     
     2028498200711866777573311253108970440724523707767372603517167586513204     
     1475728967635132026914056199221700323108439360044297437450723531241974     
     1138131674717330709101403681898329516473382904104296245271565243628524     
     5286948147924045403537141641517749799800144230150440873045915339002695     
     0970694467140519336142398762406762200713240670392180572792505719808800     
     1433762823468818797273516117226405840173494334265896870309499143039145     
     2078895675790956637835372630964769630786346290226035325128460538721403     
     1761357148068489473173899473867785523351124444745063832094661748037942     
     7477903813541885675800536120106327247611714219259649911483371202055557     
     7415109586816970641580818705010382903674905113254253050734528608745483     
     8432396408823023735866140646436090363224914172643361231245657981354566     
     1637327893440193307979484287254241674321365286206218960574629110207154     
     4415117964756972773558206217669660544704289216856867743397398645062598     
     3817690488461209110263732896467614594131145708339916362804701937816883     
     3486027565606879864408427293829743453752640659286551723174619003201438     
     4168843959342317290404347919391914342995129798839400832911754072568621     
     9482577622937272927159309349385095115886993711926963229037243992206485     
     1797977310922419045899012241984971746878420773281589291710982337507877     
     6924525679166357968089886655752446691726869752642123811851537744669370     
     5886202769857840257876300455015929638111353738124793001085696919331086     
     2491047196798923690948730651621248076600507320787178253417675080901525     
     1227707259601079099001173581227909237727122951564657356518407578969718     
     6154661084310304136950010583059737965154796168959797766483413905829442     
     4092934025893610420216158669649725873390346450708462186981648072342964     
     3306321519963568142258988446611341347062006706475957532521936989723269     
     4326067566993184413265598395628464507996371670968869727582653566977855     
     7115199050961635095399977112181884534823722984952406202495417366545090     
     3508066556638855550414540784912676284227389844904827246501664520075272     
     2120882686039926534070186452721407742870512993947850333891806129706139     
     5304438834871489807856931215182834211881656073728076482243000445339321     
     5970167497527658496014053390743313478458992024919331597430021797971826     
     6607659714918259557159351390512485670998901385684326486945661996824368     
     3623649283436464678342671041535264710977850058137623743132919095368371     
     4382762819753404470862449832233468221383267753260553769059170207341606     
     6404079761963125428805761739914576260257891547282931428569430000754052     
     4552113190470320740372128706008718503205199204789441150219669610395273     
     6640558159870013712782742905972748293838540775793022951037729160440149     
     3994667545872855813173638985019606910488202861705000316579903465935439     
     2059581554617946128516057772612649406870112690303509057363197552173779     
     1442645206814818977402574961041560110934999478889917384198037299157283     
     1439338478543256950615672087944265435831897350863638542146168927927972     
     5776670489355040306407810417612648164188983300610056107392967493366752     
     4233492861449384295500756499043035576894774225779439706874851464017065     
     4521762965733158483053687519150018625517170933897611772210135124504700     
     5377707748047377497654041805080645136866263687011416817182788300128546     
     0904609163215237273010391549802411057819202738931442012780138425653154     
     5392429357765444228090252555106117827593044773272029558255748754844960     
     8343303492995120055969206279180424170176885121306439701638962270702638     
     8820481068663319132564630333611730585250483447751793127105362788505410     
     9231203241142282776628195797935100930456244746777166004933068961423223     
     2368347874851129826193819347135540441650878258022234141844248564780093     
     5802471551559951608524843291696351825569643327908889818919047325119246     
     1303765295966950810084762672223277249189808368322315755625067432480660     
     5605554298502749450887213401521901163503458080151944479860750951484987     
     1464617581706880445209953183143242720320791283188742772620340410893788     
     7042398967032848990902967419476427785847996131579150473971397811684177     
     9574060111949168479181489801126818857670339468003701573667394848595654     
     9912503141757499348142276436774033420869836318405617081512667041066872     
     2579911811678792740576474260741188408607917223563812328931575316404153     
     3073394780460440284785450033456711264018030450288923902852637256367359     
     4231175468082457273604637583813707862759845310002073281359582306818388     
     1822328488842140505499422393696603216396139374735693919449030519480315     
     1015470718852325682743411320539179971974136029075875422756523521380716     
     4727286424261775264310420517645093679875846585385615831750050810217791     
     7119247151948214397872035302253598121644938187805441229129080941229140     
     3155039793282989130167167766970344012545118381646943010956795507626246     
     1295266752708980468634426217101547105635030586145056439216659469364880     
     0874725298508291365135099570603596461734540453977977585812242023632885     
     9001500467028658699952397572349576515941524303097250210146486207089367     
     1490019333747491671415111105461761562153208862729011504162566229642585     
     4919155960080456266995014358280238701940356655235161986290232996960379     
     1337683935030646522495670411615678427835988152450235863677043641505123     
     7639668220050236204157243951381381345021640761350303481517247364697776     
     3615181590488846090312148393903196783217987088459803231459845833388241     
     3345781337958724077101584805853137614430054885112926441707057902857991     
     3066793727305132721017252715919096241648512940014104939405276406771139     
     9462606963071575365857536002590813273151186554343365960249562006322225     
     9905065155206530434191501994756070297284838128199924729407638683617934     
     6761371547314761502584407780774961189347422188880365107706630748820736     
     5829472935278973247477833690750190129743795908848117971184288645634036     
     3135386682081518410023102455571281739145594806591239489164426734175503     
     2831117441158951816325790907928977866328333192773768697215523009693654     
     0400274776906218923546584266077605806020250097052898404128402573428256     
     7258090324638855386544100573574097234603552102390446786008211194699023     
     5870836466768005324006947766115845756286585239569196181505290938764653     
     7240781185794156426724557760265335247934142753830244189647179303181315     
     2485040718211664431232733729802731446699164447418170538518593432085971     
     6007819013479844174722378556792032368185857513500524044262000107367195     
     6745198241599386291020821678629317150248377617373817289180693565219048     
     2056335103254277347776999272230083531830047215148941392768087611819811     
     2839740243039055834228405934418104826109741476099911543092541016070735     
     6833884454362250458277104286539535928026920718698493430476793316932366     
     7719576492846960855672166890594565576890554398324789552575792814895434     
     3638567337170792434571399041474926986503821573318605107105847974267015     
     1196658672125084795744734326834354963429186056015298056428087309326254     
     6822199930971577127039992021548145470369953477236249385712030766300021     
     5328706679849548090859937077559412244865909101766709595142989376391031     
     4875673114005436747508148467819344897855949335070449945783276844537092     
     4257474875044864035746451135733551223913685880951407117949296294597835     
     0742954116745104072774024572067558938337894782356273148678638608382902     
     8677863125171955532732920081298725738850029365511516629846872139857436     
     7036595141601324858715361325655478263459396068908394557328968327781644     
     9163761248654694540338690745528195504655091888380975899336296709505507     
     1985555658621557900870517409233255652875880859324864589543976621159062     
     6933457621735671032697809662893993075514618999699197043959657680638263     
     2553384175169583415119121589506452159416869876728541995326069017454580     
     2717653059380534811142494026186734670835596482110377775345850957276147     
     4891285931408206038784225932253107685225139488319436410939893082683711     
     1877694546456543889989396675266127368864089955976530908132297762261564     
     2135957077970147106315170360789144898963533757999042358958762186528424     
     6346359015583034958186793154356610258954899425627996801547826971819707     
     9101847614126388561464871507417550112124577622888741947976223253455938     
     3824916954619809954686060982239910797412933742033472897115536723914518     
     2817759104677639269292941331814203661614557377238413083945767383610911     
     8141698313105199091545642125531970446471403683135191002116944366641140     
     7613985872704250146706308366916846188563190891497114585518318223750626     
     9871212668063654702668830920723629294578859169955965944154903762179920     
     6305149721575259829749135268046899838901517194737029775334052811732585     
     6781745295391880396258608351572192775755489972436499869479328796379368     
     8175474916817429770997916200807074900809104746027558529197589625363281     
     8660856262893745792246906743861773909230504778919307305293284764027652     
     3090339992423222715219225434136066808711346169128756404249099713047084     
     6343510739901129485648540293604566149188934771332958844317115568082513     
     0547153461566960929826733126102044419633764018501575421577498874864271     
     3349151439529928125591705882851983542567688292806161208276532126178051     
     2872283943313837527702406075788013353938196046372403666482600112189070     
     3553226863092914685631285545831144248767535645882251616659973983500789     
     5801306044058226402356173699954376668976291967322933609375680926709833     
     7829596681429561560065557293097583428755623687523964954869282171361717     
     1372292998339986327003454429238520879392790040119249608297723868300342     
     2376230562853183636504243876466616226410580585880282077510444507128145     
     1103551226681392925777928008032142635464485453999691639331065233860201     
     8257958611306688092554284533361190872319049294542511476152753557722486     
     9594407689159241222750071334681401048133980585615421974642166715205081     
     9540698648066890401788303761437244984918039004608215595701850003718036     
     9906527921580894075240146888611797988141383295424280102730503840708010     
     0677309759602239405783320452332632186875364458725129651818269558469838     
     6702272693766091573529158468101829871747544862938621101301962706368554     
     5155533305521379630645135024786131244931783478202625004817872189986327     
     7430239026354831711287500071419738859724238778866893733011856589579259     
     2724660818079038397422047286690656859130120728771534073991066348696427     
     8427495133862517821508511710633707136547781474866197805296263683157977     
     9724767859718659497697423770753762705010152507823142871657355968304768     
     0720677432287311373901573570916592728920480830189414069421909173799157     
     7956885960093982405793023713933212786634935979147515772753343450007879     
     3506447400144261916749687652612077758705111354275624385908050449443045     
     2607165575770358399239988449896719196313193858702938247612994721420232     
     6824174805678761060385270860858792202848530746024190698355840891168770     
     7962142705292373449434146233632600979507326722844808295285015551768390     
     4632856341036357282414851421769462499623958475274658066619792931102700     
     6682783423480289970952309006422251564512812786513650652012522837830152     
     7808195318928159088916812536185430894250509053847163442968074068417813     
     5808469126942898844642474385460331884488767353698691193819601254822411     
     8204584990862852912683916796286217751805755146497014869105923693326618     
     8238386645474034733011156130457153712834631145514184561430296852158686     
     0653049650062236214159413785061822599867119336981399099163269425786661     
     0039053904121888650380477154620586725663628952216736512873244759349075     
     1578362247686975170335669343026515773509982869895813803494403613546378     
     4166097001608205858447676374026482128599823280050402973350907506706553     
     5413837957984802882531693587710697681904989348295711722019479092417743     
     8366787697110628197812817813531136477213357250488356202946795702438723     
     3734961205936918243358097550914385425478120477772638575673878107423043     
     0119306747754908009734244098019669526594494237237329658526752472875798     
     7182566750380372894538331901777571568107382711895380267614082183385931     
     8800731675821275902912137141176686539974906735179771295102552297896875     
     0949721565728135713110271914659630041695563223587710446724831429821048     
     5486284839905044091747369303365899563512865390816901683328441283861459     
     3831741152561047775628486231657609354791855568679412578522922961705327     
     2347575605529148524407732579963725888701314845095878633908078343344203     
     8803212596600988093888356537455004089549598562828072179520294490695511     
     6893953012917075829148105451786725781611449446445538635566103367643902     
     6455057006090771658105515159916260432854267037903849940224220515068299     
     6641042213207292681142472891129372265079214333628443768239135186687884     
     8949143697674997183545938171822145421055032310608493919664783035213507     
     9070776440792030613527182632413553566995722603990763117245036028069508     
     3818778492714581279991177530293701834835497956115922100096012772875566     
     4699749971475214116823859734328073192331815226233617317858434081098656     
     2895848766523365171163472553552525542258734313384051966656663147017964     
     2351734894231533828488438738500899857013951102890482184382797930589173     
     7463582396836283538126025700578772354816754551521170755606937905096407     
     6791979260862670045182211362076030774392538289300680424600935282153271     
     4084865525916745836112096456261167535526221577646241349407161242221416     
     8469116277105885341821620011141243663377905561573558829499177531281084     
     7092426497368922492345510998678092538429344630911544924602693999653367     
     3679711362558176750690016942849672853503195362143254039149691289947574     
     0304044747917446728863334490442545605192344674340036933833731769906843     
     4408483489529186122427354822506925570491605819075461470444810422137643     
     6350986408710716721712052310858351342828399799692012811556161131797443     
     4662764733262070869762670026669058284620053467530794174765340490682422     
     5737489417286909092638935529977377602837580710135278129742917498309188     
     3380215980774924607864296779099414588243843745723711488000000000000000     
     0000000000000000000000000000000000000000000000000000000000000000000000     
     0000000000000000000000000000000000000000000000000000000000000000000000     
     0000000000000000000000000000000000000000000000000000000000000000000000     
     0000000000000000000000000000000000000000000000000000000000000000000000     
     0000000000000000000000000000000000000000000000000000000000000000000000     
     0000000000000000000000000000000000000000000000000000000000000000000000     
     0000000000000000000000000000000000000000000000000000000000000000000000     
     0000000000000000000000000000000000000000000000000000000000000000000000     
     0000000000000000000000000000000000000000000000000000000000000000000000     
     0000000000000000000000000000000000000000000000000000000000000000000000     
     0000000000000000000000000000000000000000000000000000000000000000000000     
     0000000000000000000000000000000000000000000000000000000000000000000000     
     0000000000000000000000000000000000000000000000000000000000000000000000     
     0000000000000000000000000000000000000000000000000000000000000000000000     
     0000000000000000000000000000000000000000000000000000000000000000000000     
     0000000000000000000000000000000000000000000000000000000000000000000000     
     0000000000000000000000000000000000000000000000000000000000000000000000     
     0000000000000000000000000000000000000000000000000000000000000000000000     
     0000000000000000000000000000000000000000000000000000000
