     2616597049130117423065858810889884580809164088105322829806657112311373     
     1328008176223189294877920971586863662013133045419468734759351352361115     
     8930988955003343249005125206376205728891968981555982894650804854760171     
     8306293513867309770825922501339327678889320800808141671512559485069326     
     5710235346341662278607038250610213567625244136305276528639752314152119     
     2603455346567868404528155354222030685650869834592692674142529580596694     
     3992441409269004918220958120819435654348397478643729912094506703630873     
     1018203587133749887828854426609523176571207582675911927530497735482073     
     5102817323136933054006349683368838187303023751300317948164361798402781     
     7690097513910211257838711957455784499430771568687224018795150623155572     
     8986806713518458662730094898039217562700262149616461926482354938446003     
     9987695235497000966337263353266417562402267759752400525374901804980318     
     7149118889213594712947057396952020123858178212603940882087351666937031     
     9490588102245004197953650077267492746923131521991069985674955367263205     
     5321691493516770117319492315075056207969523593866955343047965173199874     
     9618064178233345584221907949981576443579601754141340762973188620134277     
     5775865423853113880494246523904650650647067096632230784397938579878692     
     2719914783080041155872507352567518153007418680270380335829798501567080     
     0981004923538092119579702233997898517343310235518480179666072058814924     
     5501138712795613698600799492962427080898558942139392168878975075231140     
     6351698270907737861155258883172529832941553901674815975050430506757860     
     6612485316761279415599370527289005545468731739187392656889884437679405     
     9729503618377694084322034194341655564675351682372642991831135699463695     
     6977946772166601152724805968945295462710533993402454307365311368189517     
     4919313177269731776200467966921022973918429583139430026648332630156442     
     0915331369017217568502855191115621557029225665846871763259767935831921     
     5971130845398621019884048898348090790261513096978101055366718229418754     
     5340512892425397276133075747121772823738569546673721414353823578015298     
     5242825425376268334164674315009544825774398034408847341513631214560679     
     7438271044422538402716236645582280041103287894704826120174358812710519     
     9262531929023795917107484677579358983740344637412923139803974742707455     
     1402609095488746307863602928936377956261213399934509884554546242514128     
     1560855080153493548817915902915730506041089647058572178082047059287551     
     2514746455623889426897483254688032547178725536116304341838537557959246     
     0020854231733188437074494142677729769307025318980521572545333614763436     
     6992476516588123256995307706836937068561048698518518896797528217498511     
     3700375046027007237147324566022952013502110806221502813034984434715097     
     0531043055010040236654695672932684827049720553941601518151260140753612     
     7438697391310396548994302772024145529777464408298855896070540220377156     
     8520991706875043949561822702976402689670611163628905681443835175803212     
     4308735202185777445247710214923202021708981101550427431058979453044644     
     4629624077492360171349486851732445571285631275054903494364490611229563     
     2642969658041899139638675906829810083988724506358703106877024696405559     
     9014686852302415121952520237438201995594712024415035748998996808200979     
     5345346258746429613660056599019127806704419892248500974739982098944504     
     4006739570807267006965891123286825183801432594478989012969366373529645     
     7735747369170151803435068595983812862591040626013228169561327651121231     
     7095915632974413492324069800642428475988705082781084879537341122654618     
     8494059154811407720633190337416209612792668543048326927974667404877886     
     3507246704833109361006393595628318803732688322093403164789637561232184     
     7662588953290078939352791826040620519389371896221641504602880208353078     
     4944226778975604084939853734929571765745957368492392420440076437084372     
     0361840101420573473364537470460234120303806415626946703502724647895856     
     3672381653515691835323250560323482361597694806945088951553901026439789     
     2714339866586505026465274089630260770779517453637444555937609382309879     
     5475978451585471069159173747501681883619098966934020509947618729808973     
     0328320366772245980448838294120625254636551583270061778091551064765125     
     9005034114531152881996714719005381929065254251755229728031557552563647     
     3052329660623230706109399699818459607623723989238556576410429861079712     
     7903268062202454557752191804655785133137062761090285450645122996627786     
     7977853080433403568756440819655674124586026245988439997229664386208628     
     4113455014050400227228382601189329647146377665259465185574253443864636     
     7208344738900030654724946081404468692985315490066659521814959794107337     
     9258903738792579707115044523052835735045580403691379546584797752559651     
     0552896809467772587160604311339506750930554116911190834638358274204088     
     6694054081726703058868989803252858889334874370949633988743382252301394     
     5293701448371641912311711845671872868094328602261994475391902937889776     
     4795838022358014652806270434156539869191429015612229410728606640663967     
     8196221182593970185103300130602739330730811900701432990383088108908266     
     3033108860892610823257746183794513569986207227490905027158959541031170     
     6239539679553209972123687925960219199396301074143141291272715942960554     
     8322476428072336536279549849563696555391936567265357789423287539920462     
     5044344649561181066204447187457014220062956129555132207081801026749469     
     8835400012799673050380270940558108781439971056728953875425563589396826     
     8409520696322470671348609239465355085860111355249914158308617143015178     
     7058717297372624200809695626133710543834006619366839455890320474218669     
     0297623043675115378193586177007914317809785128089247418894480962872274     
     6863720485362503187422689852533711870162707584802115066707755692436755     
     5329839634236335120511124168771067537152865875020541784112779704362637     
     0455737922676804557412033084278663441031495656681302192071025869328287     
     1476359287967819691648814623718744175143965941942817624699084711589184     
     6792524999409231848703116954390384252300404523959221180054679009153420     
     7396124891282754839669840289917588383543797459596414940248323272981494     
     0166260043745282022623684442113776775638711945631140313603908377100504     
     6587504105101882163047810068733279413955588117206485173877955907776243     
     3360489818296645081326129620629384103525623310926248599734761098767093     
     6833174795247122160483306011342015966402774602018071522793425034276584     
     5888722406699545645611454435080161011152600018764117315650519521927294     
     6374329693447387384513050209017402873668761502534227839691937082111952     
     8269400251523099004153383836677337115507934975483656589876470952588697     
     2836936478602025845265459507582921682517396780598063882337774585921628     
     9422431052921653132529852109650486893504524458651955356392285886075851     
     6003324474636076240749322304956223056406990492378724960709818532070312     
     0159895923082488295630174661365870923956590260392464586283366299441638     
     7458118377223230986249382173015434082157335701847627867953947738652427     
     3844948049137013440388873500953050688953825074380223765936690845807282     
     5764652912227168924512486113369121363139108053889352945797747145602803     
     5986253196139518478751174262649394203493756573387731417568460787042500     
     0662941307459753792621747045143261293131062512068139809335958047796392     
     6139703780931760118067826882156001392737414053872629726039167348390681     
     3121225003353764609612387253034322246194145635959683839498542260118204     
     6687937249966626632742924731404521126656050904339021920865626347493534     
     5874708733734437434627745837059327056344636377209869725259303923145617     
     7843571020313445109938685810509761313602062821880814283336136879525737     
     3807458365734142155632530774041258678470980875896060191582472583950394     
     2316622759918609330579122686164324413449138986434595553400186208784191     
     3244598963654951365854084106600397406751506163453334755881929129053746     
     2282369674176858770058623531811274438573341801772009456567115222883700     
     4687904544424099137596047418007297392272111768831713888210138076962915     
     4253911866282058692369588911337098402534259166830056286753271284203815     
     2955084001671455579576249060138336019357815777378812917718992781588671     
     5330207920598806375690790186906932152724840490453985699973380739404709     
     8329639360640261497174284699589961292933759223877382231852127359185605     
     2038241460764014694035582201584866638701358202160405966920165270339044     
     9860548969389306821914077811605934549060990029252891928099092486043375     
     7717206840914437957599720764854973756709850637893999707459176742288012     
     8122930125594726525944276079393551292749196134022266905484778488488744     
     3630421125334578722615875604230589808485657950746558955145703019517216     
     8464156336484768766204892225249710605369479521825202764143439208263065     
     2107857981802527805568858110892007125837428863997996401971792005880451     
     8506987249169762116865888100858995278204800110588997627814823311681870     
     4432012792415059142149657572307165022555418874063054199523659441253751     
     0939707434118859262964921152597328191331570308139702854749708563279046     
     0414199239058019840043689893739191717805786152157923746789403063927582     
     9560819971485613177181117780955091579112748235344900275725187882910654     
     3986526255740971164367545198755604287186559636801039021907670454578894     
     8736860534707055609050729376420185046845926191162511318291200700624861     
     4310270389573545527856170447451730179028618449072857983608483120903246     
     0895075278576591280540768643094309481836063961680659206980681211168344     
     9359299068124182408260100681239243919034065703986446830691578190620749     
     6302779768666527014734870842820773524648504494806738131040735730850763     
     3170328814707060503672084611714562707725988709151131969414376179136120     
     5829898271774550268374499310544195396656481386590642217490783864646353     
     9222712722555665256368799741076964782739615188930001474320818254786885     
     1388912805488659585942206205144384181845103626193397903652837676079243     
     5466686667211273973083035966760072856214729532167170388137389208465410     
     8346464299746022930516455064619391522285304426003389560765632310550823     
     2805644300360433866169059459545473778286655916385117076219603954943709     
     1569823107659644394759826939754181356787934299234979434451675777614457     
     9582029977041944697052796980999000543126920858990680669919195019365939     
     6702635232731819528111437748445897849051270316199120146678278606083168     
     6285260490033866781629822719530988375240070700200812898692458328958226     
     4867157709593148069566841592614110720795987027064120301090234313895566     
     2259794420961676497300889100915686612869779445985004666563306864582462     
     4924307829226062314978573513148769249083687359893405359642449065025938     
     3221864926187747322504911906489072956231690130076592273444960157663647     
     9402699492968131286548189185178733187820365527584611905994468277712652     
     2687455344262911450055584603110577578040868218515067726262147449640416     
     7605011977666366012840370249463021851423598384983867727253031440380425     
     9956188076646708404678056452120092325380158347687409786443948921131211     
     2241194398100943780955595400528310402028012647344544873120801769115021     
     8156879443315587070698537257791289729467404772335162096905211816010545     
     8521033584850458401545587993355350895801943654173115455748694636415044     
     1045421410603012783534515659142446381103738426349021054545756940158478     
     1960106078530442527240422117898658119561844699784784005999120249684449     
     7672413895768538915380603404457601579638350265161835098932514632389278     
     1166592678402867130885958921721935189021888394390773265108264001892550     
     7171774167625576862325563695241412576134560950742057000366408184838663     
     8315798249011908922477500653393604347873318494398591350916898543908557     
     6821744841204505939256469064583370801808088373636142703167017362073072     
     7543935910488542117454762073177935594725270877398197545898587301369231     
     1660173922444170908903399537511035974480837666808787313536592590227955     
     9224953763567756456765651774955796528884363045734446272880847481804895     
     3307032366791397003768629849584917471955049249054398208764766209729722     
     5044467213866158133112753887697999076160793834291704995107999930778807     
     4861091594885672811103833630315952298614085458693477863102622359160465     
     6158686799538563416977945548256945128740815720639572391153103760556301     
     8342178426107520989564056274911702950287308054078502950725030211109788     
     3620825047111679982811659229160172964366978739657818745127938236620960     
     1695052481768757460074148195702854924962072183963752113484962562105511     
     9789305683722700745376887573767016614752626034138437119936381641112841     
     6042470437250136978075610857761207804365440819552501159265319444427588     
     2848272680331690961435481709511379668300719278006304236384115113252342     
     2374749606955453142404232281804216027692698229605025199327845116715778     
     9593977829637222143151199005098587926474838948095934298126075704343147     
     8631439352059713525327537320976931376713163057635865436961281905621636     
     1474737056245869834628079458426899576619492136413939778885734787789921     
     4171236493170945667387394270998089289116565997594112052692750689808460     
     4041789533852092823943317049913298662701691731822012299935014036871019     
     6978558593196815538066671394584402598851844727298236507996623243097665     
     5590730127318493198695766842501228356722849212552278188150914589046323     
     7753045575172302455487021704052731201094415793003307516822851502443328     
     8181223070202755227235667764635983685665833187811206809310509034584834     
     0883995514935669217117998558195357850981258090288674379055995575173206     
     9075511313793783936130635590415723451679037825713612464596071755206241     
     3190540815840259971483117456374508370199547094962994677898653252783242     
     3691517046145762276431801090182236126419584400570142933122370931688761     
     3734573581401749371936327413172593986485033400088364633029169157642148     
     0221434783428552934390048014856857595128572455871970630883743752234976     
     9260189979131233879508758845058257286447878249107477433537949915735071     
     7166870160473077107264877609055924171952351108345673446747775275832463     
     1844939588414698826112505346500183761478706985096797122026240066177513     
     9985816850638105045645667844071474962888402151244538764491840249161550     
     1136613565182531204069503534480285873494412453443938941039509123132629     
     9912860555768398963258604931101201098262823202970052999757130227574588     
     7842378609282151292740012705189775700904559482641713764104902252393504     
     8808480656011936577115885452510854485443129048576294373224229024611979     
     7291786290576124620870397040630169600000000000000000000000000000000000     
     0000000000000000000000000000000000000000000000000000000000000000000000     
     0000000000000000000000000000000000000000000000000000000000000000000000     
     0000000000000000000000000000000000000000000000000000000000000000000000     
     0000000000000000000000000000000000000000000000000000000000000000000000     
     0000000000000000000000000000000000000000000000000000000000000000000000     
     0000000000000000000000000000000000000000000000000000000000000000000000     
     0000000000000000000000000000000000000000000000000000000000000000000000     
     0000000000000000000000000000000000000000000000000000000000000000000000     
     0000000000000000000000000000000000000000000000000000000000000000000000     
     0000000000000000000000000000000000000000000000000000000000000000000000     
     0000000000000000000000000000000000000000000000000000000000000000000000     
     0000000000000000000000000000000000000000000000000000000000000000000000     
     0000000000000000000000000000000000000000000000000000000000000000000000     
     0000000000000000000000000000000000000000000000000000000000000000000000     
     0000000000000000000000000000000000000000000000000000000000000000000000     
     0000000000000000000000000000000000000000000000000000000000000000000000     
     00
