     3143804195398472179171201595961845874492960495485046683854570565747966     
     6759567616411080288327075408284728891734039853927943657177918382183606     
     6017485885235654631209545186147895640658140423050980921954193770883648     
     7073234998792517773903313581660038048684394248659178306693270098432441     
     5691062221442184879933287231621948476894893319209764885168905397500250     
     0432133194425755494066584025137417507864745155456189564070573537201378     
     8528685103923067459605369208140422018739640377787196137005904191820214     
     1544559570949147076620060411838249147761682132322871450780649655962698     
     9080356591885423803892221964708406877590687288367652359651132945257840     
     6243663933630853537088269750492887996340960173018235511109588427857795     
     0200483032926206164591233249168559332548308043243099533516753480747632     
     8057638135999652407078365703015799945584589777367413546057406610402485     
     6572767850483744898886954126073771935615110225292642885493058586544058     
     0489548997213518044190200794639238763020817160881248391805695605940416     
     3525691836287002927781385582594441883651899044073432637599371615343277     
     4497680765824956513680616609016147825931697376705047889171952827561445     
     4602611121627314310459000426252898320659234427415650612118560428784440     
     8113190236207070496581161009397981441514399395832502818307959785502634     
     8369991583315543718798082301434785049961881299018991969920585348739878     
     8638623685401611341652594404475655266066015970889171510572359458865287     
     7531428410294002542089403320725817662860644061106457543706173700879585     
     6932551829758311687894211177969744216618147191318213616425662336423277     
     6303088570404683780940499264722962851444926160592275773918771811995839     
     3194332936270424919232134035996789342027654997698708316989593670568568     
     9727790071582954961289723238839939510449567723278415363329294395381436     
     6629255123550727291119860882004065185780056671214563913116744691248105     
     4073877705584379502029039771800512521853341756218314112777813645119535     
     4011350792992822090876168856485684555994575232207251504928837370215652     
     5520804482602978961201960585735361638023020604541322569358322871404760     
     5200629516821655376284633991961988179225168020164768193538393508302606     
     8465776034265730623392039238549581797776006476132245069804216756696720     
     5164011742344842459535476630179056157834856053606841343690779996382535     
     6502068753347225332653672414872976916268342010613214920006091533924563     
     3027202923676686252580380697144228143421228298306861622227115729596552     
     2062440596797696858454341210847742586889076209508181312598973798557592     
     4906892892995739784727653414424435839524698770880761113717459013948057     
     1605405411131809015098522356251564164782745037547022051341968475338779     
     2345060579798520508498396009974880566311354930568058739091439009921804     
     8603361915143336215276801209818612711607208728881746906226516753173345     
     8175136596479322300399995984381916511679378783959888014317549130143634     
     1109499087829231402174689735549596827147387984873200749425146153301144     
     5137580913519516991966535984822606700813415909898185158786256612380357     
     9038982933591582504120763114201438162865563137389643530408880670725505     
     8314046137850636964027220969369214680760692237095247286342658842395323     
     9381785740681477126472753765194460357273640641275548671813533426065583     
     5976975291814890799122103899771604844377967931523947946863405994587864     
     7257379605279557703846237746490932007521340393482386381522990031946199     
     3175118345340467156517201518593095933499588961466436097480613425728952     
     3405692922270127126111914941547455563474525593353023099748229294542207     
     7905722817034182290601633414261667001298307668809940197159562588430472     
     9553193485120264693087999883397719920646383457825904808547136634861736     
     4834655883821448296084767147896275342749237175145280842003080014513972     
     7465010363279480655599334309743624726139751657694679090854144757988710     
     2565395829139030369338071608344834090052128388462404858408496401832260     
     0425729073603125462947968613107680936122832272008681690412596396581549     
     1246101086035732224951671285333230805233739485871585052404576615984729     
     2055478346920906533312280556950802812667893185217130881895854477086887     
     1513839698031893667580696454398671547418793958712255147681371620996003     
     1678397079275748714868041961761990497086092244417988193387637125295216     
     8534516798688482806643662722146095063457310630964970746651355620347701     
     3227030569712512980603447625817419131023278362220550111960901783524506     
     6914885939631361750819714937047499324731769509572782930628057677821058     
     4954149225476763366820317553688572015016178179664824459238272968845740     
     3862579879960300932153714952622705914629594257261546273624578595934941     
     9422129642197703248398025455816722964354350010038005521723796120873884     
     2308073665281880899214174907514446475205603384340938945415660402908279     
     7138535588323974213823700446377128617978682730944166466228260512739055     
     5278071335095702122748158896966182919256534261940991734109472524660111     
     1674811872133148375380821678610969233264355002930600200142589528768086     
     6641108899894539060773561261254076790072433212324224571384168577078389     
     1848942501833091522707117648981511278806658732280264456476746264925171     
     7123623435803213030636836654770549654820321698014041658085705515235571     
     2490495357884162520683873972065034072471326309609733437768757500087575     
     9907210535434410869948369409058701070271573800605364217312195544388753     
     7081858532310792526597584719132861681215123818120036310898162192727726     
     4168026743205862980146399716755314331610719183937627531869394352518462     
     1338947898839284057393648054168785543002946953273029527333071602424594     
     2292488188892053724489636396036347508556458449016066851482147121938709     
     2561985810898130182734575609004113682071324687311611104915149771925246     
     2716391874661693704798815964835387058062137184742784112733272509757168     
     7440680211479997838186110333673624402486081026547444190787814722236107     
     6741882573795064757372373843697996142307126993968070638823098516094760     
     1014407883254342440175925564761173155454603408295103275675219118415274     
     1206317080399434978462855554109630539652052202015949552882128275801299     
     0186775994576288499281698595447147741998170559212246138145830919173291     
     3551959051982795118995577865781031333054976064653622975912808605183176     
     0637167825800003758217607903369112259567834494959604290843990091867608     
     1047058800532873636898857704271580339757821915560873292403179840501406     
     2103167453443076499195463011566222659437244304950228680450033177038676     
     3872364308091224129107462322458485196852580610625817649100551765168397     
     8754046255519608948823162204171696349141893384816185688433379480391904     
     2249585345700146048674401172146835569384210306444984964346852254607487     
     0932898584632221772886518170383190206906808453775723243118106516122835     
     3027562978708889362186125858277191465778348510606308465020448987012604     
     7336556711737060177902986328819386538876406959415026608144603165428043     
     3816559024862391601578090329808448017328242330559858662566499773421977     
     6000000000000000000000000000000000000000000000000000000000000000000000     
     0000000000000000000000000000000000000000000000000000000000000000000000     
     0000000000000000000000000000000000000000000000000000000000000000000000     
     0000000000000000000000000000000000000000000000000000000000000000000000     
     0000000000000000000000000000000000000000000000000000000000000000000000     
     0000000000000000000000000000000000000000000000000000000000000000000000     
     0000000000000000000000000000000000000000000000000000000000000000000000     
     0000000000000000000000000000000000000000000000000000000000000000000000     
     000000000000000000000000000000000000000000000000000000000
