     4103573574942459700121735758123612909433684592391987137254613159556409     
     4992461252414197071039749403466624043521393347279405081173221529617313     
     8345171832765805544430466208614285719949359115014325042024381263616252     
     6740049366982707913100599511248530511417113818902059262514182066392639     
     6268364511945318785326613566169271094898402063954079194687578546974857     
     4145717533186217710666966316718937466315061074879912915145401278073424     
     6639014792686281913794631749191412779820453385805306771169562682079311     
     5754141559752480355227554133346994072938404000596258563971390221366653     
     2718321396892157167403568268084840568915997236587731159967167224123473     
     6754312231204043249097477239043407857806555841595172161524166952933696     
     3844849528440641861076647969858300862727459518641949770479610075465991     
     0773914329633573763495987611361480644112467170925349563526853277509314     
     9405747644208569084795823863463101133930957884412057639777976043995803     
     9900228485636620623562993908434975383594076587307182262902360672357555     
     2613297745278149356732196189545060789135064041784643167381577315740321     
     8986979642742576002364529495390456926708197538543337704356177842034756     
     9759365072829889492865322887793979938033054941733770704994237885758221     
     9834738577913552882316429582773983057020352307172872960011982477850285     
     0439701161167866011437015824288341014607066810468583207488017672625989     
     0981419579723564085724852198821830194443557785750793160708537935566466     
     5513218427782803763959032226199701565841630906302844823568040393957716     
     5179515325631141549771281891924982798393827856110057408518581591531582     
     9584612679747827275172368464218681286460969067722325036349730870573873     
     8769019319502461590623203595232588592425492428789715136932173387404487     
     3363205747719213060365999237847698191792563983642126626732636477466854     
     3086666382819325709675372982168605625203115590063721952048216240736587     
     1109277363981254499477633352709882223189594703293098991391565333097974     
     8197475271328734813084189807618076083440626214270943425690452291381671     
     6590419036507352587341552306507938928914461035307736655715611183033990     
     4641936146764885389861064763099205344109232178875394635887327780483042     
     6017628430823509163952983805470715719189872008399859610728397941668656     
     0863442702861612701605785541309568696913612832620405915825885940683483     
     9850905975215931691762191823149866760387745625783987494279127227754096     
     2001752384073893848065628573776059652101956827789386473762907127248640     
     3080083641410099955327703079502939078884707425148006926260003272709093     
     9762884050280483817025925494371776834517106216559775802991213267126061     
     8049065530527635018608688910047639802333236260760536967436296185456669     
     2894958747321219078451856146375392189859736814792147248519764347096710     
     4993075661665913647879932445072990411270644603625420816395099076083228     
     2826906874192809378469991619829976335208851300565346955103283198202711     
     4976747473836935536589659215883120213432772866059442939240923018746282     
     1648647697013288575070428409586588003145029896896483334997457655752400     
     8576695136953786970091107140987075725448994951912808820822249002459403     
     2840203966760110430017810684822832285858360324004509865349751542112608     
     1218060842810446401597376383458996419487453409311839631708480906256685     
     6606313153350085351283939745869842828845103862939573838922634603531688     
     5067207397376545483658679215962540525032844693948994972858753935680043     
     2212301278926703150455762747297319839807873602588696876651140580119806     
     0710227269792851332859170761854532120835251852185573479568553513775366     
     3870092116732561213854844823822345294155323726394098825570911502231295     
     0983152058239364773262939624808529504509946692255458364439507352578071     
     9401534233546339526685730715070440304266845589089777164617195891356216     
     2474962535353416651819792147517630956477893348388759733141772889191539     
     4881253310478375091084859466222913870793759820694549045054911494912911     
     2910433263237323434953619706398604602540682351130816339907555980977801     
     6484447409022845153500833102338957019835951642919512457785260672287291     
     3747990311152935759453573360220888706041095727994621379482290690477058     
     4721008815147335367034662023961532783647087826790352910742100660888370     
     9783852140724313907202056532355552818264073176236068145569121671868693     
     9401528245791128746525275584786309561923387945849511351318265536330673     
     8188068992130389465323041906261794244869540708533604251150870225896919     
     4934049674275411650904090613786254209201348539629702402122114394938937     
     2979442650721091908486696148585912339194639001917132172939942889954119     
     9128861195349383515425142489120358207696930458146858489127791534303727     
     6400761209179839977031632874184585035438527889797841772091987306025454     
     5569930428476262613225577521063389558843950708349172589258480267756515     
     4101495116888992274612028428699857124345920221540841638366929512124449     
     5356287383338344213055270607863301314917407900207671951955104055540251     
     2892134842706156655355460257162161693463048641248412028668724664229256     
     5096505909984366122096990565215568957772557347252104834928059747598607     
     1870386962956192762520139124018671490787357073971328058001854035090956     
     3243308301896898715950798905343925648218890321895206005619348293389980     
     7940172531283422425276507555086304223407729509725970980868192250488197     
     3527275565747057701552037795034233171594722224044629427280048984722125     
     9480740172652116438863286867418652939273800276926580257821325125456226     
     7129748589932920220019227128118222221197641392661184929490334539702388     
     9521894996340275788094196556574528883793412445672647687563609357566559     
     3191530743297777394788093364370982397587589474281623734539005131480208     
     7698339826743190537518815392933714443726350106389736978345678993494991     
     2164803894543934961462146008485599238823093629044060885250631334247310     
     2975964075445201324439748565491353538883914866788623298980348232162649     
     0190373983820617065474940649495336741095788931855152761285938881058268     
     8806746463022537703835865980150803103222340917940928503649184206782627     
     6313229871530057201145992897525728731299289100196228129020017398766421     
     0160467967948838456110615558595458448417538855288979650054493717441157     
     0738421717527708211735170220036595675876330243144696050703599624751050     
     4337540932834313035449954208860158527088181691411407658681427903456982     
     3234011299694800266163242981190781978027184563790065429521365611741642     
     8639167808202873252311841808409881792010508767395423797731826310015329     
     9266571012946094513376172683546541964181117335376202591468351932913699     
     9642455046353868569033225881332139089017272921939484574833424040517599     
     5037790576483053927067917889783618978908661728414403367949189122830629     
     1270282206209698345034209220491072706787587726833887854381062293583338     
     8200816769502685357149856570268169689983974004118485296311480076071631     
     0627786839527043952921552308920565370098936991744369451485712878242138     
     7751350751764847637976513910176945616558692669724045134831294041918946     
     5150101978067319290388987199508854177134744358673879366455643792297483     
     6010092968885242582895310971722434119798965326631729800377083287112719     
     7424013082834984530547646249201639061124275199655518624694267024709073     
     3921002643608751387124521034081465681607827280071850778918990347214001     
     9956507779101947994322888012401086554132244505438686739152856730140594     
     4884190082344653403309936899705392023379665202041927930887797242064490     
     7522601547419821306938948204141180839877561150350139761186925251762742     
     4533517041024625727284374326965349040340760907479718368984212382408499     
     6350576317888469988757038743103440744813682059691025415738664492994134     
     8781159594935142866643532243218201203541936943636889576043908077609749     
     6229585461378688823027114974314012772959474216574720097422903573956824     
     0711861753349603349363910536008330885511594373851920851619294580122527     
     4668526922795549562927689795511332634624000000000000000000000000000000     
     0000000000000000000000000000000000000000000000000000000000000000000000     
     0000000000000000000000000000000000000000000000000000000000000000000000     
     0000000000000000000000000000000000000000000000000000000000000000000000     
     0000000000000000000000000000000000000000000000000000000000000000000000     
     0000000000000000000000000000000000000000000000000000000000000000000000     
     0000000000000000000000000000000000000000000000000000000000000000000000     
     0000000000000000000000000000000000000000000000000000000000000000000000     
     0000000000000000000000000000000000000000000000000000000000000000000000     
     0000000000000000000000000000000000000000000000000000000000000000000000     
     000000000000000000000000000
