     7194356030025658559832886443256216296709483485559496937981521301091320     
     8107207823366549709490400261865693233198733843093578362097515011827875     
     5160272361514631552816828396334828498776571078485885482428873693635480     
     9898644773042512333469768685305732346152924454479686684512381550001344     
     6581832012336032101361324495725341288144733248584547535446781051698814     
     5496182256248987093624787400673811168936709757223015181013929165420934     
     1079986958728225225077148821532938755698511556218084757041678266061525     
     2251961091231740970962155680988266573707301567325950438412964276137580     
     3735160996521428564480538784558514269038618760566794827681466856051930     
     4299778986952790096236292804331789689734102256163160109909980243970850     
     2767607374305391803950739443152703383394841139760229469791459823928962     
     1394409051197761461213044164627157364453187050111698090119210961185210     
     3745389064817697028597903257130395395838090170454805957480600867522710     
     0709163493304527658821503994967223421002327108251695206107426370784692     
     9712009577548575829819156678361067858784554173151462519759056472787174     
     7532259158849223042312539560148509368762367352772139488223253034888237     
     8690108945296487673647720655070016338307921606219854433008552071911300     
     5465291227744729304116799179122373456429706182185301365096492338245426     
     3171691508869187447580647806945578683158936377157621008866808859866284     
     9644565200164611290950853987576698327998814298288933675099242148146755     
     8077945561263774836926452906921754487599580229492772289530254575716832     
     7793263104718101223393207498748184037349724179335777406404091505207363     
     3827098171910176194467945703785799483244909726771271708234348418721151     
     4979573099705819887306648783197197918352751108756050897863385862996816     
     8627207507510212570679947400397242036392568883248886833737162950871287     
     2573452336379637589283325990569780615309313349937113325102237423811992     
     3020887221677051587144922742640094483670048438256532862038673780246025     
     8322138414827295938803737791866819507432286239966934236646318560648680     
     8123860362673742325201955880565522525892377472974911007757751772555124     
     1976086327825202611490850113128491136927956921360269769774202569421960     
     4754166158552427709911813024341980717659331564873382780412353089480219     
     4600307380603768219860692559749952741783372592396699206325932076151100     
     8113832278735231018499748045050462455300669399311150059043022111664406     
     5058724024924196191710639928776398564662575959020121387987277893959383     
     9738124286653068671546669905372285818588706284534938819135001159781160     
     6874002764407793809778993526060673675501699230366706957756537576003438     
     8339782535566358626018098116825547547109355375469730323990519303888372     
     5416285323707694623087972362547374060020505659438870493666141864528280     
     0330050927762705259476155683977256452504690543423625655290730701710671     
     5664369598584276915769124604691272821835139800311572580423069930873595     
     6366397886778000505575445327847769087439958861651875947407873232119206     
     2803974676221003006061721028618714266792191721176312082873520975361573     
     9276395960975012862750550893448727215605056346943849976389159070319878     
     7805384497782672625553003427762065099159890112855610967848345695879099     
     3671991592483001974358935588902486482068772585059577266130657448862839     
     7264289384127910311319747225048727076888539130827342592673219113998413     
     9297500456009343056616570754282771828258453398644880358982841285434652     
     2215147777208809866245875335127006234042691479466018218541638142374592     
     4331770529945156118643970496575735750174867991494754432895933717619926     
     0286370887402388586089776078474237830293668004169479867886316406613473     
     0140246484885741519334190811994016272437010761689862844474916901095780     
     0400890812614545436689947884858783878537947775656757927970695595822184     
     1478916891204714303407667439688532173386514572878436190317937107927096     
     6804685583155238959958426283056142914558756770799038225458143902071000     
     2051205947131761861915543906372798100005363613952596196005012695332435     
     2233004847215555269411666688793330562054459746665275072184665467508919     
     9885160008696476333044324798237904618551365207961672422476224538506360     
     4881902696999241031500407360515013311299894703755350934198031930731084     
     9705843170415983488800305171278125836091309486421492959008263899071675     
     1776493466783497439242715114905563836446259252809950820376404421120672     
     4140274451281819088419992504050292791236119316250601686099171325986025     
     9582806446042396340555718625501026530234753162678328280039397696479351     
     7938665755557832893075752277773429805216371198095607582118387339219426     
     3415558363927897164223353416884253371883771329121030157192738884483956     
     0228615658803321130281761497362618912261226411664789670058012545386353     
     2355748294844654358482160243223670143333186645789133914287930844887510     
     7571561628441863337400998965822214318823715362948998454858092958021535     
     2266857509347874687380755258534742381720179754873723465748055817093671     
     2795861369828278354125829141388891249111302872166987924630081987652699     
     8839117279513256875114101765429338545371841829378309627245376703060732     
     9469399898593822652939029124895683030464204514137786665746405909240036     
     2713959103055667576855477362487978848920986672593655138831654857908316     
     7924617699932481331615745644544859053066948178509977324168523834061429     
     5453256273673163218550052225187474596518273342397891890835530189748630     
     7436147928303926678757210716675135286024038014785171366862493140334838     
     8670445894446413265736471451584172225367109851529606093846293731800286     
     9702201643990330636930936054474426041977309175731692027913382937691219     
     0684467477797629245915349668566647952154481699687048533018857948292820     
     7605560239069951901685427549765929316843702347333983850369355445388695     
     4576951542109397539917149312487838785959103623793691824941651158370057     
     9154673568111844252065118619465669494220709737619544833093799193578791     
     2917419832413630109869714599563289600293784841915336797289623753244464     
     2941353368472596224914784242548252266264893242952066435780047528294059     
     1458759683491294598960661491163810717844020767953703202089034388221278     
     8499403730136202891379981393943932916662011328045816788922737068645819     
     7294211730132411882908164046123727783710051788538694696529776599979015     
     4797872071212763900319163042409643039263481479020714335028603393418140     
     1147614343047780465409422632517169024682169493176933011002955217563705     
     3485777611224169568864774803951314378865358897980015173909792514324387     
     9702868651899068903824199519975059912406473183700154367050628583270968     
     8692577728845585156122692579228229333365336509597692880548098423072326     
     0510099785635357559246286790228445038314789268999568819123163354065693     
     2040782763320748255342300359187346301143597127055610328820436612810216     
     6370542798660363970454851778147762084027782243306081228446281330375998     
     0372406199943496287771436185842860299617070543915344745108602453717552     
     9886935131878170112227592846897466436495895907870451901166481634255514     
     5782702177488623571942397881878376092196286702420067779720741254566925     
     4834372350003762390203945758303894149596343424583670805654571554990799     
     3909214527991397932304898773236132441339163913855615945380047912886638     
     6096428107274105335884393793970855931809079629165342398760691365916045     
     0243732437622176477305475212948351947760023901403640687849332185465484     
     5305225978524200105581563286600337092301109743708981336259081680687618     
     6608270227984402565473865875459547911851620245099119998142971213303040     
     0530288024935087429105289800089755310971904167015035013880453707147521     
     5439732629394140494282453353293704403881503976862799082244352839244145     
     0908283926305166208795103167160380807950861876285977944785646261479104     
     5335063524104623090434718699092408882132739732381131786441536441226635     
     6516451996745950726377173933523964614141586665391912426705342672444930     
     7935435887965496242272900578668328969427742627999711126546635946493557     
     3219326226134440103315267268470685038151293549201449132699207205153554     
     2460884844919806862336641305061405318195289674374269209652734745321580     
     0711744200456163206621852315750226541237711019808531137353115804290607     
     9819871979171021503579584068676347941004204037380573573581578521691319     
     8483812126375781456008344260257442218051776914427160474391724966727316     
     3761540005968266942714675342257011539175500054384094675430647415085167     
     1741166563386915743710093376179789926351276265425722724397416759618192     
     3528605517539279638470998992155329144676220430184389321331340392865116     
     0950553286703788903641590424245292590105824479531754381940633976851403     
     5946394432164067627293081432595814969392732050019930276839938573503108     
     3174841281253068772140869348659736741494155822042726364378591516628014     
     8871855207241396646270561206215785883663788066430168788664784989439660     
     7408792062800142663417753665409777575254653315347008259950766993434395     
     5803529533936847107392432164034631957302128762479525346230191671371256     
     4914523323105986392096011905316153748888924265414974407765897871103085     
     8796070295743464606800138009753040213787346824778711894749677157145829     
     8057311413031792888780914398213079535966504045732255334911120620466196     
     7351870728059907269141672447796472151517940002378372046530796624981782     
     9643764695036900115028656123357280087645535205004296287907820545198803     
     0784857144663312400822938248135416941179313264178239285930352930838132     
     0167145443717589926953579733699622689104072765053380901398028779898050     
     8462882775668909752447505248093471152173647187643413141112782153975079     
     2743833410811197339416160890489089705641702387218807913894855728186850     
     9256653427713132416239156071208681861987735315863976427512174402008826     
     8421632927206510118885272872342148937575948324403991176131122822285718     
     5674912134951387828709523274207128314133163005045159292717813001903772     
     3805648039727826805767877024040793201927900545312141655879174873321566     
     9441820931398926902752917065570332906282169059530124970840297082902647     
     8089584988822224433969191750394918378568437342708617315966800086280444     
     2352451751380121798263284549684095020720237276980919552597943272027519     
     0741730436527718796847108209704002941491347478598453658627280126733611     
     5585592069690006989553629925169925275436979379256415097318681258940211     
     9751762543906439304004729790694398191789793392101255257774155816235185     
     0098816714284549093368163500067938787271294385667899476169667375841273     
     9737866620690170922262562521325156796877175207791929100527223584966484     
     4452178244376340276338827003312471386352884439234227845188837980926283     
     8324124056822085784251203769825341185732682442079515862370317002799146     
     9593553938717219070568945523372079917725756790048098808041057066746501     
     1897408186595529286788744775064674073656999127636290351379877267221749     
     9323819927353467247258571612818722943998382571874691945337483939860511     
     1083586713976984804348610594426299974417188932377165752873729779907284     
     8807276226960264841158993033068598956887342793211007365216603276241867     
     1358455848351419020426848427384690090879755732494574238499361695569627     
     0951341002489320319630785080910934570503033728056220196648706181190974     
     2518069385959400861416854860875210068272896784049985025057409802017642     
     9497010918404156479951771028554039409826104505542555165183796742501819     
     6710979775828470706724288982603193554745009954548825272862375936000000     
     0000000000000000000000000000000000000000000000000000000000000000000000     
     0000000000000000000000000000000000000000000000000000000000000000000000     
     0000000000000000000000000000000000000000000000000000000000000000000000     
     0000000000000000000000000000000000000000000000000000000000000000000000     
     0000000000000000000000000000000000000000000000000000000000000000000000     
     0000000000000000000000000000000000000000000000000000000000000000000000     
     0000000000000000000000000000000000000000000000000000000000000000000000     
     0000000000000000000000000000000000000000000000000000000000000000000000     
     0000000000000000000000000000000000000000000000000000000000000000000000     
     0000000000000000000000000000000000000000000000000000000000000000000000     
     0000000000000000000000000000000000000000000000000000000000000000000000     
     0000000000000000000000000000000000000000000000000000000000000000000000     
     0000000000000000000000000000000000000000000000000000000000000000000000     
     0000000000000000000000000
