     8189650709260967597124140664192136164212359028104564497098218281289108     
     9000448657473844310451929599023372671089628890231799774971320868476092     
     5303894016366527474142537259507702167868540949818167952254027312187379     
     0644335310594184260839032696341256078905342142666038176988557679114255     
     6756022115362278574880208511916960000282659335174732774780474086150402     
     7695758386708832135005001531493368118602078754830424604603305147161785     
     4177565315217754509910680924938412271742522734572498071492961010079781     
     6427098084216273327283697912701513809325656506678938931847051729660355     
     8234205078368963329367989087797596925460046668061374406210423953830559     
     8879748038221161579031897732594245235180582765062568470398467564178664     
     0531513679177688262686360309019907029569633717767829456669215110003087     
     8465915072002032027847005359946697391658759725796832873649558547426931     
     0765269029213832405085650050156600983579899031261178191789490773944941     
     6291643690059870973065411038669498028489324311025020507773273945451567     
     9654880682595071600363375791367323536635695612071510163020958803879789     
     7652669239466476907439185281053134143876853087604715429437974153356651     
     4681740110042465635097736262489011579540094856128444741025482038984760     
     6701723452437710325333857195352371146388370945972303480762722875568495     
     6423669371197329284910683948234188978543981491829132873144054032221151     
     5460633168294200938462495420274072318257562177530060841806827951537499     
     3300379386423399477642142473958607838616961796978754874619367976709088     
     1057701902823196156284400772199209332721201779676365885777110090760028     
     7848021321363898404703859098810503405403294205097742808488966894844445     
     1104842418471041064774645788519953804860601330442639276578111970552921     
     8897805383012308198121025768277507512914136828178266808383458855466154     
     4546448556735119391125685918361900561701011788559350804017429414200960     
     9257928897148246264386230467802980718256368182806904840436513043707796     
     0336068711186082355315730553108853411053995132749845795381291436621848     
     9970824178918026622740253046526856945391601491307462928730611295100256     
     2759281315345999909044250891885320673358198387937294970251647725106384     
     0632605976433194976330937567711438876098178593270293881411979047327938     
     7193216295095104806609317329116378442159466887913373268145571059715997     
     4319073070956862480864787825511548808081646566035263585291076510445541     
     1734076599032519819118153068852575046618785711492832717518367577593831     
     9057401467523910891610267215217506270840933924850504771591202217209987     
     8210507880068680567390544668531623140558965144070188557432799851580055     
     4367155501416932041433604113401533275397092027264528077052815708244269     
     7475342247817171372013220721602298885473157208516315822981524231491292     
     1232108558032279544249197052248743653189067680588877400993763763929405     
     1208915254241739951890979495037306523234552577332897244991446595036321     
     6367803957834356509680036943545961567724508817113524083861396555593370     
     9537821451516420995920166637886225197257253840810257398410076091029293     
     8629674856838358731944905891091635455033089373269554777660564879129713     
     1812892292394711046218026898350263376107024613589794467924250280258432     
     1304586542195675313461508240340777479110285047534021850218975741499654     
     2529095926061650089317732742131083828986604617133487631573701120241621     
     6261683278602533747787756698970166627579523469068875636837765510883096     
     3808795460440853117871681004168192548843832712778114833615964513966216     
     9680132937027682600552747346493462507742421988875353009854572359549384     
     6783679632812048862556610100873983710165746518110888155533550260954892     
     7049758242392965229495381524580782305165644279941779617169559818304721     
     0795515211680668556726240343967997637272696400178858255988360912524951     
     3547854195069403170836986664075433902195458886595022623149444303743206     
     0945510792572633344165541828695931380169781469635697092773856687828981     
     3171654846132666716673289156595262949628334420342231946091034903442876     
     2894762789407729918671948992416628718995391920774344805494510904248191     
     0079172598186472926632491671970840450167072181967466795528378408117994     
     0396139224597890033924846646926217374177071635290055334354026569849992     
     1543844169932744556765027576243954194788686985480402121322884109613504     
     0461494094855885773151693321858227073067074323280882665412589842074648     
     8236516207834497803123109230177254615393367301891943162385317435860477     
     0755066776401644600767096335045661418153431521041454807773505345058160     
     0783986572903641600095594167154760987527332097589750754314932608467564     
     5306962869992089530556701464110944625437222598854186365169332262741942     
     5611479868074548847848853468705273695477176233580623655547539730035880     
     9885815876741110900094939687936878654177314323453910440412328057993994     
     4937602225927466931656131772336041122166941844471384794980076435973776     
     6247967131190626921690818944316746464585170967787705695815333827045612     
     6408786212453774348029822802664149160495537635015899411295116668964003     
     6613390236879340789683141325293693404057967899204769306225380993007662     
     3284225789401243094719683023549463870294240640226109811581273102585288     
     7625878669048377564342088996662724899141832038749981548058950556574055     
     2903950192894015221230847336414538575009076483760921270793675962293570     
     6708439645576079119041567134725994856207460664117526984828119249948512     
     8731550929012147126054046088577850438857474624466087369124969719402015     
     0129135377988651472268393333033410919874785806605248646753740343855907     
     5162539359429490559504517980389576841667633667245582268381082185117442     
     4008917003711908712704064320500102890303143182041678854175655835619608     
     6677588153824499128628797991778980880392954877046945825589534411230073     
     2563201727913976961967179407230240604892460010731633941873219425087853     
     4367387035541302333101097143474858792720103569598755176852934585373971     
     8308813108130449593008848482615763787236604754974633399907491291594696     
     4488208462296948682887007145710167430823423318623864633354021272425725     
     0675829667949162973489752036109194569842381948886928539179373255429398     
     5138160628984681751126226037286999873211289024384440808263997982004408     
     7489018047460655668159820008325668921970960652043513933122550223495724     
     0788032151672447059033263307635836085507298542369379396515330723536474     
     2949886268203093341676351500803350382622157250643598278117531003184280     
     0513488590839013049596050071853372810107915175148740797663500731203976     
     6459592436516828079068006933520131877219719984923228817048110305616091     
     6949285539537111695794749989564215464423070421942815393330091117156362     
     1099187420255059738223311174235811218797197821172142765413800514221736     
     2236277196226264111997955552672688957292198762308749184610093151309688     
     7999340714149911919379303109704981307854151638579310553677856376633690     
     7512244098314665817966734653554501236665031682864871505184654680825730     
     4699156109666302786332848302691467243783204225410634270317868366807193     
     6312037568148036475965783347465421794320481888049127049152900021520743     
     9628936450883293005422160991164446798232798408275971954915401496999484     
     0188773768663652989439561277300491440429329623754541029585382979319023     
     3625122425658532297702519852772698590398894765545193363079518489348944     
     7237387047422826743981110418774311737656444423796955419137526919930522     
     9490553769984163388529546116333189782142390080568538436594863461439542     
     9633121728593746257277996995887900562216999224698356137308587404767838     
     7268851175234378070695867732094351527300449364268984664148721814867377     
     1052831899754997739407549831805944569550033231616741706551798135201866     
     9436719449910108174722089414674191468536416526276822183216294123062704     
     6792235179807026120663800816393355297550750564160045896401012503169032     
     5381698709409655653573523243187841104058765163852471055360930331227525     
     1001749202569058243741691441953623253351130312715140197073470657322017     
     4116766204498723848146541289204262725485487714577804174173973560455173     
     2836337848305766466297091531045098520273756207479248284358501795287709     
     4567774834963948857181370189143584555542243327089807026155770492885552     
     0299065435571669253361824621753320376125577150294219518752326636184290     
     9397533998931922501397991113117056140184862494836435073850964376440341     
     2898210882647878434209209709511148824787485438839169276531091885905206     
     5622396260803040873782566655633418628035325093408056969053051824824868     
     7605533269316155128935691391948720409691059910707488183749051387000328     
     1218832809596698584106455820018422368364542296456541213214948849903585     
     7989022779835518147848656723770267721543642236015877700521739225365035     
     4586975024300168215567559878961543078796576484219009260786789356116498     
     9268951194378955603330271094036184350993362063041224312227429590862767     
     6932417983735911146969053728344338700423941852505086987121118448739406     
     8999596265018890917916223862109880801420530186287546130105407553798211     
     1557223436539514081224388812060861910277547479558445743670836452533209     
     7516901285151644591172034516633865315066130601638841585830652645631882     
     4692393159179609613098257950952595396265370326041075450350381342845741     
     3209959495933080150772762335193630484052357452375891197755526352543468     
     8894231323633509086045679876873874545420933940510519169941802993190562     
     7070739436852400157852601197100014716782067210538628382973024128030753     
     1996577693684822981713384061620605551203957924530597534473258946438119     
     2151733532683370218816494742588291913752605898482525023655758371422738     
     7334495940899436009080836673468457783531354503118401667291045421650175     
     5132248422414995743949289561349696814771419042426695543381823433775386     
     9782665765911039827458862969850323757978172584713686019261172401548758     
     0573405700698618701862271708387860371183847686661682601747656291928457     
     8677510638575257330346773586288262791633209501950222455860768405483006     
     1870536701577564877368418424053481571541098154194255822618706199352807     
     8382373096960198236015119317449128046239415406545870319944224290807235     
     4373532807293574025770062228703755915019894583941935810944449840715240     
     7144542367039529954803266528293063294734390434767769925528887363664702     
     1433662249942540214549171715286538893157674719222128660010644154920237     
     5605249787818580753244807986198652903329634552075557455540075012028662     
     6270065838344605252865004770896152931074342159875517259815463171259923     
     6179951427326738829004631050134257354809566943205201821756499412590232     
     9543747819228601152280384001004169994503650258612469169207850228873846     
     8009309965289021113032324981907778462599943959066150671860708084304746     
     2228988611720284938042725690416080273522804039804759050318452584475266     
     6024169049574558548419461493372068272454664877206264133094454016252707     
     3035293383159262928263186265963655766814475050580710137267206284350107     
     3712715828085702571422787574431765315627451629649157526211586575601117     
     6504533854245817879841988722088245220757495986906521195560037979463516     
     6394748844608653712318415180962150624646410704850483828983209547217412     
     0533413633682428866936567044093456963183238926527061261366868550458563     
     3457311277367196321708413004747269778051610480705899124214020964844047     
     6140346834305124971325076618249742198270766291394567316280493923899131     
     6344059277299770118204058313712183380196226200265049705706020372046494     
     9615813249775805711803647711126059846250283199672609089882426000294404     
     9915652491499978899516053504374376087956635565317259583010295127355599     
     6847858256955971887180336779165698829139199353003039553928906573820532     
     5942293427754995167317040670582024116711237620728041886949721522927149     
     7980036458314678434898756615598929717924409799274024053799301777312797     
     2757675659781847237954070756429197797908878197430669969899822082348481     
     3432948583567133665423112599602077884941093687643762870257376822863351     
     4010774778125996455290875980390517655826062268417281118399757265672149     
     9651380677215511768517778414335752237755427630888039866063848171309362     
     9411161424746576497016916525456166434798248636992581474274327086937626     
     9475580514574336915022320820168568092324956933170633907101616390436994     
     0459947054054919879731550048133280781282040817791706166247428462318945     
     8010955749407651426323890999389870947659074685750185891088669007078833     
     4830162187065969448435532685058321723083803315782787332789714080299492     
     7530359409654146905835204296106319131070302250771873020036096629655136     
     1010491423955030881615877484191251076869569356769351581363897117513461     
     7929352533082044358180929595136013589818502100647208564110043730043072     
     4776913482385235639713278651394551253233000061676354357910197544953295     
     5396082077586659098466700368081731861906442452358888560859107143372523     
     5478697965270839873575643502323352154970959473503260246480476463276186     
     0057405671184382340942635953457713570026929351272186372899982084857523     
     6146450606983207901045851342740891482910677960421316119386749634106892     
     6746564362817135865002748471124077692993871529242896928082733576529367     
     2249429928442676394425272689749516369719662617546748312145716562407719     
     2577253136663089068750024893216758280144211582191256593209178642183078     
     2850068393961090644679240925681906085672755364376665980872000604105504     
     2161133389060943700398417392565007079097486626252525480508949404850788     
     2575581982254238507993931998397093537003009901225848734717546074401313     
     1311551104613603776258622641491881522933565104827454957507192814139609     
     0741951204943436646896068469984561484034974471297418819229552659945484     
     2048114079309347912302708821145379352590349110251326519486923763507795     
     3427323997508094304604275412310406676087509203133623294973778798716149     
     0254025852403985233572138601477282747189843660020713770326728721715368     
     9719707133812806927349744236883291921019015595175005914118994118031866     
     2620159455983069169412614876382783395197728057776131576508173674703708     
     0286387275857149322690231840548715319745960742531587120427348772841823     
     9467780512024142570210053014053327882617163400719614240742777737165173     
     8168290141765657102720480166151717971595442512676540491171873600152161     
     6169623933134770114203564331671188646551061791503137899508927420640107     
     9112422555192244562229171105325489812898294853224292829954258222589924     
     8976650718489711452942223339040897419063869456916437318808276366690997     
     4611705023387892187040771440967475918238970414415119275506756124360143     
     5239557710042506479069336337410327481370990942706429506331301969466706     
     0670732649765659296753776496104155905467128988513464247578713606575887     
     0212453627404627256486161938216449904635193735559804134552252184355094     
     1567762733796850600608504322190052827936961346591850330675542313819168     
     9810029717691982861567714276242013118981168295543473851910429400183159     
     9161521379766295437647617247704650895852784538647448316744648969606592     
     6302527334873763254281312743384347114099177688428164991066018715839328     
     3484509944025135259061980746756068069410378998235753169819094983763103     
     7739134239201357421896460496619862345657509511385715209295225874632228     
     0343913050876443632543733056927342581813728416338562831062470838092116     
     4511392850227465508316616728614607437895148123126250026620245654776770     
     9987127321225370349192917349478967221912177974252690118482532756342363     
     5626577933739732703927828233443034391789789065207509655155956144412289     
     1754846109492682864836505173582182160422188785382570544633313662429733     
     1808540898388308199295903610754009605650795585466603409554151083254852     
     7849041110681280279444383015749974616941471682882073135175038352225031     
     4463036204589607414200757748255006819158764331457731424524146223541340     
     9345073246978535370972334165345548219920988028713453812560864017448792     
     3448418624552451107633554181470590388411441604146331930698809825011876     
     8128703864926728128666736369689164846872092046624068801771694664513806     
     0162927977321595207662627406989823148512612694253084392237326435417284     
     3274904471352842736326783288730857871270456672634687702275516002817434     
     6787603314570382199937127578916774804233958321410536133456359259263393     
     4843304935291567893557736132677538009495600772858941995742112720231712     
     5405840273912254747965286043552780860456883163187581863964919652171800     
     7838096966512306615642199319017805260767303240390101473430077535671863     
     5382211036328596637187042594266242013859155997176060683346657229148143     
     8074538771707629466209187856355564741561495857616582690578573660706897     
     9605806833674430210862886488333611648671199089441452876435382875346488     
     1528085492490420207206629583186162012640781561643407517119060223908714     
     2326729562336739395073208173187590751237173586607820152990633227270957     
     2751546412190324468654335795355595936726939128002943715999304755384185     
     5085123773090720293189438427975249564723231294792486919498903661958422     
     9630041101396257203725153632103621477606581825944786201150049816353424     
     8592598638849465998225895202695313619471283220687500718829451109970364     
     9728382249037617913003801999599588068241655794628720177644509154720075     
     6368426582186671761253174101570090428279507681298287489158934101764258     
     3947642521769129947102964648885112849819210988516532171098474358500670     
     2288384379581429575362167476155144936154597984284158243637839091361453     
     2680953866154743298658887126979545529567329162938062724109311873349632     
     9619586171944264874377019522989288193409490737928451986102560345164632     
     2116553269690808758318910651063237796233325856226402011608305026471929     
     0456719444251357811385087205595770762481624041154739871478440814912160     
     0879061685916714614251830928132043701175458658777912830907584826923298     
     8928152561266627503034370565307015794895729609099485354869775671496876     
     0567861176600153388156254790355012712726249807644611925403673895520739     
     1418599255386422513186525821075394524460421870753625271567071215538535     
     2664321614655068194140866540805416775962453095222215531986605409980508     
     0675480454824443480618657269678561180847309925442204155833884844095834     
     3367902368622794387018488771021821587230661394900706203980710124738948     
     5639498268093593844830908921288006650181946286185152382703717507493906     
     7811765132946840270319107110724841781015468605519191456260255949156113     
     2454349607111513766537785460081436515479035658554541436774275258063320     
     7826294329529665740143054537498493788251908669841657001939712577022213     
     2350308665390246797530019486629984065560287780101529846470321982993473     
     7916937274879515695594323830762609299203228902545419057965249830344362     
     5031135115627499767760927184728066736074595544209246614667090468978243     
     5669008664461992972202769908319430364036610238368705660194513178374016     
     8342857852184813872819368415751868411992324574089176174814569744579368     
     2539105434835755170961665037018039489229352939911380509954250400507861     
     3728377782318753797499509656566433408082598248705040513226296571118090     
     2585162428338020772349524790915522286516454403241362576141920139284163     
     6328540696563692668901548931418322140147349235810687486646789519488491     
     9903569406256633055257851308151473332536623494743279324461649432340255     
     5781436144692164384033899354656670298622918899909656845179324334873923     
     5244216781453407962553475343233427139487325395393983281695023539665798     
     0151491203547011518077317943594819054132926110377189366567727373967200     
     6320327628680635799931112255611467587247614995951933677453609040851020     
     4194696321288378019601372495234025963982135256048749657309474145962960     
     3987568431705819060404401681928296508596782786303160220838228060705727     
     0180540443948802433279762341921728288975478510289942586216706903485617     
     3625425180379913652220489142809948244523353872572157643715061956234029     
     7682344905021452586691602181550797598675205532483651457989580521295735     
     7856009699629719424032159500123973492211501408115794768134129772446791     
     2708910688414896412143721886736761047511472639808861651320518245104912     
     6389955202876683583580239892131615517277086634867007559674614228488322     
     3444134313468241148530227877625379227330779202240250324482537003537151     
     7133414338659981721600000000000000000000000000000000000000000000000000     
     0000000000000000000000000000000000000000000000000000000000000000000000     
     0000000000000000000000000000000000000000000000000000000000000000000000     
     0000000000000000000000000000000000000000000000000000000000000000000000     
     0000000000000000000000000000000000000000000000000000000000000000000000     
     0000000000000000000000000000000000000000000000000000000000000000000000     
     0000000000000000000000000000000000000000000000000000000000000000000000     
     0000000000000000000000000000000000000000000000000000000000000000000000     
     0000000000000000000000000000000000000000000000000000000000000000000000     
     0000000000000000000000000000000000000000000000000000000000000000000000     
     0000000000000000000000000000000000000000000000000000000000000000000000     
     0000000000000000000000000000000000000000000000000000000000000000000000     
     0000000000000000000000000000000000000000000000000000000000000000000000     
     0000000000000000000000000000000000000000000000000000000000000000000000     
     0000000000000000000000000000000000000000000000000000000000000000000000     
     0000000000000000000000000000000000000000000000000000000000000000000000     
     0000000000000000000000000000000000000000000000000000000000000000000000     
     0000000000000000000000000000000000000000000000000000000000000000000000     
     0000000000000000000000000000000000000000000000000000000000000000000000     
     0000000000000000000000000000000000000000000000000000000000000000000000     
     0000000000000000000000000000000000000000000000000000000000000000000000     
     0000000000000000000000000000000000000000000000000000000000000000000000     
     0000000000000000000000000
