     4693343171481407494062168700235609537896638225822717862990828895606916     
     9644569773646382180272777931451337479064729318821737870777456242086409     
     3777845401759818042912689948164964965995287226497726220071245527064879     
     1403483383755992172123803242588343139299011079864293026308089560421183     
     1332531500176401395981521912225966586394533649407424928230046671830299     
     8900231276347656536940354217005805841560061199723456138056217059972902     
     6547502750934193691457804262615637474239441254472070018524183101164828     
     4171647204940499345532387906199684438448216397345332887514517517582867     
     3242223055553083128205142506556761591161703380354266996133570370455764     
     3799815252916627077634579568391348296811912573756991476942559441363335     
     5633768898277049514477835540882375131251597738438583817647028572211498     
     9109587562075217818758072839993809127937431593362578071758228050785841     
     9443376502098198562880529807651716090461245347468835342933547326079958     
     5017459014875994149853255164813795306418906696566980957868775179466968     
     1425760676619196653370063406147828637124532652849161554887146427359166     
     8510986032144668430928373490847826093899586929427429355116655966773049     
     6796894885252577102035617204183053463198556584393661674638902985378483     
     9463051273299778608137072645564377416853947286086004921617751894535081     
     3938955942426487483773608696588514667594768094184579890164444418854804     
     0909787163709248483122472237952221856810498653109002475634396308050553     
     7926908574224751880431743969593685650121402395829216589540588767031722     
     8001566508167930544781289353231577710348682552569689062021600198281776     
     9799310284770297756224657038664320414599795184343476639536799202652221     
     9190849841438075992353680649253993883553363282744843231360881003422640     
     0439765385883826908462256860001854841632606751513564574182298645892534     
     9921814537664012685081697439876713497151063089912832056723180959089008     
     1562010430596997228832398634482504368631792690477895513164004547039775     
     6170473243833624118650856586598893615430040977544338085319199440826197     
     3593464639153187975223271207436241203939620897241994990295848242106234     
     7219435719674847788108002254791523069424007929462617592730724638222228     
     0455722095018674472717953306909125721079723851024313520868042408321502     
     9045057454319570712271695753905183552544432476999979876416716331391094     
     3552253493490492249610983047168000000000000000000000000000000000000000     
     0000000000000000000000000000000000000000000000000000000000000000000000     
     0000000000000000000000000000000000000000000000000000000000000000000000     
     0000000000000000000000000000000000000000000000000000000000000000
