     6720836619214412823919702983725561988061349179611946795125933345797303     
     6063141870873831289246693807261730009211172838872056465271792847463951     
     9829465374904506902127533721650640862443893710281642596799198058468515     
     2055731803675486830479639137831122112719928052882306894391576901654024     
     5683044835115686409669376467788945100130291906186507176958574051845188     
     9964412330299683711260077804108178806995570233831376846544166970905223     
     8948294835560046560167260716330545201876478681623273330607050181034122     
     1946775444336408547377118495039663075445351612634431914623771348404178     
     1602758004838255938139010677551339116772236823234043484465545838120170     
     9411345537789772405507832985168799842338985471242109928614033840916746     
     3402618681182525678139223638794367567050543931024627267057085998121096     
     8834993397385581309009540196681814006768909538207795002863255589786258     
     8950119870640511312735866019550969387354122142946974890055490187621055     
     3714900085409305360179923944780521739323465125682161890445364815249420     
     7035472847688306456159439807622928614556890572886324056697075528834401     
     3992107463199710179443730708484465807113502927407857096364034430026647     
     6140891808052869388656276803045790540188590124238319127134236751624337     
     4788924237461530122588556414777079131113806983321545560865642451430483     
     6602366046867708875883537628327907770664336910430373960351559248178259     
     8269653308744931167152652858258055272085280777104477311985861795617530     
     7911757814615291399506252169211334507376557233801761090038070688338527     
     3494654923630510625828325821280402739307883945773125961315767327124208     
     6023888251793712739066165448961244000037908021595308078125771645946913     
     2123796668394760301807076091809395989536666075904286352166418548099899     
     2121712701849951063150783404598120720796863086691687683495081262256011     
     6357052544868974408301017688116489825126645021001539804697837680026446     
     2222239139692812673006801691632812510666613112137104369458641060290758     
     1502158006993686296066066410311268423082597846402870962339357276881526     
     4630138917722977564019540165060915496887036087627853152097450958686509     
     8018444959310876606546902990015889490547765876607521384136333740519384     
     4811449385418584510731492985676200195960396854810383781659169382554368     
     0838535046273328275033908838599181428409029113481621441200042734326653     
     8341972897831137767462463263331929973837896289722091686697544881728325     
     5987838478104192733936105081255685667354716918052934542570827597747569     
     4167160573092829771659456431565578272110173373623272104587830981455836     
     9066397141154374088675685641334815165048680342886663158007636751351272     
     7035738944339804372443978536089019211767961055480201779562126132169020     
     7240903136826222249097960372772399445598859928164831856689136538900019     
     3893509724819217785194844932725066755043325688273914024235719723900697     
     5409928672538980505082555214484077411943919124318436002067885730249015     
     3296926973704342941395116730772124927140732988476763219179215982258590     
     4665135518397841220712312063350335028751221652305785472631039649505204     
     4207522335083040905811141978394935872860487978758682438545326642927763     
     8079945416223125075434146195678160999292794046378536795471910224799343     
     0087579175199575670221071991080559408042770812931766415849830541695588     
     2486962162140515759018942308090398517588636243643481430540840584376189     
     3403647862136531678028477542340647037269352420272494815347258364233966     
     7848905696007087513120484227946538882467374010342989902602053871095774     
     5902870540629715597304780693008281200928171380104534228978376528943081     
     5364039263590436400323756449433271532235612621327403373684797262043545     
     1165492680570977813728179566499417433448353880529030940172707340945091     
     5958319703398472598769800853821293473308552439920137094863672999357541     
     6295782535048174540352682816353465786665572881053896719649476698470751     
     1220653594041281722239887980932554286924533927293178968251331078781400     
     1201289051313591345678739823223434071216987547619993029056836203709696     
     9027445729687198037356364731063711439067421195634617336015989432359206     
     7507002020538039124811587754920346463104712185723563534826661853471026     
     5128452479791651090556093555154616441067842999859096200591418142620255     
     4628543781057434895630472721690567229042976347189800780143007269913531     
     9274785117474519272536501074001209472645944171335855638040207279172422     
     0657056495281909452087067772956089606228645093024676655708253060762558     
     9911330728404283089601638360259516998873644880195662677087976530028222     
     9282243472829567687444179751550929390762531399335781572137577454269909     
     7424613733616791067588633551024864669153199272776094101136973568942010     
     3942922220593870435482452698815982073762869170017632906168791317762825     
     3520219816037541712605973966813718941173376536779847487318603286041633     
     0770666414452881154856348652271319360261449051637976395746999444049328     
     7558732324882198853678229631045369333716839019099979889053414643107838     
     6668820034730392644057338275778525671631745216047791839388463349569414     
     5454791591841712499890660366700738970021902840507114180928212743686453     
     9518523649864738835170531662303706214120064174306543989089284454394793     
     0220007464772125356956594319048551426333109756409896185492513099677907     
     4640607059156258561960414590064934555557271137611172526527425176584953     
     2985362537008641345386031550836241881410857378216393878506159816741428     
     3239294326106676242253343017661275622127604567932624531966855740025348     
     2382051437015852870603430318725636929981786234495286008848418441464904     
     0622374201565904570111413337537854836766855862670365903220779236378125     
     1257819651175343023283541669884195137925055601886785953717556862362949     
     2992410930234749792609547313621931904193634347513502592680803083698139     
     8048281415225033099988328174457947070491354167638622313092437237523146     
     6792301120474886783812108919862298843192341895529544989324316811763256     
     7482367651924538720121200718235976429835822576173684367612081366586208     
     7551399431736411554786827546587291407064519467022379985572749762722434     
     8059314148579616992087707366179235617219844908493738935388760280949085     
     5366309284962949562719259561728166235168744383228528142821739318101723     
     3589334529828439455012178223094055390850839941640665716305664022356624     
     7738860309531065966983784880594986252611429106372855920979345307740099     
     3061843311453626116952712381292042371833129634337165504221462488530411     
     7589417258464472747592407403115300458252457494193298415472976408889908     
     4642828878941455710085352619023985801449592823181664861183078845661865     
     5112269380620570752026742271148026448332303578507617721986417618003343     
     8022329345525388846773597797323583256511527204766342257598486312418568     
     7677129702280802058410405027520261171744712642606192938045001237609516     
     6204444776651553384495383283459667895464693436728661171776909426133700     
     6810073764839846039558530453052577834861244347449328068616231014716935     
     8056032524234800458696465041462962518490278611042041601236100287601982     
     1509776486523988598582433039595558889460264287549435868993738176447960     
     9143594789372336615137213177833977390753337324583327568871706626606211     
     2213840300901557862400000000000000000000000000000000000000000000000000     
     0000000000000000000000000000000000000000000000000000000000000000000000     
     0000000000000000000000000000000000000000000000000000000000000000000000     
     0000000000000000000000000000000000000000000000000000000000000000000000     
     0000000000000000000000000000000000000000000000000000000000000000000000     
     0000000000000000000000000000000000000000000000000000000000000000000000     
     0000000000000000000000000000000000000000000000000000000000000000000000     
     0000000000000000000000000000000000000000000000000000000000000000000000     
     0000000000000000000000000000000000000000000000000000000000000000000000     
     00000000000000000000
