     1084929565026584997554633910422363390364374574958429486463871578023418     
     4410647062339062523240243187874039118401039959931609654791251510750249     
     0345751690983927730450561798349431855876332954684072759273811916460132     
     8190460110737859979267156652123614084833618058069492349754947991966932     
     5033894029477904105754759212145561558944171791599205593046971909408026     
     2089823698216122290227075172735563348650041792639320180527272584181853     
     2884330068615585284314075605610130903250063027864852973464189637532542     
     8329811036458540623655220962505961929034115023515527781721821725213657     
     2084648876964995036027725505958856929975174588675806225011475993239618     
     7763984555406828256916469615202033316838510726940612724708352286561320     
     5947238880679619418924778817778165486390283244499285057088497696191431     
     2599311519404965327706732918099737618251759952124006569772565274584856     
     9167464037488848626259582031212138357115960989678905912744649464950262     
     7764518871861439875284146024781860765601797014400397109030507118393718     
     9540253355424898788406037986680084885695620861471960198518229930357379     
     8502792817353083523854051034924436369827529460587929442796760784005723     
     9318009009810810771165873683655477622826307234678054649319773464365438     
     9504944155272568101306335741112541046565965030318080619237653484737811     
     6964590316369251052391803988870207147905895187181462833963071592501564     
     6842942126424559455302003357859346747571149091484951159428698748997015     
     5237743672799930103060612115927096297853012424537959787066120934568523     
     5872023856096712934399052175038017189058645352857964189145132377561223     
     4943846614731742992757160560982015903971291375238828695980490547452434     
     6402868976750621579741836014202182611796721840281380607615405358729132     
     0555641773504190206237451323519111271756017176459269426855189067696591     
     7071640112168513902042092058396276211651326679225872523790042948510001     
     4494991375723237197942651554368373975278370982509023392986084459968728     
     4557054132433777028939511913090749326094650196951416712111564697122021     
     6547159256835725856852585283075825112982862292299168895670763068036716     
     7316504836673773477107249352774979045353907983546916979982185901490562     
     5860515646619639823726215117168991979989944451592042347173357654962056     
     0388194223634171461824901576055653171025576468679498803077929603827919     
     2808486642303408742454186228553362925309222181946620660434953720368022     
     9912539939463819845393385795609716437055497631733395805154136954688814     
     4192893296910914645642731058069541331846178225255163772249272724240523     
     6692018572467530924360723736888897408214822813055916352361400754440125     
     2850831936480053830844206213018654979996480131560695441264308980881829     
     7963531573620648658503854856407916386103380442290638392699250198159764     
     1181333026597497527123837525573589744300386805821060236807674811744734     
     4785656412178494119013740882252194591739947043131233930183922861249046     
     5843634790767641121817974248139268869453627599985250252316359919058905     
     7656994113502025523400086573359060297898773462140911641517835990282192     
     2970816319906615232432376315288997636161624081932043555020582723916439     
     1937480139709608913257306741672576619994096965960223684286658516584568     
     0684850775988112508221212525103455306673165653921952516397542851569335     
     0128890405762439424072486166285351847679372943138666528584977028389286     
     7874540888396073406346503304655658152558058880162769709728668433361613     
     1784784727427304962914639575783363096950822899707605156959489515296066     
     9071552579969743409388164185931720840804025229667564512547625524325901     
     9450056119364814488806875985222956726665486962740320018126755613162955     
     7736667953688746261542584340920707033511743614400686253400192665113601     
     5577251539300403322343960706603415250491860768928970837711792710980892     
     2454865435894200112633131896065818540927958514023155988454664755976565     
     3645625021832025508718507306587066998525889208288465538894549601867810     
     0397284909392932623224590117894446541486491574550400204350713197817831     
     2040663158252758920217721834103895019404084917780811788713143763566701     
     2972220249572346500837080110811830141938909613961625228678965375482618     
     6133201922949454144723785742573787889207128034422789241115391124873243     
     0967028330900688220971364242150237914418475996001662091753177908307169     
     7866851266438041278586242888824667598098083660356053961594772765624309     
     8874047715954881852325270636269270333098237543582529647658203708644528     
     2747214178065201518804515067117579281952196066369773427981141441848504     
     3914989919633433731104512370983112037441323987426924751993758588502585     
     7278809771900679102024148115285053122772771287247895427262374164476779     
     6648773743360561857580474770927737738232595417751573491727555498607609     
     8365204233777943518356204469682209141541301644269805586731363627413992     
     7659044391071008146652847073864427951130389898397641643489134782276878     
     0300639963686109272298796513159833580062207413626453049052162644610012     
     9118545833015817371199011485482403096299072596711376315340311912510381     
     2709766638897412422018918806878127913136503339935160919190507061861376     
     8993031348266034734941845551534932975664641808302882957657894651338495     
     8467054473929813011743794294073189155012537044554206313823646380969968     
     4650433109969147017309545281454288675531900450575206734301733275188453     
     3087989189187397252117212247668372325898999976425402688027265522952101     
     2801364498283912263792274819386003319616326478386145586543413438450783     
     7149505779927931944945675294826468863030753861668042769527300711828225     
     3125239725694391084192145996466419780613621769904083518005331366663445     
     0282971377844023918803505756210960174706560848694214131776921171795756     
     4405528679757403087739792332278586253659023620300016366628866287780323     
     4139709609747726349489313430120391227356437545271879689451763459552222     
     1945360224823931356279416782294115771105619586824841586941808325049381     
     1916245393791176189721056134706717500820382393575033060221947363633088     
     1954995074599851166211028392408725322358855703754116148536653014989195     
     9353923665267340950655063707447998372520139971040301528467111318070758     
     8539488806867056775175315632572744190477780249334318072136477404876226     
     9723336965882180815851576364585881259325003447940671725204556934994376     
     9318025497415335446001758449492305093529159325305605832641075652987749     
     6769166225137703814250526811529576339580898569555232414382684350391721     
     2537358348567897301502294101072035621261376842900832427179056463310431     
     9663909310805345359553421577997530138638269677115053744467598009057117     
     4040817867406115229856508343851275914921129889025595321426425636587220     
     4672513452985829418128382225614724455760551250241288032565408899789023     
     9530100906846395784184352990993724008106929428776257422876500240618180     
     7869477463614995155303969125130828494247964200638910019282916225564286     
     9699699847071309429556733640788664396142887027810669149316227623124531     
     5411000671517439586373727035829612215568469583597151612606569111691624     
     2639276011324912975928569288829077515760720781406567586100789540776265     
     4908141392914559887510014786245613143500910043680218997190727432891269     
     0806013352042847176008718396761281125057708914292761940231541209107579     
     8209889083163790803051573092502154756279853767521673283109039603691827     
     7233484447198845570270541865210539829222799167333617570717727387651188     
     7892918934000229550622425515190929389931574961323963020825572845586107     
     2135153030513411014896555164642054986911756674791506389527861722165376     
     4844480880429227661154955400388630368537114706593717826585547456131122     
     6448401534198588588248546931907499542027100037284230797038719959521562     
     9984609915523837557856705938429021335939695388432395846491193148494561     
     1342139001717102495740673893884547641063615999825445305243390414809295     
     4642730219684475237906963927112649344774249629730490738994546633255709     
     7921671710050030094448222327845911692697662697381609084891513292593035     
     9401795963224590295093110315869918561027857114462383907148549262148388     
     2086364533228693157254428396393116197406931681280000000000000000000000     
     0000000000000000000000000000000000000000000000000000000000000000000000     
     0000000000000000000000000000000000000000000000000000000000000000000000     
     0000000000000000000000000000000000000000000000000000000000000000000000     
     0000000000000000000000000000000000000000000000000000000000000000000000     
     0000000000000000000000000000000000000000000000000000000000000000000000     
     0000000000000000000000000000000000000000000000000000000000000000000000     
     0000000000000000000000000000000000000000000000000000000000000000000000     
     0000000000000000000000000000000000000000000000000000000000000000000000     
     0000000000000000000000000000000000000000000000000000000000000000000000     
     0000000000000000000000000000000000000000000000
