     2596819011193403785861881359301482890710627924419305029611134958469915     
     9538232390214281652859265804298129950705045539216876420230337179812191     
     9433107083076394563629683313749624939375004016902958606094609251395947     
     6892023786715788258771339261079415350581478562758329240721444608935926     
     7492355974251261020445763775377683693770017870929080652335885691967004     
     7470906059076434722125007445170334990183819009613126606796299867569806     
     8893037085495147764496120996506878668761107952193017381627975601656718     
     6762415360186266888492748337639506620321434759667441964229551216776815     
     3859584737206788134351468209315822106666957167682299974896285786504735     
     6703005652709574065659540833700859653349082765872673647719649672181366     
     3137172947526386605800571188468348441468907006644630766417267290468930     
     5601986767248487613566115446846356817305929301707053922535298157280942     
     1003315269470955737240608334564501234837273851217454839654555717938710     
     1853882195607005309091087530059400140892969028888952418767653392107959     
     7158384946233629111305665480325920737925379778886493622122650957637568     
     9562742482986437486352351023675306683227259287788480160547408504816093     
     2865604174610423763427267421804275503157062851806901056233643230462484     
     9723104890270117717814505498501116863115951148548005689955648623436539     
     0255648619611461591746051159928980855982249779268148997264952803095528     
     8876485845663226672394084588453083534954415174869765325531695553074839     
     5916177051324926488619277734486476656606367448703198471493086920302581     
     2725713885519371464609988429539630150837150435582366839540096614943201     
     9380341204037917743211992751430165170557341518772832794455673541335603     
     2829171375996596756396540202193496352619017071773585178978047096724134     
     5875356524988955902032996388875707891256080290132211577865437807856201     
     6712319767036818880000769457750735131351346909255716133325861109642186     
     2382252962151508048743030651650865298200607528939127159851537949166453     
     0861207178796063894885056343392523871972685054173475246302943098657225     
     6247808000000000000000000000000000000000000000000000000000000000000000     
     0000000000000000000000000000000000000000000000000000000000000000000000     
     0000000000000000000000000000000000000000000000000000000000000000000000     
     000000000000
