     3697553608410973976774504451135237462661438701104199905901898874725558     
     8287558355154875486269312591547769850098177366531513071646224325993804     
     9136472221268008254948972061786190193445579098059626305949498761497860     
     3738424564846309909595006156266075418113684163554403394884264137542466     
     2781371745431341350252766285122959713669796912101154546627673740799373     
     4393852685202326737193210506957525795701236801856988901011838541587445     
     8860242384987753881208171615477517196752361044816344002706080833708157     
     8818007664183234646240581346962862839868758707016376368405358820864147     
     9613611279895036262859720075381485029241516138059077560695844650507691     
     4713312024911420427407340421645532006905320631762241607439680581209335     
     9223170200522378690171927760825208960793855385568215756253162451789850     
     6977679487800759283478409009921899181608786312335805375143475531610365     
     3232993148920730041629076071192256053747550215972006479028399233507377     
     7047026180013670094093879789833137912021069240932569996199455853846027     
     9095245366938798683647418525817577401108940635919594987914927103219974     
     4231959226953012312191067673724450429485401965831167348131948837821553     
     1575251373478437774612991179124797750206324303640820176175197778793356     
     6706801126220778359947349223097329533333857102397376031176001611179634     
     6121611759105300514736769830847740544842187771340048306435841996871159     
     9555578099646138495181859327870171778209372040534840575978702555781326     
     9776492788213296733535560794177785877817156743899688544966079720868024     
     5009435835075563587839509861451384065549986546709324451057842547486420     
     6936694754529021877569451835470449311145424566889741299068446113393228     
     2390187985593504046273101713821283825936457729345682407448203300619571     
     6158484584984362425365420888906299041537426648419722043690046184108678     
     4648362666061006452572662341500457919121695849584954167677671195031885     
     4654640570382057224898382955453020949199792455621893894169080526001258     
     3022447394167557194911771725576709773460942800857138703808738643120120     
     1968408395862005551323406589248231147293395187933716542246995136640021     
     0794302483831626126156315043478778869035887419723726914426889595362474     
     0435779522458295231978557923971551327924433512361382453047590221489882     
     6813666181198341090153758456345982376159972761815601734465181018712225     
     3614664094947837204283984095099421061520187111738405136566486067207125     
     4028295798436188956710063248689651507387601924277127634297511304149734     
     9743011877693979027322603963302246281632888437240556819023406774614713     
     9595004683950055422915725796180765937565051642755341388990051113450383     
     3625516411110906276466637325660010438642936398519817658429040177877956     
     4333574330598646985354227616869590743724293923882967703558363345144703     
     8459435112378355172412893315973046417415546164897921172214698391221182     
     1792848473716119357590493663377771731098029366708172551202472754169132     
     8576934002122241624620414323683022735618730880951815030835599063217755     
     1636251985999644413847008321323105960209780715357467905183260123882744     
     9579827782500115140760582821562175757969901077722835026557942759628856     
     4678834086702065046630531040038572325132362444428894566490460817626785     
     7934426457981468187952951504264781651670421139975468620024550777656228     
     4396222657568374490209796931916029304764366227854708858313064471106892     
     5502089984216299539368553906112868748899271321499184499406046074164710     
     2569481665679975021913554167138012082290639263321536000603294893016440     
     6650300665056769621863482698521715904623264462517324946343279124413368     
     3395946290634893506023024917114102161604649043024524922109280723084122     
     6537853936308259928981976159661318869527972782151589928256108300210808     
     7469508475824704560880309817139536063299439200123152574446262240073973     
     8990639253286690436172127901003055542363450410385707836089050361099424     
     0876992333741223053723728530096331494726491552750813656770620740199302     
     1301512283694007543463861217447582360935991820241574594177045464425785     
     0650214051838635788894979435358889225785141684554885455497662400016327     
     9678460363929415119805200160512845562261218186340466343476698321352932     
     7407022086449827548480586354611212072164357998609069214283350640575984     
     6024101605027853695407017296146993290404663965076093734233542830113825     
     5700210304067244229021905198632469546323854732499649426609886110432766     
     5670030721298905971199389297263853971993670442943784794541813875207354     
     0407521777679471000675480636012617373554393615223504370881824980097211     
     9015086913467161513045718341811120866231857274292106483608852047406179     
     7888932907568330070769840138940501182437181235455230690682618200159971     
     8256029408427928896726352243842318097141482227863586908157506464244903     
     4259681021023627992594575505766201152858069369629778673578512007535527     
     8400585867697001974118975811637607538677016850751898710697242064153590     
     9672377249068833022717859070044724619447748384589196714894619764105541     
     2868040511630118610467221380316497705709447985518954438065222526798437     
     7486198253022688091383721421724903026396064306878639945225974646344017     
     0796801102422094711128491040595309963850109460101616128966713232384446     
     1619273602666659151366892694045268043092487490660679761650756186432101     
     5959023279165841133015118372941180804224046972001722196550991594333476     
     7881772317808032900413756766399467401480761958925986360315730821143184     
     8731722055628101489662128166874184670764401278685681137307774450701598     
     7733001629800591211833844844263914232299141927117352393932176474981111     
     7009782281083496295428031036049037246459206023159274456133698176914898     
     1941524341020107335087522618451515456428998834270955365059714081243057     
     8358512864303295567272900399934229494467920842294978530127318344536706     
     1016649866467693515563918287399318826093032465645402364973542636698935     
     5316745112201129664959937014689789627359831581739569618268808696361853     
     9301498997272841382657562305583115024161086436129005600080689501666884     
     3424951856605071161357636532770237730327164136239785611742438423173435     
     2578004850547757275861418453271429714817231132999226888040402359638835     
     7752561484854117198931046420090858798131325226954584598709697280566368     
     0301972359642428222267193635843087268503301816310782283235823386373770     
     6209005097976458716923064826272825329196112418188118365555683373637950     
     0723444338169035477462440542229586237194240000000000000000000000000000     
     0000000000000000000000000000000000000000000000000000000000000000000000     
     0000000000000000000000000000000000000000000000000000000000000000000000     
     0000000000000000000000000000000000000000000000000000000000000000000000     
     0000000000000000000000000000000000000000000000000000000000000000000000     
     0000000000000000000000000000000000000000000000000000000000000000000000     
     0000000000000000000000000000000000000000000000000000000000000000000000     
     0000000000000000000000000000000000000000000000000000000000000000000000     
     0000000000000000000000000000000000000000000000000000
