     5549775083985633043309299086924723273113887987276302317025188162728667     
     1091645522271288312950752747224460852037405982401691577358674070166694     
     9780963303155903924580388988541023313057564490755639430416217573140788     
     7368596496612457259912230638813508574039589563507036928949567505492002     
     4844473252917102971666842672450747579878891830461582978405521269250399     
     9175876576378763491181527069581428219320121400841926693281848951728442     
     9242876495947965713826916659816076821389192359661256395487396098134645     
     4809518577613479887477094088303525065421412410936992718164812002014215     
     1069022912091998230389203127929286139785702624612434869242407438590337     
     8438762477575766304291603696724327704643416661709120488387410715671613     
     2487924258498503186953987957563539182747649411636384939916163943166782     
     5186710547242732859341523386891307839911181758827557752747101851002125     
     6062974223232729523359842817686219523852748445319396734810265169150432     
     0419744630551316494304348867446637612891814268379529646885580528851537     
     9110636515080417359786599451779451709851725228970764585801501297461465     
     6212473807817647323505901751666132186068999775599816548287775196445442     
     4754342767771508528979835876451045067763588423971432168689602293671779     
     5379097098245550156278364970901055281262105541650852224144757935469423     
     3359557107194846130198661646718115995223465746332672953181043447058817     
     5934414852921255747811798035094056665096783269718575895287728757080297     
     0603737307704563808474978450896895004521373566114242110136163533441434     
     5772599317084240108968797869058501051928651421757108428277340040492998     
     1672395689414717479782625033744756039204603072197413600834720552025563     
     3392196530413177589296181899083091656135211611918451215996738254663407     
     6134374618322200367057366288929204847576806381121970138585051363348530     
     0035656847848094942334126041147107024882821791525613636492500937253592     
     8870034633942015664874638634772989814060268607810942546308933364336970     
     5339045263327003900111061549261998906968973543150233028352446151377796     
     1345039361889279623489767441480729869992732640973160188335655376798438     
     8918511455284299729188778816475062493145191431696019383010460291400138     
     5044344795538076865823056688822215985077787091573695111893892366128913     
     2309397371966761405926177281065131336671988625209467337687424726908920     
     6592033006993963247190921360066934659112460952417139706379267797736466     
     9241979911124276049456253389062398832339349771432571925275059330104725     
     5939193777203678518798663509336452407817249075263285789649207453385919     
     3555870482985277476832049247777964275669479948544047358181913784016852     
     2423650018748061147017723419994503104527621081123806217658384006405296     
     1205626788679672445403805847255421671537694124227251825939756689101320     
     2602914155870684183275104722753744198906535548109209019823650561705339     
     8392064695229256312975645513968709392307001823419162289378680052769706     
     0802986613653729166307549815717577149383749869205185616501797979822482     
     1194626481355336359224883721189943361417586397512156237541726089514784     
     5394171934192614674064948024432170370509529636085020715473883209815124     
     3963146076778440796760841646076115948911009745262956539277624096232940     
     1951234273814873755091986005925316174892367886131874594913062525483253     
     7521650472155788241989347860629920062016521694047103060289413658801935     
     0534401260612270248383616749713040814890873965701518120346265854154365     
     5250135239647128680277514917289032598586944414719805299897347398639291     
     5166931313809820251448167807414015944578357201522368247535824048645912     
     8720577868603497593844558423514672109627286611395859811043062480448415     
     6925169914156678201576362944012527890556917724331779862360585120424376     
     1625463306466660851987858620351358117049960750160027727200118600304346     
     4701201253058234194369967129456126516553660623444085684894014351523467     
     5824051230035286243524939614417139943273745982996322917521582726456724     
     4725886128651655822012810571388598659932173467432386990915188168598030     
     4650062720690314042243597489259162605270519434718474472891610508786392     
     8295792634755289930954016695929810292940445301300171355027494412340861     
     4387193199137454130589003479442737618739558279971204742872801898626262     
     8219144602347222028566439259995303686054647872049258397794299429506560     
     2244696415182028339320661232587424869982114731552872790463627323107478     
     3088956321413524037158480672482379657525456513569068895303139309535664     
     1462839112020507504976288837002285305458960077586497977278283221950128     
     2185707844267244311801003650641926819859307117661233585476022661581092     
     5815215924493456558169585772155097438717235793425521085792621661768733     
     0686408582843770949550551599502815962842205149889760618926721700692692     
     3176821864308390723572171431789487072252914750970191393469691165226080     
     9338013868996224495367800905761287852675828839461281896910907638495045     
     1859847011156226521994716385725147620522508346762288225648318330137842     
     4034174921172815343068317154717411789823340440428657157580095814472069     
     5056171294604570302072760144491696254847782801485188059851040136810002     
     9203014512874739322784072142807400687886093944825002155612507181739491     
     9426399596384434614259905126087769117419434859717510552032724943575780     
     2733923975249322833783929274999333587132175357038936684719861698345136     
     4408535946846775241534388901753785919509509379733186197773119228746735     
     8695697783829927553679206002585636983384472865639647388537112809913084     
     0859450978182450271856209497684265304670088585965869397070870972277737     
     0302026633999893905293897555735287185106430365671912214870585765123903     
     0706857798274565897950930631110727007892877781528102275637335378672771     
     8169321429300303210845506888801262452582811676084595915542318618847357     
     1185273318884985216213468333350940027549851884131071083877542070545738     
     0957451953963426172269826637292538571030726691600132253155255158117788     
     7972957141589381793616419720651912540045855140961971509330332947597977     
     7022685933143661639799236640797013525403764326198605386008253699854403     
     8687748703436814436028997755665512543356575087127479624488002590174771     
     3706346072259840478371396178334943355053561903912440685187607030384362     
     4226770678405773127390976632368593242751109323998454699836094496463077     
     4969974824522676953910980976016041985500199688640050094376469800286643     
     6974929123185634027297118931326003367914767608825310536099336554108855     
     4445408777299290192142155140459599547975661294967572224276858165957094     
     5830272028777883524189398162093058295633963583757162231787072843534593     
     0142991957919858367545147088225085610117901320439969098683078316858797     
     3352145865797414051085845579355635078108014504600570415957973120331846     
     3972550070518446821946743043227247069630450035027350949375178716057137     
     7206702551046719537136818769150044509126495756082587321878124037726730     
     1660437272111344797084016496596698322129789710660520520198615366652486     
     1070971535510709850350980679087558345226882122457418870870081144535777     
     2549661394264421408073698125471891631239551725518812765074300378886021     
     4303040551034483410054994200181957044005208503853690546585892285503316     
     6789716817302150783278436602875065017437177840728307802169376440649642     
     4540046309778748582567509388319991298727392244286757654047323786684400     
     7443307397520415552825322873920617242299770851173153672131933444869090     
     5368286022320646602298244063244897629425188005244678811671840699750254     
     9609291433368955253367518524411265785279551009286410561566379694757136     
     6319094999188944986568307427299273765482577517771237887106100091023558     
     1346175168182837811008306558252828972133766418866924070383714418091094     
     5031397389972128877534443726956935652980793224488474670332102067677031     
     0737341998325935447412613865282692531666198808194945001915258565717641     
     6179901896463086109581939713936909593963417481979982089912549857793802     
     7188091504931286779461946564020626325709578796942207345460503537541914     
     7096711240758729426058015356245391326242096146593835294607226419553867     
     1285584224540069235867481449727251608478065086870351119013938607931796     
     9122073221868263825043576024817206523682003780708665603196208647076347     
     1451944346736477461444025151527575939768873984732017818187969991907955     
     7917603045494040023379432128793746865097914789720403379063771762679057     
     4749220349291573406195491829815320675865387784948517547678297330445453     
     1663744217831454878211931637190576075669763209321959817884268270685996     
     7226785083977432594322538325941681746083169341028444263199129844221903     
     3448997620416343809073850732182362624717999667699353528412021117474758     
     0277147565895698383621817796173553817992002192060225030549800086109247     
     9404731337927372923908162485403051544031304423320095176987170354600535     
     1552841680104511284296225075241237492111644747352509405002502663471675     
     5755223943440409575021355030742252548613061391445497472478624795367027     
     5106953347148960320071787880726218512486838433626023990504538984065814     
     2529113687078520618346460794499534408266762981446097849939313123992300     
     0551199532310116811470125436604631271892585403951860729675087252118062     
     0437332580942974282579257517044163769308969352281943328373354575415515     
     1755094544842744158426689102649390255320431482597442078524429722908539     
     5288069940537341382606846919341200025737204753735013544977527673081130     
     1739362372013092421672790645907738029590842443372522439080242010857787     
     0927971344415039043582378815136602893660263775891383824912633515058617     
     2179280005649687345187962181869586119586681348131466516009249142817750     
     3870345161274007707763148691209506428826645857666182088545030838182575     
     5813977777031266070002609526189525726660006339785080598002404897770997     
     2039018172037402065985605621367416871074731943890873250545805433854004     
     1038860150733856533440186243868289664555151674044873049054673390514813     
     5238229032960000000000000000000000000000000000000000000000000000000000     
     0000000000000000000000000000000000000000000000000000000000000000000000     
     0000000000000000000000000000000000000000000000000000000000000000000000     
     0000000000000000000000000000000000000000000000000000000000000000000000     
     0000000000000000000000000000000000000000000000000000000000000000000000     
     0000000000000000000000000000000000000000000000000000000000000000000000     
     0000000000000000000000000000000000000000000000000000000000000000000000     
     0000000000000000000000000000000000000000000000000000000000000000000000     
     0000000000000000000000000000000000000000000000000000000000000000000000     
     0000000000000000000000000000000000000000000000000000000000000000000000     
     0000000000000000000000000000000000000000000000000000000000000000000000     
     0000000000000000000000000000000000000000000000000000000000000000000000     
     000
