     1015207671786284303850223714728451279000860828933052476552709198869160     
     3281229215650531701243005669618683943909273390993948172880447663385415     
     6504649276347705435002719681263436431336349865139305830910046258685816     
     8331220947553029409241008541454033956345665142423982829576506686139875     
     9339696407867515775096525255372815273112536421677972050546995062054730     
     8933241795814742874420834611776725232064602754662479090830542805520886     
     4541100553462056777911772811621381628898189316764641876286736788642939     
     2277042356652491581424861296794147190617777083457110448156279878538736     
     4073648592829273856553097765796612808767767958745353207721239579113652     
     1956481507302546058008471199384175806956791703100916700088996790641269     
     4031478583918679258383839297241793546777883020008488610367890325096398     
     7268907951519504306581481263257484596553601204290884202938650487260925     
     7409546169729928016577383973753566072557107786018164805593549197745881     
     4973290206243174872266407098760359710297148003642033929332474280011798     
     1529162038495961505770937714599553369837317867625773579012197694180181     
     3238699187862667960455873868682054111698888042315439404756344881876713     
     5166762014247744791188492813052473907394454904221557793144648646663475     
     7150638154932430117182121062009169552884073671184923975621263346224480     
     8558212033415589453855336854063364300920137276392376762252771752955302     
     0462044247234678440120286822238827636485341369374372649088114441553675     
     8819383453837663543879335239775330190975853168637763425138468152805752     
     9904056365755763370967383661965246632151546680922744048809450162268578     
     1195041657448442098201973758371552758466400557766665207906545529567843     
     6463338113480814730588801712135874129734136049812648984991480986430204     
     8606635692958877160592061925772385633038879752676249138805711272178023     
     6045835626163064010624371804764629140775826903635965263585101013850372     
     8238845862141516988123168897339607843434250813444064798413353847620867     
     5273346756261374487965095763146180805619473503891338865828336308969142     
     2137790518769073081459523434199066344694045505178726882115469926993621     
     9309107664934412949010912304760658191113273916413321412608595244356875     
     6354242973859948091555991539555067732539485557280701069026714633637735     
     4607941565021630160935235167006762800574300769425348070714345864491879     
     4501975048624855515950580389231776506920126430502504979521720917530036     
     1966185328599123718974646479134449444745292111692151308098449550721216     
     5925872293215991806825123339874089440379731062645877370372487637125277     
     2741260432615242593415825905602641656577349077221633909196853588151239     
     5842881371504200771872898453470474737079807165091659886011632045296381     
     0318767428663252316708987308177814123440870525612649079241154865785744     
     4187993470667594478513635102080519012011094223658396622982713001486664     
     9987655055694722130976729669950331018351155552552908072944177524078291     
     1615773287817224087279128187996707742908390295640022107109018500465598     
     7039582111209083397894133648532455340114914040311750313202237962838133     
     5591759951369740594756291345819375319319919754278870574068883431965436     
     8400577140068201266663245932288677017795175353054120477233098316476963     
     2106696005576796633531503757745296882419268128156806887210654953826982     
     0927713547379024057768628329199570067126783956179598262392614424974354     
     0876832261628395504098323979998035924067178031680886359565717671476924     
     6126421462971325449915997887670911188238320200619091903631970855777641     
     0736970877455621605182039856854149695986823042162548268166672437679307     
     3190476949162294749174481703526206081330742687109270685882490351254602     
     8894200285202496653397950338639347346019280157401764349437121341578228     
     8971820210650005734081520981159015257612492083645253075149184929234481     
     4898902345758883455716666022229294844504570714880567694073250784865430     
     4154792772152840170552116394343087692085772088569474445352946751532204     
     1674990530342368184713750969861325506554940509270683765313419844192107     
     4848819716578235334684604534249804577052684696531648937324509484845603     
     0079890167592215480009264386773855785457401480788659986078702000038909     
     0463620326712758037754698101903060273275394500840558588953148114337407     
     6916081193109041095086693974927332474195837184069108737799881591216890     
     2044636664599138141620728850249719498352642218666204186356988745571050     
     4350670288838913370496868854955652931643487115687882713322160325936531     
     4275198470731010077348863999341218039379009527586082993003658805327399     
     0853196572018510185290421609017234352857548074152321523671196362601744     
     4542028180561933077079239104095099601823656210293062313677537475212439     
     0575328703929157621172834123103586696655712314032526849635316307903300     
     2722989335157560118962249394529920615390360326344489550488964334536237     
     8798515228750185555213461590888607329685383828132313690093334927298043     
     6205094469751687596932780972188801754193920435862526688055009831198453     
     8740404770221747967618113604113456672143303308167994787305319511291284     
     1390289047413932151439828394956965048179274155627281759053912127178802     
     9423260960855898230329820151760388805823407544429612246151904637535472     
     4939432478355532325311177587092049760403793151825827515401746266254597     
     2314109100964917971738152940261787331913220735736194291503070467514174     
     0317933943106982926384151345130357228423698936296005282706632432108200     
     7892543374681176909607309645726908637902311090691738316503834013308394     
     5190813299946494415125153851194087607597900994275184828318074216446952     
     9547053243614089674033336846194967302276908127865007352769332617809367     
     1713488266918659568594080617269003786424056822488049419081983229753687     
     5228378342509330100361762928674454014740028557675479041744744009358485     
     4907432629746424423150407517670721836018376612706308636993962456567327     
     8531770812829771020320562314507629697156592090610299211168246004758865     
     9998097477701969900659890607482687171320477388825298504836928935098420     
     9152120900049338432087306156887607572418110256989061394832807128484174     
     5387592537014596551346539474077801176230163802501894156239228266030935     
     3979765876780494515959368994021583549775791322132878963734894520004582     
     1344394098416457347922904724086872984272809794568363898749454998828787     
     2428042115236650668196901887755951188307639113138609732827441155653388     
     4688030590482164641257718990874051393421601491788366732059844056193245     
     0398775280596657859465723240278284439148878909390654275185353389977213     
     8613501394901540249402976960967473985996446631787699393093613559920626     
     0799801694503884816053238680583995568939471912638871656515318498556485     
     0659325051689123917951288722036232150584919828543623816226081472079445     
     5832199764749902214725134226326681778549233782335077078103524459328695     
     3912286132193020340473603003676050273802022000280951878679432380585274     
     3080143607890765872011489598583128521281411873846386389580995339888831     
     2908436687331661229072995814818358087954644235630822615965458985759994     
     1255958306340495285901567161605968972565493350122670863148315878490786     
     8594389335947029929523247390761195625790306775134510822939930547279874     
     4410973559572605749669048590880872395925103726440934222052184153226904     
     9793976453690316329273582713641036629333814599891074850741050706596547     
     8094159658121520369901587434170161428248041987426365897108120913634639     
     7740847857668530476051589432515518702668989292397330935631776083056983     
     8604777528212403871623828926905126642122686046880381514315446857287820     
     1955928004120598880920241056100229777065740483396032563922272188379235     
     2056776594041590332875412850193230212009782849120994734072151782802564     
     2403906557091673891479424319739237883340263696991863962266803915966123     
     3920225800131520312176718698857346285050331087826313602790375888808108     
     4921562053640512897112793784831247663685944216941455381324951115237473     
     9738337171968819921469404976574561770428298194456290856708216446771516     
     6791358562862378395995208793893363644038658515181023991891075794199145     
     2819811187634703920887419779099799139926292705389455623694717222404191     
     8406756299101505191142830182391070310098396025800765704732271918408430     
     8719752243380720975893959923942751750443337895930481904929714339840174     
     0267244845943445206861262302426917662230894140570581204810066740007302     
     2436885963685005945452016659393568932000473185116486371863159701400918     
     4817605605107565605738382316483640682805727737751829122216318235089380     
     6070947892514892946105923786672980818491263485046493776560640981913387     
     7634405089895841040964196929272398201697445778897060678899228792244894     
     7280401906529683372000440883919579714754716538752341154842910315893214     
     6969578929861984032920874249871062316770378934360934361470440953747709     
     7073857762203924153948308271392011785575952463939366336020745733083416     
     6683381513484556553626449304305316782020651970031930257344425814584114     
     1159201577052418235034976580663200532301864628362040722167344771752728     
     1015978296203630165972336620625624622477975272925956080230643014342257     
     7200601567605402789318740541914798692066580211393812617334426238252731     
     4513025122817010760669065240467694494459963569013198524762767435795435     
     7929351006762697118318956657756667762534703306874263581135609894623406     
     3288988778388795636254501433591410507825053598673643461959014212053835     
     3883427401117628243642252728718710796814867081927560006302555961301101     
     3464835054351075584166850559905557888033190636967398841710284266671686     
     0039115483658934913579559571963046035917655873062624352417303506454220     
     2364731131767715613961732472510963362024343387096907540904478482851199     
     0516601467351819504654267190625474935662227729572658024758458330361271     
     4920454086233855057446386880553928282470818408681179462976015369936883     
     6261557301188084706510006320480480851730317253928395534073106819070763     
     5155779787700414128040741553779260168447323064206568157896899326956122     
     9354749504906328943510062251364201523741105404080870922052062458628114     
     8083260617224597382778457604256949646169123351202696729948104276875023     
     2284573177622781251220364911069366194837059204107450615355994382196603     
     9550849212095054285331991350380689002777603875899304890797871485438297     
     5400262574013885393246564385283038534639543579895997265267580966932909     
     9607282085022283809366466074648574679299226346261698315798649062248632     
     0696308234180630781932090951267126536640121993419104018577619431972763     
     3622569631705008284096542599836858841497533037905239908220285864930483     
     5802028246807959118276992549411750134290867638984242669987755635852236     
     3754333375864030109155679137365483863591656395779654089114669169199472     
     7907201806493826744081243896603581196052399933104925972268200721750124     
     4698444488052364866250327181417337508239784043185316457517825122054049     
     3885678185180234164534660757633013367016501849780809679631584877835747     
     4371531436425862096756506868108662586678956218988878841945988754617655     
     7424327625624117230127872089702365289480621556308403885374828536856021     
     9673970446135911652193965080724076192636094155101296775643658210408358     
     6620387913062173574519555818695433404531983739853810621441803255404049     
     5379069796897268358960128581019678054178828972202153902368854344671035     
     7928412857523208510914439042610154511244295793351920916103737914639824     
     7779530805979078677280320729575564375380049493490624960091710178970131     
     3588876344069341058538058627467033710511782815233192582528033965338389     
     1077800166679249163505721218712596237773766924178291570025581278339469     
     1300171775035114467219235192506418932666918912628302071864880214767927     
     0987375270088157443376094203741071321478753322424389312119343810733647     
     7875732767227885957632328826099915563956136309416399055407033940605581     
     0498224851899782749869234980624655510623794192545560191385764290164414     
     3001983176920943950053310208218180988650915926034588044254204392195150     
     7959050869140498296707404782652669799560960839113020331793018814301534     
     5105809660901130672459980451922920543319052704257153990953547309655811     
     2797088417869464423089790805753653190822860714143490017997788283692978     
     8895992211146666354069998123570212522773206529613982352348178659964353     
     6234348942165964720806208528963079049777922512811757630849696162103040     
     7546418655818774728921941262030539515477609637077942813949931207880390     
     1840166939531295469711203669955484341712538385205740480989954200421864     
     7269172571808829919458567876983005867747577712947809688967327058320293     
     4696733696989157200735742939068291327158880825113828099450618072666458     
     7199113958006504335666548194989356634977950850379168236944898842185630     
     1079512203225383308690651264026527330289054327687631526829997509974813     
     1772887739880310941261839806181309318883802246623685261097560902865640     
     2889620308426516573126371478550498406524810401699219024765027565875670     
     9393449437375653194676316356470015643528757661544497000777852780384278     
     6642528175341395802113598102685933607574751374758371933487398400085425     
     3225229445010647587375657358095875326992360848783757304264171630519211     
     9768819088044616307343513165871236739724529593502203179439380685618481     
     3064201720427876369517408951835159935605392987105110250343700570605894     
     8389278271204474205552546687117476686010092193169957134838388940769076     
     8036068192759158452067480106198373960335783893833710262467304623860898     
     9490758115918967434087800682596207338057363934600433699843318096074324     
     3540862715635861608531108135908978869073163605622879040247865384049029     
     9499448123640043751357273409292032166428922021952987957034844985398082     
     4719534020287151629450759391269657701799130123692563513564221276467398     
     4496706997124299057557097618945554943322953523435601097002893017577784     
     3085251722968454056913532411256303186914623513660730065072488320562749     
     4803755146544617155393583073508543810354595491533708905538595404578094     
     2367644996730147723441793316900335932275574297684842176412283328166646     
     1586938675394302865603905912384047603353548516747320894016249399058050     
     4427521114603547326653284091975203987604778054110047946734900583558876     
     9727314725691345650559708347804597564502132754126495713791235683703888     
     0302597510691677556868992184658708790460551880723911943217642459815989     
     0127121154134192698408887654260005584040941833664245946045129515658077     
     3062821022593347873091758521991723776129878272007941381490569609590570     
     1326635579275038261291174328473682900275669677844435634606884112729686     
     5161519749460749276182620617776684442290026498709546916979006733388920     
     7747399815634044365137343271548575865711029100223623117387301321152352     
     7934597005979114001431281035510148433672416776596267803441223457464504     
     3915045156738502276748208823237499155597492060654348453661563747743255     
     8798420476261120279392872769655627857002548143407716438439965269593603     
     2988902239059234734233075556697636270407043574117699557951844857116538     
     0362315165369650638547209270670197579551524204369071869725320459486776     
     3265206196566821991777046779126467240025784471038215047301704380680181     
     4428328530458581234194754220481541968605825632093172978417273263408712     
     7263455337793905812162872690661279340774879585408515801846482980676841     
     9292399979563793212046304302488403228208282845970443491929240953085038     
     3725201273469273011890136057464332385242260571308515656318276398326812     
     2332257590167025311969496352829689079994009312028218040623007920706500     
     4591588660928962846123814154269871201955397497232399862279425644080733     
     7943130377853691262783183974021288945330518787337748480000000000000000     
     0000000000000000000000000000000000000000000000000000000000000000000000     
     0000000000000000000000000000000000000000000000000000000000000000000000     
     0000000000000000000000000000000000000000000000000000000000000000000000     
     0000000000000000000000000000000000000000000000000000000000000000000000     
     0000000000000000000000000000000000000000000000000000000000000000000000     
     0000000000000000000000000000000000000000000000000000000000000000000000     
     0000000000000000000000000000000000000000000000000000000000000000000000     
     0000000000000000000000000000000000000000000000000000000000000000000000     
     0000000000000000000000000000000000000000000000000000000000000000000000     
     0000000000000000000000000000000000000000000000000000000000000000000000     
     0000000000000000000000000000000000000000000000000000000000000000000000     
     0000000000000000000000000000000000000000000000000000000000000000000000     
     0000000000000000000000000000000000000000000000000000000000000000000000     
     0000000000000000000000000000000000000000000000000000000000000000000000     
     0000000000000000000000000000000000000000000000000000000000000000000000     
     0000000000000000000000000000000000000000000000000000000000000000000000     
     0000000000000000000000000000000000000000000000000000000000000000000000     
     000000000000000000000000000
