     5055534585447803719159471441681243753487136304963861470816941608874600     
     1186818142633563773546851199114574072774921410762814023708295602687918     
     8255042036628478730117417023162050652545046165808239198455785345062457     
     9011963765231039019684954214087916037024842181105277242539805680249637     
     6831255793577731538688472443847291986164656767343677574267923513568990     
     0301327906912689435474991095728770797298116586910046503594414932856740     
     8664202022288345460926266487185689991253786700452343877018300520937436     
     0176558628383679818098562642372345649610181064503416201299636064702602     
     4491722620945649069622395208918588500779386239085229168625077228175145     
     3847811875146482069089057546026958685568560884942712356710942876385232     
     8909382706660100339969045662529243887820685141529299254685075362948850     
     8251771351313800689746323028194467026315530971087862710865013454353850     
     8762791609773250435810762419628925235661149597215954063322886869714591     
     9243737513702889948931762401972272498481382702349689781857229718280969     
     4759296009287824288849151738541481945265769331235229035498636703681371     
     3385861213965721626891776293549379158580733675935741854185103615022351     
     0032444384622383770782252635745827238343905660779172190103433562061328     
     6343943574910637902158804450319487079467923569732125148223207691352783     
     3309612221622165105108868500160668128010560715699990725968940795934107     
     9245427347812184436034628051080823451289243564556061912923167179762769     
     5536618073203355098361178537482388435343625846494318577932042621805360     
     0809276636186839102184444417581066488939340218056798609082006565405629     
     5448918250668241311940454820647830137585928755949574533218713499549589     
     6004213110014363917171777351538227419096873411843454617065552637608210     
     2989890989312431927768745432189791939876403021034066615523981626009660     
     9770780530425783780004146232237814714988484371349581107014238456914941     
     0411167053083181263438151903779619506163695318702752870822932173423104     
     6515165856670179101726100110854183690349389694083174412665365404537086     
     5258766883902309768410651007726244780179556377338235404984820957572144     
     4264346207850056866934111197138979286187712739918037041803353793880436     
     7954839122572786236992875985393540206295394890485595261408925875095623     
     6376131547548563940310983164846766651408586289135351354391550086110614     
     3813304706296784147150428649307636737516558177547260358727973718718762     
     4351678210421363915888984765934593230926839474124178468827610160456936     
     2266429042445486849229916130409646493292352784417183770081646453859264     
     7451455088596279610632512138442725067431911651261451794335717757211593     
     4685609939888763895324980829855196867167501840691804484002359977818517     
     4367710920883233861905269340451754337914871556389477731253484038359366     
     5361877191868385072433369761538806326086565353340549099681895860083613     
     4300521686464202929410429368903451388497914448128534318313290289303880     
     8436135107777541323196895656289466100669011156251929573169873712461478     
     5930660752964368033447087512863639814420272317091927378729786920133944     
     8724996232120502175807266901964743596384310046489598539409590172470778     
     1060067902532195316964747217382150061383347972145491703141375880011253     
     0172741078454110424420235105019010148045608633136021556814348780199432     
     7600194909026795709567790680069340794383924046683774967351950554064021     
     2187155053943153894297424246292391660137696400487985884824876573409503     
     2515031319242921322741799910923028188312755757576092992974601964444831     
     3423425697383444884278394244943131862348984551608911553334548569008635     
     0451240655085944338525268268630384247225658478383750077102046184846875     
     3590843943594598217765193515562778287557177710241197659525811784029437     
     2566648149904741573883213356137423446450222194537453961980224888550202     
     5828242272162235588711446572628742001742466371977092628316888959641213     
     4674369426800169170920974109300485687365090644695871430880067840529784     
     4459004553619805031686665911780794657977319012632043337437358966514451     
     4055343524093318330975135493454131138171473255608892604120934720698388     
     2334017240724898031380574573162306958402398396654556101400936800612108     
     4963373914875821917314992255617266562348996956650878832947222137389913     
     1205679305843384536873737810122765769952141430797773941338434324655659     
     3361198918060283716582137850776908572148224538392675440477631758152554     
     5431927154365904926791568396777650746160412190418834071898893261538986     
     4026238831133267310597008182660150602591896671060867838725329844423139     
     5828873154077058963761644377506931010828744670943382999248477351484806     
     6313337748280494148742412857229472444113389842687666619190085329070790     
     6876606033071864563408119382609718804583177793113297760924441760566020     
     1141497439026831862553251936603094089446400812586203858022284681061506     
     8179199500887754986172459595167249806803462619770602432550596479345330     
     2923677255775869422908876398103082980281851920880922061239484960488204     
     4999830496040815957959352635761535314245441847812918185564264452423522     
     9002408995257551424989942218523676050888013988891448395636258753898980     
     9097623075592467377343145611408147950517492343060259197831838620265257     
     4627998739587006254364192468395154522844680915212618735244999878461486     
     9181627643856131606008465384605705443549912362414354966726765581187233     
     4547134407628428237363963532638349948913474175110777271913314715305593     
     0273312780342500809696666436239546670532566734131232121719166352102144     
     8627270406977123381503531081693860561560370320551621591226979110287490     
     8465514026091505339325009984752523302970202994949721338098965414174246     
     9716132186435937465173078646897254180104192000540988451146892138747264     
     8127447975511563807595159841828163505958833213417277950312577001963484     
     7077735932541394936486837831927226456294626296824861198421488615976809     
     6583374857056046153822824177340225818114945153832133535227372949027510     
     0933950459261118096667712254628631386402544300358758825160567684292391     
     5531603226134052937322699785394200601013992996792217658500895635887731     
     2310445010061741626409475492630139946738499961928832090046957798218175     
     4832832755765650260966981413832024070192069238410374136324794646250218     
     4066610032202622625083149492677333659631608985225583555915568885747383     
     5747352932614998629965989936265985501530980747145277999739980717573601     
     7930828714078772846286212562529374929194136912398683906178946433573617     
     1149299835714348918616829991502905876987472801416108017628381713716102     
     4897606022082632224707407226039399700863933558268967909697545480318391     
     7453051618464620448115525794549075014475202782891514667570276611169115     
     4436118587762626988941357253855007958495023695336955459299081734229127     
     9137941001537966764001965146647849195251746691980832514974076469797901     
     3608912145755842057638817839975574857563714802946834903735344256288944     
     0419865962543428261504027945221472343470094736494301868742841573824702     
     0101329536996361031622239089648323157592154771889556783320659931085392     
     2500191129874059669000305353992999330229634784226279580054291701960063     
     5730745656941509964241482100228151382848019910925786556077188164575833     
     4243386804129505007267180614947887725017996552406111534873247317999642     
     2144000000000000000000000000000000000000000000000000000000000000000000     
     0000000000000000000000000000000000000000000000000000000000000000000000     
     0000000000000000000000000000000000000000000000000000000000000000000000     
     0000000000000000000000000000000000000000000000000000000000000000000000     
     0000000000000000000000000000000000000000000000000000000000000000000000     
     0000000000000000000000000000000000000000000000000000000000000000000000     
     0000000000000000000000000000000000000000000000000000000000000000000000     
     0000000000000000000000000000000000000000000000000000000000000000000000     
     0000000000000000000000000000000000000000000000000000000000000000000000     
     00000000
