     2514624876994440557337352563504153636186527418259880956400720839073452     
     5378045304187543064275054135780580124212209259370246306118546741759914     
     4525619703568209621701473193701661407973236665393370102792773575009589     
     9421420773542360912528586031170484806599365385892531895898715150511541     
     1193699512223370204080285527211175645094273445536414350592364633736524     
     4846643611322810802640036669291558920118642317682237259916121606803914     
     7027799937133848541198848207490323733288635707581400546448190330858750     
     9548545475728812095815218685643820020403696034094576377560607166464932     
     9347122199414478161265411917220997913776047514178536270516144481829967     
     7668887919681628134772766594816638381504987661334618101852511584743491     
     5431888264140810309432280365740435731126861632121861300284189864215322     
     5978186692016210926712809006896373495118643643764023996981458692811781     
     7421481229840577029053197769104347355184172991897361569089828616439572     
     0586453455103133025230366414740201956665416010242536273797167413952687     
     6905961102725238250730580941854875918141188290050931818581215541996968     
     2400986660821987294051306391767068239257172310419986940445450916802717     
     2019010768481160173227735713034783000844422581422294244299651823804187     
     1107670134384822713538236822554892813114416617127185044337170240989847     
     8514630278082750836789357510866152202017959373009125250965652521437863     
     5121590256059844337708790706524748498971851290416916709964906964797395     
     3927830651672660448972013023320731913132295618712599250392968421381289     
     5150636452058860776863400099219815756080182866850782943765144430929745     
     4273774235347959290005177959185394771987758521436794257902453804901318     
     2014763653223899790095704905639859945519964709737186129374519737481089     
     3621426968113224416088136236885578710524000494727516563019930380062684     
     0482556915352420343966109625241199628156934289007813654964587613381464     
     1985491908956241509372759942826155215576829736555261671819057332162708     
     6942503397141915636355294507912650174800296357554957464097560979708256     
     4755709113195649831594431214590661436165204455764217684950616366597739     
     9747593859471408664823184747181833820126690490176462755168638547424057     
     6793797511614758181086897008290814575608411519166953361443881216173007     
     9645754285349514523637280520525576917807247363429175270568816709191962     
     9704509513634037665452319634106868899580160708348257448126441442801075     
     2555338167495710396498624788312514272259631694925294139864788539802301     
     6102002059730972123977514286204287312234443355830669932908576317383090     
     1491726611407501514480475315586201854676595145971869402320336213109696     
     2442079479029402870874884251451512835577603847859033389154006077251329     
     5393963128407955364744653031437231389728153574778092107701078196791178     
     9989539509977790114895280384341330970468590587207157632402396900123166     
     9214929548769385523922159132174048544544926152724494305549563892377822     
     7595854533724342391102137225555482801323330048317447724970789957128197     
     3752311366655362057383372663238649717635259517142782421431112828654898     
     1377123232262037258333687704689905418356036376177190727070149457466365     
     1563100977345392199115469466734563594962593206405325657324638402533041     
     9326747724022818295206593643610871272830575056165288141671343104546006     
     3847460138835660479127308348860637743393618082207419033404117106383170     
     8278601107632182349115442681513493249181817887243292104548739108520492     
     5519056170184144654585018617083115360892980473540938217002060065574741     
     0655706106210558511252070062068322968478225813388379721659696917155215     
     8947944333126668803761330471147287817495482090155543354076246134887431     
     8207112945952654112350135522618132539721154406544085878953187041114601     
     1768163598988822520198551917020985453543159003324140625828036404160677     
     3926310243626688482151128129152876907650110709852088473741431889020417     
     7407809530660202883796323038752525073849342892221096562747707123580467     
     1311026489732260364672821000776562575942106785921080606802136149905353     
     6464046769874395597856355279323779079192896008647413612741273721058910     
     9070306525019561597294884135364231844099408352940648435203160550463252     
     3360932718463444011383580105651331566194004948793424407422547851611167     
     2174069586572832021857779831546068107635860657147768853922807568780687     
     9492184676686247729123999845860422070395587234028872211776494187516539     
     2450976064086999018863498601945211246541553432968998292326249280237193     
     3096454415257677126772864063912327415579072667985010965172761092588941     
     4227682501739737680479172640483618197297009971819013418224589426652967     
     2288795933101674081145016221235227910882988123077966865221574437688969     
     1094748155230194924599935203383114836783916003229356223079974981318810     
     1859310221481817913557309390382359099297994411351983485741868159485445     
     4445633086121303109620523930665789580905728371205891768342757391820603     
     4393291410128125055680634808080042667353660135216159377472087450766109     
     2392188777188648614953329953233926016378089059982472308968693754037613     
     0933077686964408940642368112805747049052082450778166135670126896372305     
     4722764665812586059048400445018219403216450064534182562852018985257237     
     9951817098630564038472126780259361835838820194154471786372794656233610     
     9483211201039002436870513937109190946887302078811531918583368274588259     
     1192876385368937670511342607132969783758818168174049275920555084164856     
     4228943172322466238145306724545790354497055067564888457752908556622176     
     6746194491571905472418811229828967701236339157073433654024282730133022     
     0491934535119907698063039774011110334355613164343494934132135734342225     
     4745121023391435933109363598279200319330566706304058577426825984495445     
     6853272044091189772821401848500528119360257691420266727211145563946630     
     8817528605801687982080879406542721827761696958743882557556788172008520     
     2107303365746171697414842671773119158827607726080661500316061204538826     
     8675590120777264328865079724265934310982229991133140012380363899032047     
     7856870245499787315155751063432792685375226993106813890728462788625827     
     8135020253124607662224655063496439348398408482743454499828975193278835     
     7117909253201081710633243947346354342677894798006654929168982754332283     
     1831407566323807311469664471947430677677714505786731970138768565056564     
     1503502035200505104262329335811747636768014263186343758017820499314380     
     7111159795915862547990974293984078850546701793947400484771475399297133     
     4047476807499393622847613612129043623809519858113384862425236326489680     
     9451868317432490770239298150654522606238814180091279391026946933468734     
     9231597146149810637918715252034659184463048371386427653653366319478548     
     3581414314560739459205934138475744582609066123515646021016853551561574     
     0937264233659633740539276209693373160950344667235612572644735820620028     
     6325468699772033928274267202863776988994116103258143871405655382891227     
     0427803982095541358690107692178554415180432921766774933442264796479199     
     0536214483685097697165848302548465520457759205880748172213803482430262     
     4268366155212805632852160237240288002973520813704141575338650830610287     
     7977260878475947158930463577175941545775734994037128466547291986604755     
     5712604318575976036176622386098327823680636664760053527079734763559345     
     6762984763971246590750677330330692296714663830782293670825308899841564     
     4021418599468593629776486005766597270147838887377467216647873497888857     
     4973416416948967940766717548197542438414161805487877132183771286539993     
     1560179325407182729408318764435541992410499110832804637886322184446300     
     8984704291895888892415736862621265820633011844059337038984750694954864     
     2586356144869791534374756013244677137420164491090847231710766203307655     
     5049023344293131639362200538255187941502930870144308744519221815949373     
     1732147342839007001246262600632049299772753867132373705186407350068864     
     5244556824477071977925384888927409314096742400000000000000000000000000     
     0000000000000000000000000000000000000000000000000000000000000000000000     
     0000000000000000000000000000000000000000000000000000000000000000000000     
     0000000000000000000000000000000000000000000000000000000000000000000000     
     0000000000000000000000000000000000000000000000000000000000000000000000     
     0000000000000000000000000000000000000000000000000000000000000000000000     
     0000000000000000000000000000000000000000000000000000000000000000000000     
     0000000000000000000000000000000000000000000000000000000000000000000000     
     0000000000000000000000000000000000000000000000000000000000000000000000     
     0000000000000000000000000000000000000000000000000000000000000000000000     
     0000000000000000000000000
