     1363197870814213772467799915597079066198890690381572871142785216749391     
     3306627928954577303869121197629370330160730109902281617103094880262161     
     8019858207548174891412699537260290615632096263049377502214796917517008     
     8730034670238686045327787595657567368645563832993642925595437749088214     
     1020710329361135218742161196102497526059436949390404897178679870003924     
     1839138159000455489520957006136755093263300779680489747473630164992831     
     0427872707436455246679462197385349033405296889486743564937199477039231     
     1611889370315560433292124309639211360513160010535765339827864629471962     
     7047118201347135693213452351792005880866705916337541969336359892960704     
     1062682515151284263221102235534454007115263879204676068373208480199389     
     3471882355334591665442065546822622727755504296997000245280303958707441     
     9440153496021863250689507155293602857809459995914538110180805241416384     
     5602518941407090245537370750302551232998577278608848147366659993248236     
     6886556565935393146118221115018993534905051577705874390317356529322873     
     3130642385663378591722017957541185851923980707950096178459771576030225     
     3692509702643138525683131681106380313654836806240269483870239105068408     
     8911200329054264257937008483186995703714028952717234257765323237443038     
     9649030021822697807423076102714909937296992236448422694168032408489127     
     9347367106971649964535206660695989792281415775972523553277723726198111     
     3632123960245180777365073871754690732518030540287496200178464104002607     
     9068567330686374566973836186079221345064699873570945920268367618011671     
     1230759871775933469562022338044428595745970836752796702418785204966268     
     4689015706222592000000000000000000000000000000000000000000000000000000     
     0000000000000000000000000000000000000000000000000000000000000000000000     
     00000000000000000000000000000000000000000000000000000
