     5516311044257580881833374279017633522841448662978124860730626383048046     
     1132954224433866870850263993196635952442030264915632886618440123268030     
     5055722485667559716055311979419556058423955595900692651895571742932214     
     3790215196175082185953407214629483306042797886855215010053406068083013     
     8019402062087598448114639609618721497121273790205739408816004244236036     
     4007640041793789821359092862155077435994150846845337289354110817314079     
     8422510335560210938733068077284249546709922208717243484591226317484677     
     4060667251293278067005513878580082233163650491987212327678494940408788     
     4315681684704022995515800898078539152324636766179792930647167782626505     
     8863095891650978709432787777624410148509878880822131361774809632621390     
     3341527813875735235300384507317304897497025723119308493289466370997055     
     9234903502972111215208270896860394891744148686589442943845554259873743     
     2154747668620086465038248166118519003092028139710886996823028814876428     
     1611655472234221350775019784758825902591512382346370680493409687462325     
     6528915352887771361730763526249297099138389128909854310981366058815091     
     7675527208610298720271215268587487358778307905842478478517380873742353     
     4855777105697951064624277183523578532696958175291242349320407525337989     
     9412145558440562268976847108455193770113473816371623002950955211700214     
     1561272826181663167824136921294607035984364873418654559653640140024776     
     7875995280146529603441250659475180045723609502702438914433065509239865     
     0400492623089203110815968257973461972136423320838695904099988061527909     
     9295742715943189564527580700411052936623527575969507859611998813618959     
     6067542949451071775260647607548358673116584571746954165444828513664030     
     0163675574403427947250280773560272420246657330615648263825674924038113     
     4336601174705963645084020349108255062253952678051790961138404308485660     
     1485654259082783414152607506310769010011167014951366672198346616746675     
     6386378375249364224082715629822869903309162997898404534132428480083136     
     4866587257566117667911507895833178179604763398647682870203726377677499     
     7487407122864341643041319692315707632231905782347370753689516651034372     
     3175053280227585359553207689865677552346453610585689278815050178493575     
     2250821206049706692226374493011611617882839665206260277850460878342840     
     6077572748679667786191803266327809769953962853972173492153809953160198     
     3581806981573316479136111071346067416040697476485926289556890296952406     
     5264859448051257496984698889406937515030594975499191837007795092913801     
     4425647019968534259484959523857701755127281712082453051352493824929325     
     4553288195138234960669003277363888447024273018272947128405576298519801     
     3742030938900642691423786835805775338967608476191070172916646544744602     
     0820787997516497896703545536790317023789739590943616652767451699615677     
     1215688931411071889879907477784213579334473168301003183878850631928601     
     8892467095895131260803184805569073772168085532429950643838511794387040     
     5429558543696501966262206039749615499384298931105260539727289280832137     
     9123718208661047538896920190809169924661149282365048127867596781323952     
     3668777590407253468196286296890394709898710827403031276463499524452987     
     3334795254806956180581141905309892116687003501894476209713223323225197     
     0655591760935424587022855779457587798408407893934251740829361614955798     
     9584570476884299397223906134774477636821927612783026363977074000944126     
     1828517485400862074590566588136510527454581126387006766610986304163188     
     7497330873024262480981639035080448037308407457713288677044112682683172     
     9646018856011747115974859625675800293466176488593575418204487082362525     
     2729580189891733035234590474643313118549198773682513969918915518996271     
     9846556565058295637660341947136672419098723792096520625172957772812032     
     2036283889366564811634093930575375592959007572202223085635540382649776     
     7981869216090690135548340595164208311959810077100122671793466727682802     
     9626824033575902063888806191168970048808882707199506420457673197059485     
     3160937099202851272288095109822112734292301436465732824194072974540356     
     6442257565961972392957835549062163732751557751619696107532773093375933     
     9083393380970332201675056516946994965617010233175413111593265151184976     
     5130123606344192899450640461153342864803385144033880569839975965923380     
     7206733140728188448640008253680810007107297448311813521096451845986311     
     2394925334625071743937225960358821848006315292791536130695673723961319     
     2988911310812207348350662314126077714025103229207328357644412210258677     
     8408737326573416452152195568314552237585668684150319551503358555004704     
     9503101103686504166479983974197250516554445156958744590668232331930154     
     2742540423110636756663335922293224714120537831523175445918429928596738     
     8450766085062645630075466486023590969693329646515396690750200213452967     
     5696119785377241824167748622195790643864243089862567892226279295588450     
     6103927219467987660451563557378517014878238127815637804886588005843291     
     1924816452315671195222962342995665047404331429382249462210791072620952     
     8433731151282439812676720302467773182131419486715879355810074058952947     
     4415787802035281058882039602022452409687977203119066511891149212665846     
     6230103402111802308168746520519773609542985987717513645412159786020208     
     9328926627118305948450950521119432686103365366780826700918750395745172     
     1694709724846049307791599802518580697590842045955168546859118445591089     
     9287210128272340215986374724125265141344745351988521933836753674607805     
     9295172625207237578635772048592405014446471914831477897382480170807168     
     8304166183037038580620586683032217333615863997545462738610147565408642     
     8944608135369979878899664745820823895258273651873288792576450602545175     
     3961255266493685621838659426390768299196942893718581107534178757172287     
     7160417423487627384114517596492001040088198222999067323023007294940685     
     1008158752013253823298590861506779159671952888389625804511767599292847     
     7161376425073010968850603077995038199635888488579800202405544368851371     
     4519631822158990218113146100974282037797161915541094400000000000000000     
     0000000000000000000000000000000000000000000000000000000000000000000000     
     0000000000000000000000000000000000000000000000000000000000000000000000     
     0000000000000000000000000000000000000000000000000000000000000000000000     
     0000000000000000000000000000000000000000000000000000000000000000000000     
     0000000000000000000000000000000000000000000000000000000000000000000000     
     0000000000000000000000000000000000000000000000000000000000000000000000     
     0000000000000000000000000000000000000000000000000000000000000000000000     
     000000000000000000000000000000
