     2134666650511158645510629520587371896083584967163026551845484242049549     
     1153474201005059809458667377595806371890993024861134219906206973404227     
     9634195620172200750835427773557735272265673431142873723404727006855499     
     0449715020110298287478720186620581702550552472216468890056853365056980     
     4628249919140582434414025552494513037127355864786044004699219057933259     
     2217746273134503978017581564285915690519481853488168232952051533988253     
     9976012952005432280564001808458093401286353499673864718350976205824714     
     7828456024130619208214158542707258784647760020278025029046770559497881     
     2022870319968943275461443396396267526576429996515161187170453778749231     
     2412208534149225595122003717633023026062710267361875089662996365189263     
     3392810805542263818704446424772119395806111352785161661277491446779759     
     5859352391715739107305078413005876304147132621311874615055739659202813     
     0194753432125011424288497681954870754505167993695631934628772942614717     
     5266720937538321021313643572589067524445244555583202034818520227728418     
     3973513208759194537511382954221748169405375071517257722809007281136337     
     4721902156502555053963926145783944868433787264675267562037232551762331     
     9409638311747045823560977338775756728408601639799828508846327897439747     
     3063194668405297112138603092765913829286942334847301421833380057665275     
     7455489948385051299040932877375938799483197258915063227361700533708886     
     1031937232534862771685061253312915330524752920011026675873371691716007     
     8632998991796366985234483139152293603751788315090926252463065948447357     
     1038558907131827500925938191464921751762535523833943038428427798591636     
     7696039631433910872679508687217878645267383830808845009694572163116091     
     7913098280275501243119680407986942128379602765331878923243708405479387     
     9435955075079745597897262509787677640084363824908439838911489297492481     
     9247940040458145425196797926797303112118465435262928781890951363984091     
     8653130440910247413066739808840255586953826884589158818234130049382153     
     6757510638615580671757553125358647124337604351416781178445968742744659     
     4129376065558267248426672599740516800160661473472372946079851124689709     
     8165361629057212285894096997475089214284286053790521014058629647641399     
     6269660727984528152870296042547442347838523828520016475091467627361745     
     7365337392952171830263910330356243698177434707903616923180948920727751     
     3622870714253008929927340754499995653115933088482006593615290936259787     
     0663178836514724470694426923507815829039442120717838532781015775793521     
     2129293837402230507056286880070995346178890462417628259090811817445659     
     3557882181680588780529171737080861624300773872514762872533149524766730     
     5325755369102407418871228589482624837313082946345592501318450301669539     
     4815816896615397842760730349146526241724897595200527716862569411328780     
     2122090539159394099306188091852037357123522497208842553739832602880582     
     5457582635384436897359455478240593788410209295452287307279616768911885     
     3738810797937745971161878417735978046659351220691560109292350546874543     
     7527154575011153417112119743190485002333350335482517705662611156330561     
     3530036787741748697403097572889366552860053052972434736193843942162210     
     4651643869747928118110618126385193598181846248152818034889591435979504     
     5388506298132476117458511189529661258561012819234932206094038825725612     
     4057324568986608318558087182064729872491783463284546959323904341219176     
     5075192497752816290931718101776279080627730891888723937976309910639632     
     5853419881401957850601788994711191867369698515374812902024182913262207     
     5191816693461958388596169054869705185816570158141544927096278214193234     
     2015698057625836322213688508962312891607788268944760937533935738933663     
     2993024975689569457776362050791048353899818217514685088643393487329832     
     1942647085052677082131608802080035421688482600437827804967347552337179     
     9916587884032775948856289678842111612573995904483586497295061424656105     
     0095440034603818017203148858185861386491530258459814527872835240911747     
     4801803594476837463082107431956615745920114348742533205475225545394088     
     2676096984437174802636694061913294561781323178156508104290593112718540     
     5021622984396547922239014349253435333139383745169468377700529656832276     
     8133877206649113774991119059849385145671553850864853187735271075005431     
     1902462564929164148484104756512247562524371299379862185543158768362823     
     5886909584632543814510775896815463793063371648266273996192120045718209     
     4487518367669237098905208683889808660483876318521524476605326437556424     
     1586465627775347861697730124931977683057495029627861782033681848627021     
     7512915353090118177703308382058312992485316347875468853867392094089107     
     4266353067246236130036981768321276800443952297369205958464584493385813     
     7488942030446513990915292901623142876762683691381390335169195108648902     
     9160487874864719543863396829028297659559332231797741251587123154892563     
     0029500586659831507269051205011465487130169189387079157581500241541631     
     8495509114059750311112348570667948421401222772046942012533934310100469     
     6810857098769907722959737362555717690116868654906493655196681404714057     
     1156150714504931959202415150526670686329165406633512181147060561346900     
     1551328695134189267214425622680115048691249406359264089376501863117948     
     3372393154288324633243995012956352182899168995315318119739263360761897     
     4723765760731679104391741008012857933173373407142638240217446192644297     
     1498397239751217511331450895487353647113457304116302684906589403226744     
     3726369787095715214792146044107065873162876097642522165236613157948080     
     5302557967484164279143847989385670576045243309444873337854390071364716     
     9024722364677348565488908890632857933293316789565918645985070382556211     
     2131242408521116193790575220229335369893831065975754873121302731566264     
     8706337943572190159805300949973145702474027886675430959105344187589736     
     8274778533586991506358757081085408787960737491183912243579756528038378     
     0106587382160173995049422296393107012888982681400817433720196563115801     
     3289266344650022001006737303380172010757109701549009249243019304348185     
     4990203999318961683730614184795358940698362466218541246632345810669739     
     7245897710128770285940263035295724557035424029902935486780712985800782     
     3922270627800766196561510004852332917344560164088333289630194776473611     
     1600864849476695943282623549964681836579876514846837121620889247901234     
     1147065318716836524288013402598456391699941937659878253630507079353046     
     8992163689056582849466968630976141413842250409775899738823235977709383     
     0035329595759346276509245232322719323824311116110872647850908966123050     
     8070627476287201390496497445985682667416772354949806745055620409035901     
     8151330654960013645226792694013894292530493310005480105067270579040058     
     6844542976689470024172113821364981827602025202432249225886668836065802     
     0370229577333551081230770642110335478733557691191560073284899928766019     
     0702177948601870640061390293664219004956739064625004156347172243312346     
     1599022752508093743336485979416481071788921953432266838362190592327838     
     5291512877609172856136377631725575205311539850538988542354262001646997     
     5568708427444042821923283005591242040846707072840136124755040730189584     
     9258045203116315709467903751959299327354629390948373493157924572313918     
     8655313558232362350068522191879037633923874228554125677725575277677678     
     5036537733779011177978336847489704696064847280449179449661720849997898     
     3555052288757159314803328731993687172784430350106405668518024973777207     
     6935765138999335269552586022406698144613796025736078673999138875183849     
     8658053624696948016789096792575056857442584697652379577773130951294522     
     0694758631347643591663898130328368942998652392937421682363396036039136     
     2863915528194315833136865338323678975801233399098093207108496916300575     
     2104974766304908065027509963942672830237457030050712128134691308501687     
     0935988359751630847634220030648583210066753626606991874947307302591327     
     4363699090626495399605673504853479855377712663019908239801512828974716     
     0373020299366110686499284446825433753048941606672352287285577847091905     
     3479261893043858847309164327948560855264138733757317881956806161895971     
     9669034051029842150871306178334505737571400042177683186979001932165651     
     7349794997455959800756982154244181974671695798163443801520640358548693     
     7728548699701417472464541898223298762270778749176893261394112643735067     
     2607493897916174087542372485775586529200732581469648021695548516669634     
     8356314682483146113829275762265844532833850760029122139671323640483069     
     7896466315991292473807750096720076712448372616936308595498152845314837     
     4122212141684347418294545877005002336026935814395151698565029924181547     
     6982205218300152633247819548950311622124024554540531277741270432650356     
     7918982972425187201242319271648726880861460361831359681249110558581613     
     5178540206391875252307256494240851868921012610669573110884314708169636     
     1071246304356517247182142497999228908814960910997204073971114611392525     
     8527844127942303312435847019649991795029142910236497049866341024516203     
     1835276025517090131964102540450855226912713114053983920984924875609015     
     5479080071515552312193281020864615325448506475122810932026067843012662     
     0892208334292692623988354157110526309196759596401945965365922388831583     
     0143505857367885455024375629912401653067984847304794422460343782016948     
     5219660411096093664058287877699571610529614957348707886065623117424816     
     2653913381818113909208129723041575122031593088215012724220999500767106     
     2230818705391599111524579825758750852101125532172715385497331869711251     
     7581148064813694337183647538108543550432791029046796554249888912383682     
     8705541844722467080370397254852845016149400450242951536800471545020984     
     2270153722030240947960580380724833087339691516316839375149492332981980     
     8377284899937140648911191282922811918683963745190589550296004707223864     
     3635888990175660965449223509608386883569018132908661956935027220353764     
     8244796019572549056047298546566288714185694404956770373951276291009892     
     3887060340941640666285414614222743464862568535414135498926283857579607     
     8753499968273835600569306550435873472870874503983888837745781945890224     
     7853730871267780231601335563106464114916348617184170842320684728036378     
     0549690917003346653146576194587827128907256190754158016803599180253103     
     4836873894880240218089977522865712845125020495916764385744917669520171     
     8780939322032820676350065963224476372363180364253568651813519465350337     
     8611278660881982278537593341741264957451562012059110760209255174382177     
     4866040969151554243155425924192457648494885433643060634893170018062927     
     1127593833264069243103173094513897055774172810877818957969343363059037     
     0296860714677285699620680637707798540998099451567542346956864629033323     
     9068883715113957125504839143755054795462651259682193373146631899049378     
     7789238710909868268103396073554343899409628547150209453310355474879346     
     1755088486133793259810341956590960350999814968722607677073101793264099     
     3242932581322014074493023660400985159207662849995546714531957955195064     
     3476760351603573649146172501592694050096888274302032316482274980729826     
     4459561567338047018949289168598597975112473378166250901274454188063555     
     9957118824217589902876629866765039664612455927009222708226162377893274     
     2373662771871063963355982367130487839325307119751563885983069260137327     
     9855842788048406472616732104986537650004319806480811431190152141586989     
     7436509545920608496648202333771133624077597710764667463509121650125714     
     1467418279406345859887890574362219751354908678156728509446639505756577     
     2692802072138327496864229227568099282165697146392290607597458417704118     
     5258830419584764182518008557309973493629763198784162954795568921521268     
     3982928855171927405503829997758693702172942443988692801470133840893205     
     9444674841879991363017262153652576443826578459959987898699182110009936     
     7886360288622473158770462030599746201188485249002487172558105020463658     
     1279287081575392400082047624798954143873835164679845507615818793991485     
     1533667333079726535100737669068303039279519406033786444974111720849123     
     8009055302888682954290988566297918822662382815461761676840012448120831     
     5634823952230792120273565354710950649841909558337480423161417121347677     
     1588305981686002501954162490423193714074177865870199943865654194003120     
     4265441695956463695110697517036352827515080989980634232813614684957053     
     2447728307691174685352907774655724728565247901566030037071925099739033     
     6956174654519295752963311145012615573255864047540162048361888405289728     
     4002893248638713310585089440673362846679369438320201454873874915329500     
     5591186452019444976050276234057629629360041672473960826797145828837535     
     4918066045013739666032897703930742288380272124153115843937772264203074     
     0761399146822005337277380568346413107562013949263871548426021839278681     
     6487210748337145727018283956844054781321237575932883253711890487355574     
     2733990360447363005055132184682727136886818427276130360461129817868159     
     7597553392139812148801409675015605801161436649166277044983085071105689     
     2512298501524980328004372499738400722573659683006400672961885913762272     
     7956970948802829149036213781668357573063820563468886640831564579290499     
     2276386469746135408165589361648707166875739068624344183688809870769151     
     4712448327743778485628604986031479812463200976362508108777471133919007     
     9541197650630829110035689574921279840271501593039755711450005777591248     
     9420240056798652734016953804193998528153092717935770633157422025290214     
     2192249387206589526260993743777269925946007729249258652558638945317781     
     7718370965764747216551860960673013230925414766163252796802998041927273     
     8576754175741926162738458103480588882144904649828400667094385156177844     
     0122682241306833816294464367307735893976244955279927988594782892990021     
     8023996759088745464397272561459892686905443411305292243628779220221800     
     0513837119038937638034626328327771428268345969437644258584020791656583     
     7810577459878309947126240407068781448311593646289787823725171855125396     
     1413632899344622227284260404113085298995438295774665793208485677407001     
     3741141815582522233802622239730075991729348097073350480894436530764337     
     8075549047861963473914291591749746027390615198181195094029214076439174     
     9203169047726585163115591973030681746145205725744277182769670784804251     
     1057559571964918351055600333839277117012609246185316595026158460109534     
     2239150490886244715974891791674552381247260841908649050642217102210393     
     0976948168295881057303619854452786320674331480839127622387567341688098     
     5692527985429541643865214221551976756310453581694792502402623297050750     
     1535947616118407138152191076869644111678162572709169377934644861178017     
     4667846649543778099598741455415903441878129432678420674389244406538697     
     3995139532778312888687871167001521695399746521476527326929371439908456     
     5006947521786034711863926484804241005725915163113669803894360906767141     
     8861424866277478277798010739664346634994361608295488749021967581904231     
     5505825322758243674907740231602082680496210181921719157889733688238559     
     7422875529841614046937475161543714107906562176445984871857444280769328     
     3243655544159982628245769345316902801018713272580594166320936375380066     
     9259869547961955158317186952381956235889145665112419010407639765691908     
     7796734878415676983094591161320417386831273800167872831696090726708794     
     5790419510475002895880677822053230556476877033713830334109870212817690     
     8895015665904675667865576782361168504656969072479318705088750925267694     
     2689166344657534268785366469123705556878024442929682045555281890834346     
     1378510948142045889886828877334496894275587350850155583952298922031514     
     8866454259683150377212377423518073122874632084270503675167974342260014     
     8205642070034861872139652817789542956219178206018739864223289303696242     
     3793270810799173785825502548472762518377019018115920588859357943523902     
     2434905014960109674617578248147746482885162634506158156159209761301042     
     3920134792706810475666793683843342827929690431952483875780312594582027     
     4672105984611941226141599305655414131746268125829695229615302485251140     
     1340976992194107645429586925213514655220301328628335458998302808517942     
     5339960516826827921898075869922974924147243212771842950633432423689926     
     5665583632169956262894802699828586177001169201836493986503172500744452     
     2613555904309511824275649535004431549068756921488049417149258854645278     
     3317833332300735027033393236735850256365627555459687311735653416325974     
     8109958188323638808776363787406819068225469921178194997154367744058157     
     6570312338105881195426643784932918638950077545767457342402937779282523     
     0476655048892377239378371051827203953319144262708742541541455043615020     
     4399607667858623737525307490978100698957148787467653824485351763086407     
     5591880215151467619543831520048814283670211085018552518723487638153823     
     7463103849300539698348233950708059630134198852911104000000000000000000     
     0000000000000000000000000000000000000000000000000000000000000000000000     
     0000000000000000000000000000000000000000000000000000000000000000000000     
     0000000000000000000000000000000000000000000000000000000000000000000000     
     0000000000000000000000000000000000000000000000000000000000000000000000     
     0000000000000000000000000000000000000000000000000000000000000000000000     
     0000000000000000000000000000000000000000000000000000000000000000000000     
     0000000000000000000000000000000000000000000000000000000000000000000000     
     0000000000000000000000000000000000000000000000000000000000000000000000     
     0000000000000000000000000000000000000000000000000000000000000000000000     
     0000000000000000000000000000000000000000000000000000000000000000000000     
     0000000000000000000000000000000000000000000000000000000000000000000000     
     0000000000000000000000000000000000000000000000000000000000000000000000     
     0000000000000000000000000000000000000000000000000000000000000000000000     
     0000000000000000000000000000000000000000000000000000000000000000000000     
     0000000000000000000000000000000000000000000000000000000000000000000000     
     0000000000000000000000000000000000000000000000000000000000000000000000     
     0000000000000000000000000000000000000000000000000000000000000000000000     
     0000000000000000000000000000000000000000000000000000000000000000000000     
     000000000000000000000000000000
