     3804548548061716815131290144146586468391329867012391762602168508321498     
     3249453408529938783094043365897934826661582253011834867609950654377108     
     4039704384776452269665054198288749862579797993772364579251909492437107     
     1196623318100760571747067887012245209361727206946614919393486030524785     
     5564505766705111161583549157396288217214535927719795837626099967699857     
     0878585125809368590329364028793937869028208782985804782588019018904392     
     6146094580933016597253398361380131345717445800815406660574348100027938     
     3772022621206704206642223192754430682637639401088103931705370711697025     
     8907802385565884866405194348654597038425962116055831997165058784582254     
     0492061332350690206137073678621737674205408812715423743436237792633011     
     2342146264759261365788742287829830778022537882786485923096595781719764     
     0672447482243819109761017026207795346694906383709557497429082315735030     
     8431824784947462311448845688879086661117542429357846234361422806125310     
     7430807491320671626975875979410690103761009326115869027373250222466566     
     3488484919037531697472860400531788320293356346866836442863192956445026     
     9333172727728912763636251573061385130958356454929917336931227538354039     
     0656904189928770076124176377146327701364643076818925313936739107186287     
     7367233011434564059019003588091975797122207961166859380749619362872711     
     2076939122138217520685571013974947885363898448550284078959522343863062     
     0049398734600004763409197264777939624985446851535820217419195970605263     
     7484559714476646279798517972814492671297427339162866062303631212595899     
     0632580401949159186507984798835194014369974971119301536612156768633459     
     9125836525762966630877817714400464484943361725563562137190900592992838     
     0030032330748763085496346864214767440448841398484120131479076834506448     
     6694494146962667184564950878177708634034225668031672466079815163437847     
     0353334923338675128872342602965685803971623570451350344303795966956794     
     9517777203355856587077703280944872329018556870090126506206270315155322     
     9634072597147758211215756350254757628571294373068377623735598779675917     
     3714254187826850324653311302395311955995873036587236176970848856004802     
     5609007129866203649620487422071292552019882329211092443762981993793725     
     1240953646324252567906866415234740157307365810959867291469227265811560     
     3076765644012796365012218582009264112704126250005734424101420050551087     
     4218989512794806789045136033889893068249424041027415592056014590202808     
     0416174603513546883756324025343779978917953652690969499455003532767612     
     5550339783166719169494585932779157477825482090318444781613476432488196     
     5672493886554887276991330101669910991783828264971556134065651064561902     
     9223321160622103170459869233544651405565309519383834424797210603963955     
     4337543048355527825765441957597406480631171034179239742748632613123682     
     1208644926476126449334690980162534799054623300606139355948289563410977     
     3663558341271249513498687930616265338146645581212407810899977971524576     
     6301968907260818755816659397621552111695297574992322106298472667715799     
     1449330993342673997687114033909109515845343136571230998034772896288140     
     5797154832894439067771931827576224649542693476490730327749191170495335     
     7789215617618646899998623904463059181050573568041739677335999619700611     
     9030967397652622745351795161085999241511643001990172558554965219582371     
     0624288465846606296242039758232123262020747973814164526475073428838808     
     2255936978236596819531439621657367312391401371529477066649317258146893     
     4803248504059433919287069652156174172275437995212965040045460166531428     
     6190112562328769457706036445769535368886246633085206295367669742673789     
     4370251299662540567181581922053158949008213795205960934330476852204196     
     8566689541296651863647721961619628393764524329683826001068330451623751     
     9560005136937654688352978154456362467806187924087822346393621986293381     
     6567317798326100006493243609618406661037310203586176759301557374257287     
     0953145280686479215534537017490127787679673521920156130607292368349031     
     3067931571535869767656819975455353398903561373942567643781319430902127     
     2766560070877728305355946880846604332455235542475895702857935175330871     
     0142951541655560518232602698960578480524011313037544086856106606923606     
     9588508850754898685954757971250828084669018917222375338785418593365382     
     2393714454432936109058315349653956204552382785673346477511646885757528     
     8221911527242574161301111644112558968539306547546115482015391797781657     
     5864320333968630011909024398215232756258622819640617247199170105482590     
     5970609249318832827640671429832664834392844651754450456236591394867196     
     8338123695748714870708905041269879203625815352182808256894792901729116     
     6728129147705910091220660832236930523289461877600947049044928401175721     
     5226108481254681455070644922024214299895254200102318259048035890390712     
     0439930566082547752783926514129180627528398598823399965407670487177498     
     6888922071792111079764769717892568856308133228328662716878608921771773     
     2125711596036356258861610940916353612024392630338932962988885232153642     
     8851911476282056834537015271325403130801880498947438834749081256699125     
     6390402681323331929315695098835049450141345437727107351332507575763164     
     3228818086966919476847714185671764940340242912513702909176524634812274     
     6551017901233887794321913577033040946750590111982495784975944119670158     
     8255449511674186441451455412668665853658282092896222107567353602119315     
     3162241667661939596767662879319699525671625000917067022064658958495055     
     2087639880731653539475154255111947232095856075493208540863775243952055     
     6688920870879156899403248307192552579825102111038156685167385484212945     
     4093038822532532930715367757430646012121438693783791287779206039403539     
     3934288857178086469778004173343513458979596462228218134968669646154434     
     9511941562701573167121169292563517068849516717761854025550604206488800     
     4791394909476319650124483339498805199455739764756795970843047356777420     
     2609508983101592554572073031524615279716153255628700624220340739509537     
     9889530474282948836618676222862746483286249128664909761131288373003469     
     0346034353393260630855697293205662100007868076540178943929003924115826     
     0071665443911252888861263181625900064709611167811218344872414676911204     
     0688916775826171732780181754996567290072878340444245327882790555912200     
     5843204332776375646695715028445286632520709073201961005947041541068985     
     1365811004908263990225911304618559600770671774818592999886992582119465     
     8512466715761320146127732887169548917841803762918429600699477235798508     
     7235579217124844824238246471370862322420413432118669961632637847192019     
     1296889752894189014193917039363188120721232702615274014303671541406733     
     4619433652811174729511818060536592445590710859612447828199017255812738     
     4582926262063268168687700019848061433084871624235287203488228095470125     
     4465068866380376427517098214542314214420963953799058068242665853649907     
     8942242275635470930227143725230711903095422663961172800548426008232987     
     6779063267223274257283316721988430355949205127733553667022732394164969     
     5605259419330978294556301691966362523498195463632384727000341750761205     
     0039595799114405975236491679553048543034632464888628819142550976132272     
     3878414684579186597226554435891345006478871784570661714397788324332219     
     9513373557893465079087975107340430265304734720460897738264157801104111     
     3170192660156907492708104961892921835432394912839569074439397352712349     
     4116218971660738790340597432024738236906188191397572635324744616271707     
     9138063953512716923424631376555344145789071502059833280641916042227574     
     9309884432378543936787609904558955958956083854874778536313813305573170     
     1052552940660275632805270392944354003235247246719031854817864083577639     
     0662147007568550598586440959138906226001561486707251785584066847560700     
     0850661067135372160132483374571614833585949299427725040105856432853053     
     2014136824112675178049236400405137078226430194735172547036398375284898     
     3458143648420018548066481857598824096233936927773390421999764446845052     
     2123750216094079949196266966924148432975616043501675547514478442774199     
     2128030304379641386699617578590004231848984923186128837146390393863582     
     5867817377148704585042408616780706712916690097214297615522842325989261     
     8021778563761285111128001436831948157692085782257131126910034274508037     
     2676928840615099132179518300933513053224700877819849681743973233856655     
     2959084209680199985969985448011795021545538625968244937401966558235505     
     7787774707787435334247948271651742142923445243559075569033890032217036     
     5317353671484039718053387507852680529046159848239280867247686126237958     
     7737853696639951063207789800636019534034425583712345923991941534000426     
     7338355717171814775396938404805336735866542756942910833016944275618823     
     9859275301473733511894782510689432121759198216927907491024920597731065     
     5123463831231576802786457991021426611616237280990055351222608604714580     
     3363422790124511497828659014274605727031203827001592261533676152129496     
     6657869808598076803323964463023970684842047880263811566868629733556316     
     7952610789223565123603693656913460668683906246706400160132098758480553     
     4284712572627025985833845942563779999225599885270513317771036593944922     
     7532913950504423492868275046000114301198293504220262486959082129825487     
     8356278205178274092645537852684324342244800053728260366672407325944454     
     3829409418677028285512909706250163186000707419517028262276194142544218     
     6247636145746314420346953037118149347894073674593613654047291920290147     
     7705636539092601939540549066287030774171687132720923546105552113036438     
     4768527380564180078871276664686383110492959864874411718159480330735792     
     3856241764310911303872846982037418370202653293724653582470246106684046     
     4334513538161910547651049598997071106346541997947914370194318426321996     
     1325502961922289099609687662979775425034662311439620481578304344778823     
     9889417196389564680687123194222827527403088599902167140528638092177091     
     7816587138072667172283754595883647026537540796460188738345675493611841     
     2831403346516040151406906428218887821646458717252609546578637293793163     
     8476228810763983232221843555935151152131025306076756356789433033309673     
     0045211762018177946014176493797609054997311198181282278679383295728075     
     6039296067858547725305573034989645172412346376383826260214414043591963     
     3801113229424196469599925181448434340128688280999098155477005043820801     
     1478187480396187638743506955186174197837642132343098640613645596037191     
     6647607369121448777337952718276013045592574584717136025921862052275290     
     5897169074584837409789550187715086804760229424812002923854995037478435     
     3988465466167689073515462236245911853554574973358883766682773535550864     
     8008863303468150082638731545809801818830438167335899308014405644165722     
     4869302059141781726509766122860570829855391127850912436168751546245112     
     4459915337626619437693416090727060588275803615030265085061499250558355     
     0529255094850215810204767890376574296770047046201053797803004127767496     
     6726044473598384034179120771985782846437229442262268639349721910093645     
     6107148585625317007566302153363402308485373553383676142604078011587959     
     9388467103419179051176990163273236439228189934094027588312345642464363     
     9984140301836980718276447086725097896061284013247775412295894132033874     
     2848288440909882700492226388332236460949419609269901132705316856908387     
     6758583873719636101528074338667347588707594578464530840276360910801310     
     8647986012016351203094270989523172460602320006631858782850848494299211     
     4191342460874377221396319676512807823832135756670132713844316194232621     
     9401309079907572524891178487096658261565367692902617974255015688358609     
     6707170772587454155011976820992093587107121105400195258232569922243706     
     9401517452632785660374869329101110247050528411041071631401572102969713     
     4557694578910477583871522762127465154306563933624456825018655217743300     
     1463608786748392485628773594799638424110925990067432176699593553619712     
     6205213141519879038407686826302638540254011325767401995965145477084412     
     6504970993139618367080914376943304667912768488604489533485458473719321     
     2841074122923713862517914740722743198942621237908249455809863267352204     
     2165940405498423305733638921321746613028902718650406484273694625893652     
     9052862527856567735866725439244586572904535623992768437167146779538342     
     5508648162895374319626693854279353466017804424300380111507226638592356     
     1689717070084893101861924332888788631747478936728557482074138911251981     
     6548262014190738206214921974267924062618843257916210204177607209301377     
     2614134390511342875277037495665345580271629586158604653364236246260505     
     0985382363461114881204923542091905968572230943193795474740320048722209     
     3959799655421965563206326095680803663352699866435902061704009336445582     
     7478417400209366517678883536677955111994504740086258687846811432557447     
     7293875768898016465534110403875841746212013437956099971725388446173896     
     7894171562662100442921154931889044105977000538408859988536267141138435     
     8810942741818939185532558840326045947726701480827320718065786437270750     
     8592581452734240995052855632831891177031874551843457334583183831037909     
     2917310134766223513180561337977797670412254496282970735685870828853508     
     1363165423072721691833606560149483250769648708014661168907391909267844     
     4869097213179522876788572981750895042798312908588723268973149160902477     
     4909623626168509736978076526405120347460651905103225644693658307440066     
     3582380476996950173909595413980871694029557731279120896238838824583019     
     6857641188156412182102877637457163072396335276668507853337784440089899     
     2646679733879029486120169988694105655677239892007976045154505189577026     
     2448349363167587354572746037661555041876160818790099775615502495167379     
     9592825000231185474716568115961772102726759540077887535700490311706117     
     6743904425000070031434168230933534210644509389183667615766023958062629     
     2440210994558660020531688736551385706314992065380657885769158049358290     
     6531447386363945696755858123065716030315272691933948796995740786121513     
     0525462469951944735099307913687123119434284884637377966598483613661118     
     4847949424719371630901231089270082464389158436371550924326070948792785     
     1912366087450402407493791723151655185301383486601925008659058427715651     
     7741645994875299055028297388498322698901058936230061340036591260538322     
     2176379573529243565813215680538058813909107733359037493199546258073883     
     4356850775397470838894543825492270653741214411966685931431728458853799     
     5457515683443402197854598684248620831264744369172873256256981710795827     
     7063071424525456065870176548239149600370759158919413693159719428618721     
     7432682742437722877852472010119755218479174830364133401494092779716190     
     6600722456840266541907802362491042673568251078988117179875297039799911     
     4004743637641916782858426638666854125222596400479153877274614011634126     
     8265893611216371868463685490405165766652490747725507682927895832214427     
     9512411953906412398024307981788329392672103910756691124012280282322456     
     6811790929699213414427108220717452943257722200916591056875955574870137     
     2488336919687465419428591570707154177134725933681295172830063321486564     
     2301512694452666362757120000000000000000000000000000000000000000000000     
     0000000000000000000000000000000000000000000000000000000000000000000000     
     0000000000000000000000000000000000000000000000000000000000000000000000     
     0000000000000000000000000000000000000000000000000000000000000000000000     
     0000000000000000000000000000000000000000000000000000000000000000000000     
     0000000000000000000000000000000000000000000000000000000000000000000000     
     0000000000000000000000000000000000000000000000000000000000000000000000     
     0000000000000000000000000000000000000000000000000000000000000000000000     
     0000000000000000000000000000000000000000000000000000000000000000000000     
     0000000000000000000000000000000000000000000000000000000000000000000000     
     0000000000000000000000000000000000000000000000000000000000000000000000     
     0000000000000000000000000000000000000000000000000000000000000000000000     
     0000000000000000000000000000000000000000000000000000000000000000000000     
     0000000000000000000000000000000000000000000000000000000000000000000000     
     0000000000000000000000000000000000000000000000000000000000000000000000     
     0000000000000000000000000000000000000000000000000000000000000000000000     
     0000000000000000000000000000000000000000000000000000000000000000000000     
     00000000000000000000000000
