     4912313013622284533300480669414980957844687269343767421996595602640533     
     1047927443979046737066126502309520206260111211737292850849422169060992     
     1835638878808824361043687534671115148619609531446135735797970582144383     
     8004163075449014502937429967099273568151271223955248387577148043085996     
     0330299565632093973451866699094849795381161799564462226330142558900727     
     6848621483240170938084912893355275690411243743112607039306000033445880     
     8526552336787467524605218577354655116443911281660343877222972574112082     
     5061991351466644815453317503164819087805827201499045175078328173022832     
     7799884414586198260433113323913738585966212346247959127654491878994071     
     7566747689867556947699313424508221658086586035453666911403299114664708     
     9783719937940358573172287095571594270787368079176328831737198128147643     
     0264165181109061494420527316137446047331540862033749704792134965494115     
     4691083681258572885472364978065876732485577076854537337215452412507368     
     2548696597916125209475176396441303900082632494499043778169747711354729     
     9173927449529421039288310823376817603756197344572242446317929149226118     
     9358001265804940507223776523994086352666461217338031066931901021620168     
     6218760249092686240717607103460468875067462244361640461379299746826964     
     6739261851312361397585290222560507321461833211285767442403402211766617     
     8473767607136377878946674791239255385220330342881715445081703006341517     
     9734962732864134687056047599659379613987873133165524499730357116760102     
     4488755419030181868702469254499233621505775414168195581073283188218568     
     7549090950334104640273739379597943091432811216657947827598053063867370     
     4324138066169993116066181803833287248278974037220831581389918583829483     
     2000367991615622468152258055584189355870303790521764025715164503950646     
     7774651793152361026980226801951598962656478474434218104160436684437891     
     8503128118665748487126869401897666652181032849321268275032865671476925     
     4576697767076985296702638686163543859526846542026376487534989056858027     
     4955314695735847195405093870521652092071016009785453518964361140267083     
     2873051982143766256505082884026584865492316534635460720371640524566651     
     9919130157668004068766589033896192568941798327043063608364006847715556     
     0514838340468844535811506741409489931120251321578515249730265356344286     
     7703542732437083897207070789807338586275660898294511648275806163023040     
     2514319985575465639057478305383575698503399970460982937453463960560014     
     8009961840487285430192525635379077282253447940577265587973187733527403     
     1791466028114854357840395645820335542018404456158965096091734506309796     
     7140097005818399056411095810198646785835436478292067119272680512140039     
     0192689551854115646446347368367353383756688393819154474173609678170270     
     2819429310047582811643759365008636378173010791490676214386889972821660     
     8853301873449465939888061581308331475795522952946547498226595015060385     
     5324657423743417379894135850863403787663173657498991967996367092613063     
     0498907061853146377844231769176927741291501633917907748335301612627999     
     0285054001089618271509090793112153016324417114039062136508159367910696     
     9497439012007934326563648900603093125190633237069771159001587190379238     
     8156680479831265599940936699437529818984426868891093718672030582226661     
     4732754172092627281999179879136317974043438546551307202667303501915676     
     0090446333728025548690581533842773680236716333082412475985250200189622     
     2244889232029686085541457685793020637804108789450605374745271486324051     
     7340134002457526056193432697482673052056434908080497633963208239111827     
     7636113508518324471498660037491302737953109224493426154514381516901775     
     1708702659844501988145897736032337113416981117883111363152162700769109     
     0184461083430076921712503849613135286512649671777126779405113620466297     
     4429896790102733683410995451285379905642493392258066224009154307625071     
     7625089474342448688286458557312475259256634549278685117199598637619823     
     3611461882846276312445888524636764983870470611679776895995256818251927     
     2581946471203918728952025999791253251648192842954057162489983508951364     
     3439288467326772482870418932765792753573585864665898960290087037455914     
     2153958740380248260979592835107219947170467588716701529629420880578138     
     0050642215195927250539708434099930003082900152137038057494331319528489     
     4518560194651332808745898829234897247415039528447980382484676456394172     
     2901535184893282432958495621959416003317901389591100533720116349685896     
     3980781963288708467898762449344597512052894146532750923272974879855710     
     4388742010911917593465361625150201886349694992070025735462610758490933     
     4299802419915021388548404693609531295925565618431139447295037223507471     
     9164367460202616795945683874657401171504773241427480061539874809493540     
     0494553972745398752354846176246999098157093091412355033066465557578720     
     8114786965858587841170523641723569462761135726613064631898712912391667     
     1683803963350599789504784939413930017689404344301558772172640288211754     
     0506327161488346294298553595613097700595187506979956235058570735143801     
     0323144958137139398425993999561867260427825660168798997405743200050797     
     0269401717421027893046283141243166535435742466724184925474484330205372     
     1774906669337522140011018292188837541723337719564772172018531073990475     
     4003460007783532698898100700259195958656041538736456370285937203344438     
     5212353747501077450709163702829796718455983691543185015095946009561328     
     8144361187830150118570206204404952769242922018239892980485593428067962     
     1832211747811324817896974679290828786234954442856873941466996425900986     
     0363364477209382003855929371923720465769598992308645715789083557042057     
     8465441047759810101462289530064284431822470263615399137564753125181162     
     5794964110536024396223411242136341594287093760386761884780730722654342     
     4349810924022569372488758768775645347410510892517746141007821324359026     
     7622578937243722262021056788188432036840847727604072764614682949419238     
     6491674218926194798983923970950970040940529648365995808605463534088557     
     2303189403456221182687626627213253207560064409825652390401249721963200     
     0577199912916615326411949719842919791535823043925633748287839538080410     
     0072182307873389362453132629538686991178729703039382952433139873548063     
     0082522137936537423800243602363105678779987238059982219610025620083044     
     9115143437390453951471003413688214134885978231705221138986324182313217     
     9645132445949370126329695108004555790664623051276504963283129019827001     
     5376724403157100499821009220251221143466853038247489483382198136849373     
     5143795870568711603743975266955527255583926856231319727031481860859695     
     3653079331380829037671996806372381690223164350701141201310859007326754     
     8955855324215039183416806331203964886228613148105779843734721369408644     
     7623805835690430789755064613236774175079237320067775592201523516866642     
     7459828051634353256215056909990443043615457657116065758913776856029173     
     7271549742004841179737532415914277292903939798212215449044428441329460     
     8246406986886761702973243889271966774796749067846346615708626377587623     
     4779724916069853135947835317818591954236043059163192922729466423029316     
     6403491484103319823926250786326542385117941778253124886709372052727643     
     6308766712756180113895331544250244176673077107133420966985701995215633     
     5933600017292897109904338345605082996908708873624581223922202129658410     
     4645167989775367671648211344626999639342987716891211496019971794108421     
     3103842207261415709546263034047063463752674853822463786564149657588217     
     6575851961930059660820833361862969792902461563044708928034785202184670     
     6187151504457420832819800937435655726562424135401058547153282948136437     
     3519710823635299316067436508236933084963081778871904742332431656067432     
     9734164615584190727610419029812711681593099486447941315937970908059067     
     0872346441683427787604611416849960243275889716344971829743604854233265     
     1990537245913138255208060652122371482857695945367618708579691372508954     
     4088409955081373263659561141136186395756902861294252880944153371984893     
     5610579970243141513158744440075411487916658894065236827674865920991483     
     7657538405029466251733967440285871717935107108749516928156626169653371     
     1765197397690958715736273159721185466070909408068452481766422246217916     
     2393280216053779250014085435478467589341160444003604581023999756915303     
     6672444590526408970094785224867169670224547358660861837394751732033442     
     8636383221301130383327231986425259374807583119238883859122042485346970     
     2094449292723718505067462894869605454161615976112839321483885532268180     
     1147289493527006254287966838588547608840187949326267849544041528873292     
     5449526452358061639172065723240605501817483140961705311200036965997372     
     9945470976757200699052755920575409372502239398194697503113892513936174     
     6698202516338386111356080593484634514015912788461297438397524278101276     
     4607696155648496767692141117719229192122322173837736362679936286185945     
     6865493234054000870136091545728080411080248993484255703640406254476598     
     1020234436453302656066390639247927512665690238045110971897624276370635     
     8225529040854307462209734854417382014124275555076829774426811589463028     
     7793944649706044087130705486641248289687717935824139741694326758204191     
     5301712636691064191501654122387654292447371807426383194498115044924247     
     6758486771868429881791758046600813100870823800601948266954529315669439     
     1300574392328159161425102513362817667446407994816256738306584252074647     
     5699656913561575189575803404164128779984125469043845716313859952680703     
     1930747895153499644485597032828362548346094631448064576680510115092358     
     0711967095393000758071710639203851613735114196859382583799598313906480     
     9826547173149663836654058318859091062528340351811608246418814374536622     
     6982103097794040277278915523370814132734311088807282446102476804263242     
     2042622077916064291845177052638335842993437957620552075631939557034716     
     1680762262133815041179888174113195043839407733885842477711027921219935     
     6968566923121495285372388050203351936217341561495709416485104779268043     
     1274306081356468741194755951146970034610393638268244100877749250397564     
     6393516130441108977937968061751390510623267572345570361970524450684060     
     7944527214180034832559144173234355151208548832490677268492323369546056     
     3015603420152966396433877761044797680901819230529987245069416163460132     
     0996979591984716590534635266078149037339620171712096669216805124234814     
     4232782551713875863830033589199235772508422162075867606647319114501524     
     4067820510017790883333819948795730421420502985399664919056358985455309     
     3028119338537487338947618316891084977941500375576618571467214377845081     
     6200619614606546010163613067993049796265698594194328982574670059398810     
     3936506650813678092438987032449027041850019865542254795687022692165594     
     2840130462938048652044017998643886621667689038036613732387339322405146     
     8920504045465771878190668556784004380947217383079508198733277950841401     
     3258016797404930044068881530571947780213947693657301302150881422424964     
     9260646844308805088825694876085807163899992120969334845723407687701741     
     5222719975141902715380729006883685734984354284880349659428758958482073     
     3019219429529373175265385089795599855127379520049936276500805544211371     
     3092735930198095608102912252853023931386991535710340388149173347618193     
     6321372812286107308816204554255544825219440506390279899494031426800164     
     8586815262389960974784599345699042746567062003718577141882620148248370     
     4739370168248105966135964395903695406674507704299764668240064544304180     
     0381609137253360236825817776156037455318712204125520227026045064007186     
     1060402793835410092031745236602740718903822072660824577850447536610165     
     1987045490190242595816733925704988303147260328039858432487334089316974     
     6155832549833531940272711492072324338356514519768330589626878242714988     
     6123693017463256966595406455462365700493768945770733365835454267091371     
     6566999372997621317028477677396422318382766318161617590296742053219397     
     6064183579448208977159104429520604882857885665173571870523047008616221     
     8606491817928360896744445813117969048565432230724265025495004064588647     
     2985807050262528294160471356400551885836117592790981329825650426601913     
     2868464806908945820412190520166680766123116092687109083238744801315156     
     2436399901840951957022936384071479346466386565009908904277214748004014     
     3391894187184650556192790264281866382224053456611503770867556031052169     
     5364789742782043102601083124820007896147279384363127125281146813968135     
     2459249983522669960311889750292314851884608384737942426815539637856703     
     3762641844557800890640317996944408612720664551992730738807420186843391     
     9083578509408752935775511352983244103707016145575534007646737233254535     
     9180200403328268106546971345864640146493402557841155869179181578256682     
     5766063704108466585192563473836431400113878146462341809860346047570633     
     4533602918430960468201913705529703902620488592026145673871150710141440     
     4029028211371630159614961893959868576220473638651683858334208884898327     
     4887782576336473618342747581027188380647210820477928175091774187790587     
     3918063862933651892921911948257735631240608103713637439642960579499482     
     1823472173578102751668209271228735231497500080895582877909313423558178     
     1549149506333709668933869249498145153785836896391463577369028558233365     
     5235589449609995189296713821054757335297268919052211131718612029019377     
     6008763147927702038128988961802041222551584580321100682323149613209140     
     7502093532937658883766428025701082088101880534196514899699258871854405     
     8502178644957314101891327846621004543456481761114779601362302013791002     
     0175973791224685493300848878111031745430554390629895126458378581101110     
     7030392970781051010418493142158012765161069180904719055226605830060667     
     9389545543393020422014964774744352167939461760731894017197050772320152     
     3431952677836628729619265831146718167982607110184219307643386966810038     
     0860865078063352380216857744485242033055971335508246053290289858840340     
     0042464057153970643746267302765593710900267882537947337970862006122645     
     1882784996924800642783565584739924477393683205394000588340768916030953     
     1339635881225574469363228848011515439885072534387659253675368316545001     
     3868718376943564938242093004695825307584340479359044975894920015659720     
     9730615439997949393150463010121207692154047598127652708309386269244534     
     2151924061999076500323926835995610223762163443500645694569413300992376     
     7136310002337403909962877547429776647724948403724805614449652877143803     
     3391901494950481545130113724797441766275835304135159897897999677575253     
     8640459254237031266105877654723799932778490963349771867709368885200339     
     1616845606386762376898441298378334535429887753012465018691296884624523     
     8754953692612551038959429284566240953853903501871113944397281572228607     
     4058336702706091342616235025847686999844373451267989583852783204685019     
     4256294651246602715790179713267834800756681391645600263984710056867489     
     0742556757460516827853470481488146815292573504912000747495044743014883     
     0943635959547609582134146850503788603907131361073326498383826775085136     
     1334062068543263043390504941369914597127219261053175278026119379187157     
     4855351437547805938491096229344729307085524271027928912396264381382818     
     9951933056352211362668333148534979463510690536158179958901786840154733     
     2737167088753880459266669282913298167162389817924758936604298263009485     
     6519723497421293750337582639290675341337715273531399288234235540944613     
     5392767798811834798605190076226775815571668071820934695745959816339726     
     3220975384598339358653411652339557727023454005977750594576088830440359     
     3729729662297572366316166497762073843803774258718708252386134275400256     
     9192342257075259633011859480169353673955578710063574101621012194427780     
     9417506265542044974326218662472487863320101779507211833104751271177528     
     4340796368967545707041906007784206014990274420340669847805823429515864     
     1043424676956171694512811772473513343625964695804076832498275971147870     
     7745596804345620962843394168791829168231832039687323848352823615642411     
     9362012016087978130981848815293715025971978385588226936887885019024202     
     4922958754739028367105520778157052062233896291575193274035164136047649     
     6639734026696818758947947647248336186403956964132590200982118537714436     
     7547108511001624119595708002996245920194797084850974636019674881256884     
     4982133015370476740149624559101592635549521728312486586123242997787515     
     9450225135661235366327934061515591898791447884884770830188832577998028     
     1849099221771049628564355855496952790307188468455271886270137516679636     
     1108901528306492685020825551307679012186439146644421379985355243644865     
     0488822311298237351110398680184445682372712936073689833248716993079426     
     8422555150200922692285598748450448888763535855170773181703268664066742     
     6323165241172400600463484391939973704462646480324618821850996604098848     
     8269305510427210105450501647944878379179233520246763696030355911353782     
     9214378474048050993789043392210539445525265080392465720559196093053962     
     3496152235196193886406307820763459850731544146166685071116888489974433     
     3041176453332189095466549464932344635419894062326185787060208635489922     
     5153662345939475108018197490644879036859053461394464794234871891546160     
     6177674006190473628508094967906693613249741881841915941886409660748513     
     8161181538733098490922389070244772691855427967183181129465342388013482     
     2408796272392950368501086318005219042803773760719307843698995598065168     
     0741137354866694299724231207278570387402265504084429651553940687832754     
     7471566369405765973333160541588916226616263467703306897828573423868060     
     0568545146181115373705373032363771213005445398698417826677127644599994     
     2763619601368586847019493577433416163232132718507536619371471602432805     
     0977887508031500206601856833105899196236608547087234384631594930274922     
     3453236906121551850770849934789489037445425026757730795435074045421843     
     6973447563825982461015284132510581562610474849353641509806199594486698     
     3700128480065513555493496041971207782440211828133654231889161552503621     
     6947795954308690374851591379200684090042069328644948254197889046504001     
     6783159862900368982215417203280989484483034123409574219707390346079299     
     6123603288982892792415216740868172437945017719247611317691685642607209     
     7829059244057805306119896122851166747534046327835882518594870448513103     
     3975466460453888854817666467646927583709627035622373485564880398524978     
     1447736176755562252407184111777170925331000087591160582228555360193176     
     5762350822483486516174097286031963381648333919267136714192736739016298     
     1740165641847773108225186924296909432107132466439850946877341115791031     
     3942576757593870065205248000000000000000000000000000000000000000000000     
     0000000000000000000000000000000000000000000000000000000000000000000000     
     0000000000000000000000000000000000000000000000000000000000000000000000     
     0000000000000000000000000000000000000000000000000000000000000000000000     
     0000000000000000000000000000000000000000000000000000000000000000000000     
     0000000000000000000000000000000000000000000000000000000000000000000000     
     0000000000000000000000000000000000000000000000000000000000000000000000     
     0000000000000000000000000000000000000000000000000000000000000000000000     
     0000000000000000000000000000000000000000000000000000000000000000000000     
     0000000000000000000000000000000000000000000000000000000000000000000000     
     0000000000000000000000000000000000000000000000000000000000000000000000     
     0000000000000000000000000000000000000000000000000000000000000000000000     
     0000000000000000000000000000000000000000000000000000000000000000000000     
     0000000000000000000000000000000000000000000000000000000000000000000000     
     0000000000000000000000000000000000000000000000000000000000000000000000     
     0000000000000000000000000000000000000000000000000000000000000000000000     
     0000000000000000000000000000000000000000000000000000000000000000000000     
     0000000000000000000000000000000000000000000000000000000000000000000000     
     0000000000000000000000000000000000000000000000000000000000000000000000     
     0000000000000000000000000000000000000000000000000000000000000000000000     
     0000000000000000000000000000000000000000000000000000
