     1248707092259928648843928151619981518052486242330432200097575045099281     
     7501238756077725508124073071470109007168393238614340461294400187117627     
     8903516108438422433160027212359049574661467835601597733150885610916008     
     7924234729717079613986707668647622031754602030288912856875793324773150     
     0263798670280769864439335100888219094949898890885509824388095315846772     
     4901799356322707779345416117844485416680185995955864793782184115436889     
     9950761863525896898222688814401220665628897758451998182488591163006304     
     8263628512383979017789639423890423972639190994822635186101744324815954     
     2411121549847387939838588989942226473012995330771108579475295725309610     
     4672070813426642034751610765672848576547366003625587482739380074749997     
     7492199239824097533969240396226616964945504382055206996576381450889175     
     4810850015854359326839555771169431356982610207795856844663321121255882     
     8350714131093476635716950279561081235932559459996891195811342526018506     
     5953263080744445619408338681528597808764913344972628898562903670604717     
     5936810874207078494194509412584993509748199789174481890126550866033596     
     1918980782878637058122731335002485613378263925099761667560691455392326     
     6470583094239471515193704013522382840887138314636234259993850508496138     
     5343662948278556947276563943899202277921432924060969783766321416177742     
     7499142085609169205904830917242423682875625574186770684599858481577053     
     5778076545882693193861234074536945524258398488217775478392571617630608     
     6371728896097913971420803656600116934978860100105455846653759732741414     
     7280140213129811686034325535103493245032095619073548698075962200632141     
     9476299343481988935262336377603996704607626747467457322233531893038045     
     9623175676175794055280511329325819027734536396806119381904155845439563     
     8865323773715669738893795163427489226217869828729049974766971478057974     
     5460458991666376290585121245705757135113018905712450117018223130954226     
     8887405789821506341964863074690169509536648378930502283480763078180063     
     4646088988788786178564955789379472207881801394385430771733151547658723     
     8373847248549371770010322416887629228490402892211420631013170392514183     
     9945457243373025100559030193672866725453469283732750451127573872676587     
     4110345459562386647376208947387819810583937908282845169919527415767835     
     5819796968175850771768113068935916030364437245319521367222878744071430     
     8240313285058940681400321730100249865082278313407469333605234327192866     
     1375483944617927028340145338895570176455560920320979010287006726048564     
     5104963012342235564663875102339551104640839009397111331785837506059675     
     4685875001141951203168430216815172899792584893859505567964074936292341     
     0486907678376546015267856421843918018034323106234177891264398214796161     
     3027817008929813728223693104301687603050431608137674895264872209827241     
     6967023603433126557190449486074759880757837684559571238834732920551411     
     2192800274448894243804238544294417687031458804712202985109542918008190     
     2476752135379344113024460376325482473412320961796519889579310841079109     
     0051252953888481912025516001631190869159103597143459664508410944917890     
     5399458548569775766424029269325306495521202148599704515911437113422690     
     0678003294975575935460908913961903863558273693525493286529761527067253     
     5078884802484943087278936896190482201466662204188899079176674628717398     
     7426289890809835390822370669867797467355190100125327677766278888968287     
     2899482194005992256946726188023809871825495096997688684476947399614689     
     8730672540515166447048005036278457107672833713764441179686745011152707     
     0530892304405952180487406657824447336367386623281746711192423986506136     
     4928927038695466652518026261352974289418509039356585194311850778087531     
     1945850423848030591808556686270900546490167003617122116753324305847043     
     9050143251644295583481606532742949306898186636804306636693178031314224     
     2417193259478216890344244345860176614989648736719231077566524737012566     
     3412589240996048743047641176557735598931605482178587883984726001420484     
     5463072391937179883078732276474306693139023006938969651958036376201529     
     8870655293384701563439359080389310100524363328050416122708082620209583     
     7318717260177647299754589562682534434416185714376767704955640724022885     
     2649981730685915357940359551837679409772204170456687789351175224075953     
     2943624578738497111300120883082773375962818084426035668973317236724060     
     5349655273712292221346438148654070250380962946800613622351614633289474     
     7261019886437312537813412987368205477160473448771789918283678225598076     
     5592259588094469168413484911926724024672450713762901719878068753649306     
     1478162874033680012590348610005228198778164845415757716994621741018339     
     3577646602344908372890126604773051111955625868224138508247058688355260     
     9938206864924191313571880783805866854736393617674548245511319145496334     
     7404378854699041581631743062401739010337556087383732699592236574733781     
     9470552476431955073155268946012023939386231592008206663901858292809205     
     2278595497426691505368649088694322834207879429015504726321689165551385     
     2992374650118643497572068901365754454201421451043114261642053209678226     
     3879252244083088160067788348907493054958754116741858520342520591779296     
     7665760239731643257558823059771267313267663408368681608455594988731857     
     5249060724663515316283233788522514845137599705668665929226823107555885     
     8670419795374549033016414775380622609247403182056601671413273382333950     
     5016942751163341677237331496446712089748485688031126012574248375099761     
     1056845561498587606552892004292851010230445837528138265781662522320332     
     6725347968469650999195801340463457107131450195384015504659732262643410     
     9884976422346403830389727779852069366241417983524093960119917698884491     
     8298360167050202248617439586219752066930773848822428337213322141811002     
     9531867765785884242805327518236302192604974067273192455395518159259372     
     3084074167128776592756613957182936297973013438240350717862469641713932     
     5280112142509487463968555024595400819197988835634753102031560556379091     
     5849870855784454625929420408009276964330578026605063268572054411598593     
     5803399157286660287407375948025650568755673465820131458161477921159744     
     4085522629222765531826534117378091750108220823918879397018114203986508     
     3044253765865206240507023958477557912808708054721997109155838728995715     
     8091134203342821240766509444610165911599989314397741969188575635684942     
     6454166653657990822352283845518747828317966226812880462669407197290516     
     4116663453367352765785884902614666652631109760996729716978301287800371     
     4168009643672772659161105969940462131914264062557836843154303094570907     
     9319642820557155610177807017443698646297177480313325916775630057532359     
     3134312896348713403418169031009384321883421034491034852326350955201262     
     6383002883097886833794181687049744259423207968274103983193209747160683     
     9886187463398888943734546569711179966513819791332496651576439720587249     
     8543338137527973215928533155436080111414651998266417659967024564664549     
     3463460683150671863393363156342434126247350144657403898258302370742124     
     9163717136385017472957059192821754559513675378233491563847862636496944     
     1471536534730243448923887061822104533715581512439007314820009506952656     
     2038557135891255094610884287029242412189728344300446461681732011960279     
     4710287714035540735600011173148797481866561697170888490464456668974220     
     8312322276300276786126770760008748600383997765683431952730201056887519     
     5037417768701077374106964568422858176237281619407238398651115373438143     
     3522210199932253040778326714513629221435415877580071298971811635790366     
     9265306438127372264518183198294111377419047870016560789837987252969370     
     8869600318565893249957119508650402751471211070321084735198871481232368     
     2957152950944330059543166593440892631775305670912322049300591266280416     
     9830706265005298914888937675846690715715803858464785167831824160244453     
     6307188613808607457242700010817530014922178729376452262251311900538515     
     4360466562842196758282340898951898506011330559410282919229170385295445     
     5629992274482682753507267173816995118754818919472371812300859596490553     
     4750497383518520624900476503665969370541796082560803427110645597215901     
     3952225997320771613921086785551939072864664413319923524238889854886123     
     3342608976769516576835576801245083659593399656692191124896455541599051     
     9216400067878702411197717081194898412716328191986372685160308091983053     
     1296943210943480375734887734447679775229010272664984443721303811067535     
     7031050948507000742405874686914836775805224353751337863997067850388519     
     0725238361413908440236815846653216361551746644815584075789453495301547     
     4373765327184608803195755182604400897489937293802778156374548678118596     
     9088129449660544458829489176128890612018815509985183590308333808574153     
     2063061793959034951089065818331599337253993191104752463491597170694341     
     8651298318404647284284910878899108060495121988844063989508483608161732     
     3273457325169880438852130107850695338879075064155151308839984774653629     
     8938083687329275915031451421705702199345486881556349736552548431831258     
     6010445782679299006462023849087509938388329033045871555834901086120686     
     9226670331224569846309640616657064550802143072198226163776404590636124     
     9893723180230681416657988235262584524411761447074035069496931913127764     
     6607778910020987404206779519696454279569914964963674105470202091605884     
     4790264352344698346501887557305200782677631205159030743506562139723367     
     3372546541014959893970075374729950078388650565625630545486543192709363     
     7873111001605475688705691600727472551740595878294001863958629989711423     
     2407154796463321827691379989408824465611932430746325613506007225919445     
     1295569605748753897331924823101816947414923157141356327164155895819225     
     1236790845293920822315482548732787676501737706682274158024561015537768     
     8318794053474149883213143346829612212297854247709840390949120299537650     
     4145059799926117749409983296394680084676669209683427952829619272709804     
     9614670691131487011915364628815461209479953177922282250970025214120658     
     0620340984759292446791765741277067796805615351731588601835639551430480     
     4387656796820872813269158838908833508852814820630952378870037529451682     
     5549761541941834600130291773589034432578385281573369412529090332329729     
     6789973314785603653480084877880236881307560559280111358793815486124383     
     3783129550872696552477527015339877533704916611676526093576739572441484     
     1592534519493701494230498662448881336821556067436672800943776750244457     
     8144118161707486145990958870898762595262333352220635589111589607684544     
     8815154147997596660288497648582837169749040059522172458105393402687138     
     9391248557795859564093181560040071471592798216351406062706149247884073     
     2321284704790368079616745795875939225376933947159520317959394077019717     
     8950697448637150791090393641644375770152174154969559107813969709732658     
     6783944536312505921547026946365077110158092106997176639917012241765561     
     9441266021594021224679455171010555189130964376385414137046770948769618     
     3312062099375982893558013668045193093465257039041350262925063127628193     
     8092246977774032641922738950888408973196043558278709817786622612571220     
     3976683565175873466729825738275597933707234656920858043495473300808709     
     6917828280350188937319009571160895636735382147406272106595646437637223     
     4040622693779809767434896899349634385338044765513069061068431805856146     
     8555905506628427702740324113206936250654282884809485676067546558404232     
     1204118692639198561915098215836448456134421119312930748761101431832457     
     4696487483225672313286879608832000000000000000000000000000000000000000     
     0000000000000000000000000000000000000000000000000000000000000000000000     
     0000000000000000000000000000000000000000000000000000000000000000000000     
     0000000000000000000000000000000000000000000000000000000000000000000000     
     0000000000000000000000000000000000000000000000000000000000000000000000     
     0000000000000000000000000000000000000000000000000000000000000000000000     
     0000000000000000000000000000000000000000000000000000000000000000000000     
     0000000000000000000000000000000000000000000000000000000000000000000000     
     0000000000000000000000000000000000000000000000000000000000000000000000     
     0000000000000000000000000000000000000000000000000000000000000000000000     
     0000000000000000000000000000000000000000000000000000000000000000000000     
     0000000000000000000000000000000000000000000000000000000000000000000000     
     0000000000000000000000000000000000000000000000000000000000000000000000     
     000000000000000000000000000000000000000000000000000000000000
