     4254768008351746883477250155261203018755875963923846548129642686247353     
     0561751261583557343711628439437645587919423349712969527562684571645045     
     2129520679176601588445454329655728409701348091173705993218896309637662     
     5891543043222828081670858864894982840725739130705609710291260967147546     
     6580109065344360662625974970493072636061044598248323013881917521357999     
     2660940316608710731359733979019045010665489255573157725793288146049007     
     6359186013093425839276983851948779303822305789799073396694086029321144     
     7635027233081306573137853912077964037802372824494009852977717173624192     
     6328578811661522479721051397075131532939934505700026728734985566098204     
     7015341082096909843263173717061269719032885982951668547636449885659525     
     0068967013431788065102574987030738309981881768193607924008601044271652     
     5588537960003441844909315995830505061772112595544889689216587581748988     
     9735540402491367024201715005910837771205132253946528954826744021523293     
     9934783689135265935318170493063336400409245992451236047758468098528577     
     3538229155695200408270962950347917694401730311211646284735762716266533     
     7799437515909626901935631409952557964685251675239189932593314847970945     
     1250900938395745462933610176927381816665977753850032396087889645632336     
     9393837261495993084163617741337249252741484064709922930808948130063440     
     6472921189034573700691399193030502023674736185180398347265334801553326     
     9545216268151057461928310427706722312639149254373892607381542783262543     
     2922155600955503728787335745489257775993615441411950039561860282349533     
     2584240115076716959034987833296051930949628193151112806239924976788032     
     2178625197950388203771447902491370489782130679828306295827489622454829     
     5167359150080535909847413243462863261884800154372023787650354547547379     
     3686616025232601535532112789033661773759537910911765514926595675338397     
     2500159156674010483541794552597847007029692296132929097683753046238629     
     3932779316832481777140949987021360721592239655050076804987149635365739     
     0999259599112017831752783636902870010873259030876404337936258724314478     
     0046579064615735822418067924047673151797398270105924472277566807526422     
     9980651714258332014089143320057482475128498664661700169046187292453038     
     2106334271046798822741159479280142904835343468160394504118958175889001     
     8489322004640101771211185089626470787718950485045095159651675028560045     
     0710488960672959458009070481872766654359484206535178056201183699347254     
     8893560732526298884626549992318427167537276489671626542163094050255243     
     7527162655065919955037450133207659705939304061189150052116874045024984     
     3485964916972050406482325333279753247700419425392258086845494974730404     
     1344149671411592303899132241986841164236864162805173921971281127895107     
     8769366836344775916506790913465487818243150058513500432812775720506299     
     2629861143607328735565120246815192652273816811424044367409396601342272     
     7584523916541148113109208948096088764902597069496534846438858107736286     
     6155446530048534155293650206242641735019730374193046412686910950826416     
     6790820619452005923790410938567964171405048308891477193851117448322143     
     7965708047877571919734028341164832046302885740418536781834399722767858     
     8654059967927702027309427243806007495099979185386315042334334263961300     
     3908993062382405630135599414403689264042298789401370375269300078911631     
     2651906958072326742973078447814491367460287347176439825350732798303058     
     2208323104417309681948982415011957140568255977705789923523617870582000     
     4431371257208904576804081998335590949250705252771501977114973398360572     
     6466323065032525279755143560443532622265647269687610338185371345315986     
     2117640075796291324149683886873699612988814557933932935903179779473233     
     3718372253840846114161822204330849973700297377069686628400554203634991     
     0947466981568875628422936849619062607615661598998386363733157875516426     
     5422669410112713891736272033662736343800476563430086648432671503020446     
     4852744213709373885123317393453839278647894867114689621185739722741754     
     2711001109257534512632421223725247090174380038235687228598457581906804     
     9188916017514275354093458499878655767765373038848344321866953465774484     
     1240278100086131352517960340729615430724394235840602115861926945636185     
     8968211254147217308839665886073217631154869773842847547578535761939229     
     2889974365031033408349924105421777149614718004224488144321910847874441     
     6912832943220862341351217163572876018284021754965885232483383580804688     
     9308803508722294194953040313815161215924508200223451346428892773130436     
     6181738237976409781965924938055743749490836158938898169703945236963040     
     0804812934562134503609034218244752418361514672488641155655467343742558     
     4839055447700475507786557626588861997868787225883392886008132819520992     
     4006538472450479894782238077263013035908056373287904749155518171575887     
     8197954761914257034322353615983542749251516113604228963686576978118646     
     0892452859612179049936274546122565320876890409663759050236719745030700     
     0837653444904347843027407268647505085681103736298342825134308756848007     
     5064185185101221280710239899869113859767088517257447489165665491476173     
     0223451252538829890580304096006093554245874848973187177336188622657905     
     4967513322640335290747318450183722698651946023102072672943068353393429     
     6494416997642612301335406727785856647347240600585279784192101852568297     
     9324351788752891395997166086101247574916347072562759899641486248376106     
     4478979148750149319883588764688927120088397604471265668989670748490490     
     0170041943682887095744950683458916206342162364327784170465839503513453     
     1489075116467078571610158837243689454776771171794538560072157303557203     
     2447316131690510769219550315209125505635137755818180425009047575420646     
     7416792337754456162182529793813345931664085495249643336947526907644673     
     3209315114165678024231102208817553470015653722343959185453149623593235     
     0421344426134390450100948280837356972768356483923239648342047117355007     
     1718894175243767052068710072889741849327444092888525989002339603837646     
     7724040684189221592458826148028146628677584475827139723033979079796365     
     5338792387206568787823777242213205305254488125704320651455235138226748     
     8906820925915327961973832429903657233237705825094262032329124863006897     
     7125770864108152811610330467718827245202168368306376791603075406704919     
     6089173091853931630717037054089179602586693308053981730974290455110314     
     3734984360115742683784206753200383252722014309799166272520361019870684     
     4455945530311054096405986241373898461139417851919379805165819802917813     
     7743701927045224913512139074819521019663310508353678150647987233196185     
     0040440851405665978112388871486460128187814835901019146482375320154488     
     5282468104999636205337380221865335239915835362517574974302813336978395     
     9055273636714021219756432688720003323402487506718607708841494359944946     
     0657883589498665274694591505170616113945594230860773118963215922152565     
     1576086573826472892967289257397703171984394717484395910001128747816501     
     8430992416248306137547194957570678150670761180659938493646500141429183     
     5644147919565755661739857262007848128921024948223032218882317302257998     
     8976794327478140721238855995331556208641567701227497235136586274831215     
     9735939531203871138126591169657555797225994523185667031940934098975446     
     5283567471014173970591878573026546229319514378309936664842750976684717     
     9217362444183772489581526112474595256716303817484742660357064069434646     
     0696601431859688845226540045819438027489635492731252121427590445436711     
     1999038654488389788492789730497564005975694159294560131925475321909886     
     6055999803507920579007559104436100852238620112218130220473098552324848     
     4324754118043654977052243504612349681917667306645706093505333616797570     
     0099321228851351918568061335131644882963425984606448630050209307313267     
     8039493959794430894601784101392349006931678374125534020608145239576850     
     8132346727156363033411518149485929054485575416385284495394587000763846     
     4003036429637441635377728235164190314197526127572657404398622500803293     
     8896738408359545468733616153022981169021213681462904828311787864161174     
     7824437440103802686053980120153739092466657069087139962445359949179158     
     5050809312507514788373390964013192293216202944836614060265419597981716     
     2734199820709255237433884792062933809788086188634862961230100336038102     
     8343379782690672572864710517768431991858901841723650714228467967311904     
     6357577953161337986013238654222986053684819539347188494602969630054479     
     8250867497842546690415656260610331414002449551994085489478945359322385     
     0920829711703222103238260822183974442415091682018240229469579126047105     
     1797309064959726873938678797947159233488363390459026629472522401014202     
     9304444192520338237220466738090951960986124116335271316282793749674204     
     0098368704306830742619498738221268779311437784786471825557225321167740     
     7876090465490529795472772362073265557120001499356837001913600470204615     
     2350653640660153657127945012247160992426224116886706143559957872496740     
     3688792694452519104689131988516391897696419763351272858602021099535025     
     8112682969201353641388810927729870636120358841414905981657734113214821     
     0807306580666894551701470705427950248221616506349841122189204773517117     
     0873771608792617912002819128501596169001301318448937691760921432857863     
     8376094071521854917802089342368282817115619483331457037930974820476658     
     2944584732369411791181639947783225060912061074148327268066450484735349     
     9261971131549043486709802664962351437795805406196323836175789008793262     
     3302223812169459054634092068699306963748862470436574014810980793808476     
     0751332790374194358127616694146812462507419404028605425127601712103665     
     7896557990332673469862695083378693999867026977682640090450809391260175     
     7498283776283291673097354274483954657600247457147730755884691659530512     
     8584941362954957910580809238259949764293945983760656608576607226372050     
     2209126498147562627790597189152612389009425949725751191714885887905064     
     0371554072707682801385556133864677209796928400951954254795281303248024     
     6680571085627158017785344463651898537681622394741206038289038051005109     
     2160847455534544412297218770544842146920486446349103473403940057463414     
     1258370317708484246290955825363325956042343928142148369287503002656329     
     4268261409522420138947452459863313449186691084022674316202552054979987     
     1913420260443424407085870868368586115784854839844932903220861032406580     
     5403220350067889769217091331640171381572333506799332947782335552127603     
     7130238165127274598163069407995081932913266533205444258153976504633648     
     5307944354893834818814485946740440607489845393098331396677329753816336     
     4664781873597052669847499851034412917238243129679551500607691464145951     
     2786551566053561312941203610043255067042476821912312842857489259490010     
     2301566542553319215701540103925590777970888040753188959417615905564025     
     8872255381962457316888930432681861941612089222529636781311998571391665     
     1818188800000000000000000000000000000000000000000000000000000000000000     
     0000000000000000000000000000000000000000000000000000000000000000000000     
     0000000000000000000000000000000000000000000000000000000000000000000000     
     0000000000000000000000000000000000000000000000000000000000000000000000     
     0000000000000000000000000000000000000000000000000000000000000000000000     
     0000000000000000000000000000000000000000000000000000000000000000000000     
     0000000000000000000000000000000000000000000000000000000000000000000000     
     0000000000000000000000000000000000000000000000000000000000000000000000     
     0000000000000000000000000000000000000000000000000000000000000000000000     
     0000000000000000000000000000000000000000000000000000000000000000000000     
     0000000000000000000000000000000000000000000000000000000000000000000000     
     0000000000000000000000000000000000000000000000000000000000000000000000     
     00000000000000000000000000000000000000000000000000000000000000
