     2670941806342589278570130447433578886264775259536199949223066411614877     
     5264006157161748153681770242148611717237184110075973471697739010608330     
     7445597954988610678896085393653310578673519829212710335724002423726546     
     6102933801576761885955721597616552432927784046693353523541236414982091     
     8388993289754453962628231241185903180680997453910053100313574889865938     
     0992251937572127585191422129829110503569082164611451770540457812134549     
     9581674881944591376163344883596981392744160845522613927411172563232538     
     9583519987778126706652674579409800100361244379358828673581049044622061     
     8630375139820197310564150170841930938464494458040535915786992521570784     
     9454156383776785434006381993639818441023116480413740753758949046118461     
     8303212272872185328486348998737129218269738004115757208296224825314297     
     8428063828944172953888727338001163163210354788816466155968901421777748     
     4072930580580615012118155664049878446333145008343291249214110614563353     
     3905516972338343198622640654118157473121618627787157785060790016901540     
     2546988811802296005492700091587642301027039020575089565290538822742850     
     1956562279760620722667802990802621046932433237201376473668994030005431     
     2392057882378612319357139889376862391446725176067432341118379277569863     
     9472119338199598857913275779308913241829941549185160171037951920829224     
     2733097223493555407107876220990953607095811970446845347309056752824264     
     7680049536798831349058763042846039817054056951307038437819182315871659     
     1249375770664466531096347528167131178765555600635189048008669298598043     
     2490683714685797467164635953542581015356334211991270472401835515340644     
     8735144863902475365550899944474583059376593149927703163984183265140834     
     4804063084198945307769788189749029519555034172813894705135729166739563     
     8091259696109383118790614154221039329026069267422853611764687148841866     
     0008756300933813028621363825368807781609594669440047789283117289226430     
     1870899647783798229296715445888404529648986999511537812517930668331931     
     4129431707007640738291019481139350449612830780443299442556460007224333     
     5827984904779561351948656685265746506817785015585363727286786714967105     
     6713018437935154409340894063088610023290000333542816760852839131966138     
     4172242172288233169562904180989875721415464110495676801026160280576191     
     8640250263444305887583093527200523429051133681717644057265669024830399     
     1681460244177177265670422909608350468950796346155556705556185489590943     
     3514617754979768015927373821427137510203432055227497554328879482104737     
     8256014642037546276385686583750058327746319715122842556745645263358548     
     1909850566967075599570614631961090940595573728130229714909519169526692     
     8888479270982189833716653447814161134174919566734110271893833770878491     
     0501140365927747495396854840454651932185350164541981963471400082609707     
     6310356616057247639025539451220854275600861714935320115781548504604539     
     0216241295333689316125719207110998818397986180950972942099337810623184     
     8329742973072310961155379900749588044194853910976583579426032216427426     
     0955775373240546852874129962780994231245734089086398251001945487025991     
     2355837888250899451011878950843936979493547981298238743084798686965301     
     0143573682712919989444858721554452393454535373861565359377474064261202     
     2862783249001324781438060187467872342662341369358938716480879512407215     
     5996981378143063798344139479700626131354779432479059546343187075147076     
     8697881250199646958274742472510759513902058661724749921858882283091332     
     1466737093960792206549678336368147471649976231841363274596836107628558     
     5322752894259561614189214142992224964194567768560973378588566332922800     
     4449098325200199905359848461171706755555317946032528025150642188163605     
     3119796335444615695446888456972724655616093336474068865641942053133185     
     6456361153634122100364624447867270178214449064880341163233426048681210     
     6396607638861779206121178931718266614835155542290042405823518034897684     
     2970739306904455722065985275208735321542695445647708439153129711433764     
     1187372699001027787242026720467901933446259509803605908880188778469025     
     9428121820608775549670477776371280153204048260597819467119427999624499     
     5669216051629729261842376623315647804604689264518632452021590174435288     
     0707009726111428062031351352386323683587382086467654724697447893299833     
     2608242551581753869326057114780309960860793704379913302242670113450086     
     0968727886711317358879945444227060825091993125948994133693496329644825     
     5290202373792673785320933511131778611695655465966442924397960482730409     
     1568765992655970822964555961509497595728966208108853000108730678198752     
     5805545156776492256637616312973159543958809706607821616562059439033114     
     7854919791580340458704075104086012212577002398267381767796557644056914     
     4357770393565117488906886917625986313740118000289117319142276761499133     
     6998681170958005830440770740463562980579100087236305201541091170917644     
     1309948676204812857425162285912354086524953639201063847537010956850991     
     8194760733781401490920673316585934177636857466541165432708376961974150     
     6815500297008053595765504522663404808524511911447046004278544628747653     
     7052120996032862672189038910483048034013825960190445085343541564019241     
     6072664186346734456345536057599099140115386740660476887845115716606274     
     0538249930137084590446026414071309513146397703555350057543335262780696     
     8182279579205377366527563280436476758093733896919600404065690793587175     
     1758909751088860300887374787652689779956248417967704137408159586766260     
     4575663608006078645675397898796062593528904112530657813094053587399585     
     9299454829906945688343633255914180606179115512394582212524069506837897     
     4627581143627513446994509015262768352198971933424711373880949719246178     
     5031803010762003432640000987592243031846435312414566643646090625129386     
     1833244127389503426742100600918620378650291823137332273081609669706756     
     1832561209022864178317681584493951479876344548318941419628952643560471     
     9683809664895905724734263872827493710602770349238309363043778054465502     
     9354859863194091096164171265433207692470897548368032800457549846397245     
     5427747458639473185677532381175395132866230073576322007254666620786009     
     9447376407647760232891788227812053887666130565105243408200422612918054     
     9078384894233719924689549926408272098727281237882030300089012561069989     
     1441627999659676944886653676914921400956380146572832713728021098673210     
     5390521531888219488372075830605756975264437545614627890393511526976244     
     3723888945762596914383686237469757595539934955451903676146715112102276     
     3857184334574984481311368429324721016616758687469564377105494249906412     
     4128560777066161381821367666889653353403922568453485833421738942607297     
     5572394078356760770894731866967269551474609105152547763022122455702803     
     3126983574636137278660524603736913321776047823569370651193112760807815     
     7220578840679061906636816938494002469449919951821462798146877030926252     
     7969835200442045775452230172834868822684539693323573792592626672050828     
     6441768366697563385874539718188089846394876699666762246504660137674003     
     0427652178973443874802142334342923451046805465130446913969460465817758     
     1699963670493958284065193043530779780807183492550702014892255726400089     
     9761595482094539462338885261427926958215029159950744084327382894231417     
     3874888711416404248099210573057514312267170385166241845174047559442137     
     4150585779846753316960081775986970602116096270981339617657750235215200     
     7622539219015559301721656552609485868604861962696514762651762868557704     
     3412270721088746025624378766821611374482532452441176694655670799202349     
     7670790687259823821892373389951448937453770594180414012825074092934618     
     9629679852544941195543940664305552844998576185177133316981587723527598     
     6840618115762705772487980298390180059984287840438042390067423483902138     
     1132836885681763045842778485345329135627058789455144414403758298252803     
     2471530627079954520281052135847642648781774079187118064515649452270090     
     8427494536399351688860770327057238302795014188998613162842663860365205     
     7485022605174860438422310738637091576140669315930024546042603429859936     
     9877913088421091474324118608395234451872676880240355198092135563509846     
     2923539108633795999426161215934245655644604307649737384525078186525978     
     2924019286662539282852016588880557486857828471310372158315576564511256     
     1939872676761084996512733588278164194373478413777776943411207083677809     
     0925737581731905218964395998525194612237713012581317200103535614437935     
     4737152480018674750388192081879082642554286323111254864225927492958742     
     4487628279014492414826522149107622344068974898759247377826574267376937     
     8379980310724215509596938417124921143347645311638054025134085833033554     
     4858887036081691374540881749342283489139848123990053111222451360598909     
     4843804288204116628605446377000095133622292724727297026024528466646929     
     6868782377721117879040323179652075793156858578632443400279712382904375     
     9798956846534397526105546332529512033508447936897833828723396261182374     
     6198793593364073760153545973713982764428060698617947410078055984577105     
     4811972431217435069991457028830904835478701718503852680489522605390153     
     3434272406349437870335458452575519689673668996754779226889971922302540     
     8774277796600748539202303145644941921290702398479527574765072331270608     
     2791515179900578874444430059941885275707314295918079580386761163598787     
     6931796725679829115431848901876904609176793879512942351217088292332118     
     3471194605099560303112491557575610241190063992708668266250915516514687     
     1102335193488435606171384983176191618167706142400518891587692849380334     
     9934824371346947742370529797003793564860666310884506922362246936611904     
     9827980903296685616593806337596816934764248373643610259000359180496788     
     4768344835883645336092266299483185650170387942504608486373309990800151     
     2171406584442172645992498249515969984447912683850001871556368695226985     
     4620561016822923469358287028249394070256370410748161792462708727604414     
     0132823964812060246284347698017958073950761312769653549434893936503144     
     9362164700827687829119384185350085101605635457590926717911216642799601     
     9777176590063134311877006630810384768222236792601826287643435337583842     
     4950214270027518475602360042742901207771686880233840270278347308602762     
     8412163142706849886766947862414634490407113198204418626044421092270270     
     6804437017572799962123584913699093549181176265770000179833016217621645     
     1328836179911368392912694510249724392384764372672638119476359947577830     
     5665078595782656010733762850849894958043326425905224379830213500933410     
     5354719304189259854964006809133798144089455048570538389131344500402710     
     5275294932567648750220515005905340612172777580469368129439895599811287     
     5409844383812164795557878287251750429091723849340101934315684732415799     
     2751344885874452632759050424529242640394392621984880430916426783130717     
     2238217805850215380287541288774654837007136221916842570814167462536339     
     8669668244541936760992683626976066406509695073442752510726240082033691     
     6438595035159195956058911269244846797417635745505407848368595942430835     
     0796557863303863229276920554030959957870685189230285199975633213069398     
     4763947588578925011110868880050377489201045542522620738258020407308589     
     0950305368122925716128588204863251187073963687599801465261602422029822     
     8211542350036844860295994976892560839573127479755886927499723438937782     
     6866310302737284535542622627098752484007808731640288901606272618463305     
     6646929513264743641221194929971962057758697231982630417355270429827941     
     5215936814428227931066080503508167780009516739000179806382605802965988     
     9803388251021770564429665258376220417013725379131082721849691324319344     
     9024060436318420761685433466415341362760406721596580656460927666418358     
     3162821038918171973684079574152276270823642522080424998310457312079177     
     8847646748346869707833601917542607343306357408817944931126006786826968     
     9059702689646384362705063871459202888228887257774948337732209326588992     
     0691605447525266313456971072897128337728077929594244327020089929642272     
     2747799639647821336193033837562864999466974040468704609399744163004882     
     8391025682291025353146102696577797204027590374764206700423008032418650     
     7480344662730643854265573349339023302791793002673693383128434585344160     
     4092005979121885357028657759884640540040403667516199631752388298715220     
     8029176592852490747757747136466419188736133919456691818565640996767662     
     6964881113530286064690428171992091283561085894131163796176476069219146     
     3543910923084246360523649446041878417300124250862611780594372347740554     
     4986496360644944834510367782590176593464414679618197911139427434109125     
     9336341152212707370499412819300975530456584919574839907154889444874534     
     2130515429009758707653227517037944313245704661915905042508019963903735     
     1344631564931308002511581952261252130122088392181294849630722335503976     
     2355997460558491336373367292131601695945707302953324221464598824408893     
     1945106220763783127878761164681833187101649011723544782406528769358237     
     6969094720794186164398942107697146054482687828268749200309647656614124     
     2505707716138852377826630343762230897413201780638550964197873740556894     
     3636692150965838924267953059209665147436439859066649454367435091373455     
     0958007456084933520898773683088248870110102086555202277455306389503808     
     8985255683493580675468831082827306017701684237231202193220924484102021     
     1882159275274566010513341596061421660505294721214173607604740573204835     
     4256820817279826008241810348601017959285521764244611898085493424310931     
     7709704320437299151521055860179419757929159470247524357522432491293676     
     1608033367272202932332198003750050115376482138428476339153876581910336     
     4487355817990458850839944356196762670257491402723220351371830616085892     
     6292526506625492619186699442156012506914209468624295802997194846311012     
     3241085961898268724720158602033028197001882727394845581493553135317543     
     2679744203761776858489305929979746795224336480202960953028786499716768     
     4582504871087588383800183185870817553065531413448494192836989381344423     
     0745919380299281668792836546439733340301549800399909849818969727343438     
     5772877859375388299571204163111776547083370677934866630646369753986382     
     1760521192039459377167206093124225944169085051382107060266913676589392     
     8508507361195565489612133895492326143609960792915121000264159827361863     
     2054465364789854288668433606339454683367809408674288266211000629367760     
     1734098642672825792228645241721012592420017206805551147707357826400112     
     9637319420231669755849355100532940020929924213156968783481385656903147     
     2863993909469376822346419758803714363412194182539514333737033765664011     
     0592000000000000000000000000000000000000000000000000000000000000000000     
     0000000000000000000000000000000000000000000000000000000000000000000000     
     0000000000000000000000000000000000000000000000000000000000000000000000     
     0000000000000000000000000000000000000000000000000000000000000000000000     
     0000000000000000000000000000000000000000000000000000000000000000000000     
     0000000000000000000000000000000000000000000000000000000000000000000000     
     0000000000000000000000000000000000000000000000000000000000000000000000     
     0000000000000000000000000000000000000000000000000000000000000000000000     
     0000000000000000000000000000000000000000000000000000000000000000000000     
     0000000000000000000000000000000000000000000000000000000000000000000000     
     0000000000000000000000000000000000000000000000000000000000000000000000     
     0000000000000000000000000000000000000000000000000000000000000000000000     
     0000000000000000000000000000000000000000000000000000000000000000000000     
     0000000000000000000000000000000000000000000000000000000000000000000000     
     0000000000000000000000000000000000000000000000000000000000000000000000     
     0000000000000000000000000000000000000000000000000000000000000000000000     
     000000000000000000000000000000000000000
