     3756189663918994075220156496900072416190944968995313121426244696295743     
     7604731153571015498901835436405124420530142142058204871050334621851459     
     6885705864935352393958098980613236578866655005870226732191958334523336     
     4466906080448993996213943415351569759137066552589279681041424112923958     
     3148766896783839116957543252885441337912267487500714618650022245682607     
     8953336443911082749964769557211892057727572314481938038843312259211941     
     9216282457622195725839634746311220239223165208782471544231205822234869     
     8725427681458495629642902697530412320232938983239747926735689809159204     
     7637105212880343594652739483425445674298665092418013042582612519744005     
     3652187078924700068041899662902626442639043855132702438273725052372718     
     2606156252439853334827989099190712972714608863867321420933692124593488     
     9168385143036725437821647312393014027430641317793783890883033870938081     
     7443469180497982711806807036095536281871220613876635500537620195487179     
     9727925481441311220591074735336418097714771681112940469742287034206778     
     8562202047126178527667875038889469212459387183744573637186398046307850     
     9547261188036293818649572578241685548742761970544198504755111431858771     
     0817242546365959113867889245796668083167801900146521259159669644238887     
     9772700467482357491471679371157884437491978524575877910757934074099949     
     5993573419193790564400683571847388007949203370982703628177630245907802     
     0694647707102099176807071995060283988286944465494230822350056314243836     
     6126654743293096477486083842873903833623853067042822549683449578113126     
     5498085447917711428319102028703761418135788962536986953889373328403892     
     2635680566592884968661380584030069002477861521001368820472777931726666     
     2912795690251411989336736402487429149243081780194878121240480289100467     
     2931975963729890052200927192885931377807531495625776754675587669271603     
     1352536790850671700537359793457094737621973140311195039091681861905759     
     2155028968708348273007553331521346232828161647795977276267081286059478     
     4081679400641017536044627248714407251324970190368016083838789447219195     
     3449611977871152250420735148197102765857551293688190246921376522379019     
     2819773315075882178878741942430755728822573048112932734634010118395596     
     7607798889586415772192009212879590931473318626897879254191065864665801     
     5184578896301982630207344358058448808903361711811739797386623755268439     
     2897713716303614954719982521941922464014155734832231397414926556119137     
     0882180503841206149306877874954220549837777349259473053790018468578099     
     2663611856321700162912698249384641550203100394008393899229973822586668     
     1464466680637866973730268094332044248778786128752472804417175994245846     
     1595793436529957748778607207588747823770767020618605984037901547740270     
     5778028050926390171593867591809921198910966039582207572955870240384052     
     9529795350685829280231643227676568024097394927317283208923693771796580     
     4583375084609901920882385007844697382956525946498145133606629312856461     
     2580216619876390139420467099981775836691177590402650148223837545601037     
     7294310196216027906073183466786649405738009565771133426433490990404203     
     7892861519257110454519558981766244535347301829955988842596906927429444     
     5808435688799521831587181814194552536473275987862319732297125884926191     
     3903562099784277218481644921328439252719883882033482723956631691742815     
     2691147335871187894525951742038831230011950009438621288083958053053806     
     3805302222707756190582736679243892385230295443306760247308731622639315     
     5603602398591318044442682796799599276186178718540923670144403822093113     
     8901344294536402007939531083813566742997812687852786030914649633195962     
     1493910404399864066126207353243768996042261241211506518095754027016819     
     9309811237710778036380584450941107604496389283032014176848995701563690     
     5191206094420616205928698130174572348827247657830345491270147530968581     
     6228165733029665021574450375502824579611381766252892948418105256023262     
     2684150398120622602542573469564321250337158962157004729252167909240956     
     4135209101415801858069748255098640509388764170061531128997389798397764     
     0550182896037505261165746023447438064088700350255860613843307820163317     
     3389072218991570885912493694105897959189438499939467807948510392944286     
     7934607331589651927769218545871817402768075882867001457533761332642551     
     6504804239133190479672909969537728603931820283181353166911538386261767     
     2204861212408155874631460966418176511244065432104910196883963948059503     
     7396538723118749322737101421838821758085471388342407871254660118930394     
     2458337079332023989856372829756252853404191037205498098764653721993282     
     7380922838416502950459486156569530038929475035261607227464953091385491     
     4581130461216368425550103018950776601996693722639697943848768907853961     
     3522304318416494191796221622881057811302837293431996167596097664572536     
     8085957738431483396145755852411049213739291653834491418386028750091790     
     9434551674732706928056068875119534709269063701650325917891430291241923     
     5024151319086570691671072758584262039196641333362041452553792051630191     
     4247391301196559758676438500058368906347050880295707073545665046248374     
     3177971593846343707596456130814913626910239540301961486909071699809534     
     0647327920813752256333379093658982325456252015505924878867154861053488     
     1084910093749374687795161345967371999802706851430153180155194901050949     
     9854790397937609507504156696039105857005976154205204436149077336471813     
     3243854066243013654333320257803915496757872537042734065992242493526808     
     7349810965120817757624620880551289082783396521444057778470753975101596     
     4882872472550573256831045814766400819895350425501583655391548609822106     
     7600094869379978538838666270248106202439983532332934673894801633517949     
     4561370361385062094445826516474710388548082783559340642841761303236540     
     0986479322448250900697426503308989528715780914752009209816234867611537     
     1288469059546835773185408244001283886040534029497948995637641967396881     
     2638964284743658157496464492040279118796663226125936421471049922867236     
     2881925244857946373462498871863505579206303570251882901647836215056781     
     3646405092884399299315282603067491899405648338009306681454166296736500     
     9709435759673476860191334303647624191244837007679626913995342015732223     
     6538650255410478171584904748533556364109337430678799111362555204861443     
     0760340571989503333273135320908633520786385677452752217287144993681170     
     9802042755234277252126840857320654568741156661645651154396425451087121     
     7137737790290022522660607324589438636837989711698116572569997359076265     
     3201486474079433917461660078617634349719384997307230658492721733748058     
     2233508892317160841285754227855744377590673391813678022043549510017425     
     9982729465569072267777723027130553852763848906193333725481974833285947     
     4764724410270132481552753542555173314305969577858953328953681671706883     
     4302997860044336403160416142849464663376480805925586338101890355885944     
     4456444105523561425902455718748444782050382085873880296606436409062804     
     4934652774392631168506347136285419824394766473922719946174580406233445     
     8140085989506941465331985515907679921976722149322796061981846151077731     
     2714174394349555128084980064000992959855201693587802776278548292479602     
     6104307663000388760981649864890947111650632864316478136330685597043566     
     9544533950651002907044959181201431830407109266380743003610380000982392     
     5963662424247602250375855939987410438167409029127834871700942660065400     
     9648866219481169666234304806824808713973641481459853815327328781442408     
     2085251409486858506118540158250428141994524587946627243235097488233904     
     3531886793750905693500095086003099115512919781641154214758866495660378     
     1628676570004018191558535767625256458980381236781313723036199029391113     
     4577682991138202593647270307077458270227487633985051168093498569148594     
     7237843525061167940457296628559950767872282589750993914265289686552698     
     7667150684814208290163423693962005915809579347268341658241155020482504     
     7456828862634966595426869890697966201480247641680395745753387582252181     
     2164093260130372177678891740017831068469328033797360004948691111595248     
     4397935035947468280747365852094929243066703597724382758691857501639072     
     0494343047324495010082042786950671420515915066210473667580013605311950     
     4705120721631878960143132392963195886881564258277876010881701122803286     
     5026548500005858288041963892819977680591882596738014461803789452490591     
     1946804089147713260483120648770260059376598453434947287047044511741485     
     3003138494626771004592628949166718734737375675814777979596369548235318     
     4234071070077797333547524647008316326398202721868205697810996160134333     
     5577523953452259421417506410074140443355586133732556921551929032519401     
     5551272868845928211335507104751074656660635785971037601348208002910925     
     9308113779489860533290636281242496740551926815749200344632247892621826     
     0650444766740244699339377653531272478509886798843173771659628783544016     
     3431174531394875625875385639546653109626899800777085151520288951802936     
     5179292653039884425364073795481143264987736692036604494700609573907124     
     5293299951429162739442832294766888038235521327814725846909411140899995     
     7480935368483574970014039053023588993049026632285015254009927284432684     
     8940520187394950363874015882951725104811879841679617113051758377178230     
     2982016884509930153499866169801519976715138841624622284471693976470709     
     8268444846968449845941048445464565953080048430322828753187443815436943     
     4933766688350133180093399581998097805761790961127068031798812632127890     
     5446086458393190541085784548722638010760498287170222123351102060176716     
     1717192246930913544375803543271263512695831480880245057274666443282621     
     6816326588776622086251815346790232763332554550337923895788487713145438     
     3809503924597445410621361460987868954467931618813433915044334716342321     
     0744066706667267707048822670470428109455021819436505694728378523949896     
     0775715024935116533893903803005128333533660066795295882932237981409041     
     1029261783532704334982126109899758172657374634060527662547347427688488     
     8247839445647374313980236811175339139943043303230994857588968933223932     
     0063658923850876847552398625458490744035612676319013449021954897896061     
     7307189031879906411635298335564210622960103089382564720413923395105239     
     2571201992923448280533081654448718447880835688365801865685794704592857     
     0464868530955962847926517000612645953778198551201511070588074979146295     
     5519391401218055642399948676495110865516752604817971016421400670344604     
     3043811573660838126674033007013340556647256191997674021752123966723562     
     6852621851095733594931032522890632928312615503860961038175269604404611     
     9838302746925546920075838775237165405520768651912981813180383308725413     
     8074185714588867694463173133847172457766630831832194562798576045937200     
     9916445939181249809611111749332370142413031017030425716776135923476794     
     5357941159750840687519812536310631712241630785410439963615961376507937     
     2073395781214928692019407636558984671352736322702392803250691377439106     
     7111279795013535966478589113833429867784555954235104999520994244042680     
     6086464893174420278497733155905576979837540444041456974042329613136058     
     6970241783444537686471341130969733188423288505378530050578337909790579     
     8635654719065963418492373324701309183403467451480595119890132365319218     
     5570504410823756668830525259512873170324578928709970052970087563651503     
     9216249079063619053357060994571031566035214931430481254682218855325526     
     9454824430093071293470501995257276542082296185990827426156518753814162     
     3240645879776110114225589363720263660808289914582287789637792627791616     
     4703884491449598520892015198016249974052157843139724726910537254358919     
     4283960926463009549903935462581089018695787020487145144899132774307358     
     7898388378889156904124302927591447546929874868114001725487501201286619     
     1771389728130930223913156761201905337045431591382497470735457228579120     
     2328141713635055047878613066889772922789080004965685116907752125093050     
     8946518907652230768504134145892998564221265206121813133107482092948072     
     1111431181874384974421109554942428479411842990855680129762353145973418     
     8713014484265415228080933735368457548499153450891933089018217012121860     
     7954575639697672664580760900165412656003985498539405502450476865107497     
     4363762668856729857829749606792111325566969497574862101511427390349125     
     3687585409580866401826660650117374218182354870915050972916168573437892     
     7174110964989289818562305843964636533093438722072234048479638880953897     
     2913029552887082628741668681957284677537551795010714406237085564180744     
     1903826609109331674294461223899425495345513846860365000216540894355170     
     9757048268170081783677547180344942446360082927095626337296831364090175     
     1015322265393557033446478118800579101788499044362910158213909841264200     
     9209479241469629435364138118687854889366088877400230052106941811632546     
     0791282833736027970139012308815273604541736997744717198009695366807097     
     5711326685066993866040256141893965553458934063411417843769305480271961     
     3924966755129627389103775565429047040603133931544593709345949696581532     
     6268978085293310638526203381385638500345967462790812025296650981849830     
     5902995270607984868847647406721762277786344926771334196343311917825265     
     3136407584225630758386579778375554404732866788707401599499057995187469     
     4719420208328686840654147311166905098041571907523595361704739116247106     
     5324762632478713274657240564161715303487865569185003576311894779052733     
     1189812337648368546427009260522944084804969548776167109691876517771834     
     7292346707823959653608537346805968320358369484798141966301985969891324     
     6750940772350799056323117747869741831360621523120488036122019866163233     
     0590836733050771798721169526834324736011417111980221242713018266728382     
     3748594722456548240489179643709837975298833562183553169542678132658449     
     5439369150141659973811818490557440559441192150789641249404591934937966     
     3928482968948597079980863541982729230234830490858021708674002271351932     
     4846837032449771854139502141172003452562634031479981809230204622776141     
     8865999464245198767200206205639970155827493951127642301313709834369952     
     6009631177251028064699132759894218894160690880995417589660666741266262     
     7569328559823968793493726449437239783759722732519476869752817824420145     
     9786851177189394478694570140807111673248603764238535005824614171111299     
     5801432708319941183469624727935897121140925811858353583783902922259788     
     0353894159561757094129455973913293109674848331486865945667916389662653     
     5170346639504813408863831721709280034416521460749017942598871779947484     
     4470255625790630449664431206215425221239580729890191189725607684672994     
     3710618477726455344622921421353980859182091224491505413186155401823128     
     8579015479179187766583287647640188599631891316930964959481172852134665     
     6629553200025117177371014537723609616568545953624801761589393036210035     
     0506912166653531841049702279159278801255619282996598883812000775372397     
     1777817582415599212988046084911059734947487555766711117929982253570983     
     4143936287948682528179810648969439909182031272544141022853811588906716     
     8762188791544368451773858570803165548276097925316121605169217396579374     
     9168057959634800881154589988904465037907595314061930735762825197188107     
     7924441373419599048216272803712473703196138114752044556318332705535533     
     2218824804686466422878760719855236613399460320670056395012851934917318     
     6593173491628575826005787480803712813871559593407261470282997762715993     
     1757136692257339538802743789304827776342870943931754429399823350873445     
     9636793294702282637146759731264770799081562722779721095052296978432000     
     0000000000000000000000000000000000000000000000000000000000000000000000     
     0000000000000000000000000000000000000000000000000000000000000000000000     
     0000000000000000000000000000000000000000000000000000000000000000000000     
     0000000000000000000000000000000000000000000000000000000000000000000000     
     0000000000000000000000000000000000000000000000000000000000000000000000     
     0000000000000000000000000000000000000000000000000000000000000000000000     
     0000000000000000000000000000000000000000000000000000000000000000000000     
     0000000000000000000000000000000000000000000000000000000000000000000000     
     0000000000000000000000000000000000000000000000000000000000000000000000     
     0000000000000000000000000000000000000000000000000000000000000000000000     
     0000000000000000000000000000000000000000000000000000000000000000000000     
     0000000000000000000000000000000000000000000000000000000000000000000000     
     0000000000000000000000000000000000000000000000000000000000000000000000     
     0000000000000000000000000000000000000000000000000000000000000000000000     
     0000000000000000000000000000000000000000000000000000000000000000000000     
     0000000000000000000000000000000000000000000000000000000000000000000000     
     0000000000000000000000000000000000000000000000000000000000000000000000     
     00000000000000000000000000
