     5804930187277918139809084910273188526659397068552605836668833847292736     
     7372576938373115097527329262140528123064627842943591124913014710775765     
     2793297705873420100883957804018737702021379435134551011560936438137859     
     1891861873497020885489365279804290947518440646695119601314810522491934     
     2311756592334713488897638413985676693018398017631966909757907439661682     
     5434493427050914785341321900252006751102066338490504550456806968446146     
     8919150162709086869263859102450716429439346891684163883647097384802009     
     9154922236260613199489605926869057388030261370880505357324856068003240     
     1042325712993443532760006418187675623281572175929720028518823822526143     
     6924519166020294811464836849362832468866179109159848496392009599647188     
     7845144851651225955086514951670515181366317348598169962080791628726724     
     0200091599597802570173060533536156834979266903530664386526154586524864     
     2253739847441749327549443836394356645425047315567709145394082869817445     
     9150972688768592623366245958084036503876985126787416793751246664555149     
     7387103759706331232313353483475121625080780925644255937137790946911704     
     6785648722410095518010877381102395058239878493980819259598882030215634     
     1179573852354110083539001622379713831478336028473689014704838831369997     
     0646000825224562066859298157357723954758513998938613098739322190804179     
     6856042216370835424972955775948454789351469085416590904550560556482410     
     5379930119883739526697528362617390068465498230746781364672454200824879     
     9350175564591670562431973834228400025102437519432309315580145591679946     
     9369182745685851764801435680306622655795277712497139785686904110059396     
     9618072663453016945252577080561863840247103125654088429256866652478821     
     7681905283211232682667064406733926326589990796850025778870290241528363     
     8712742958285787567610806112104302890868933482157618153643999625412728     
     5291755469106715184966523743102476440067918481648943108136757503323787     
     0730748962150505657788329644116578753053242963516020064075653378946362     
     0593434801610784969322996543498173612033099628835930461598771404031540     
     2460328870620842875913161918764645709377580278653338185606097707638868     
     5169632540741032832482850954186770206785058759648834965758311534795912     
     3842026871562622553923774763962184311642995724910216368961607550775951     
     5932866479797727728120101466790074175462974747708032635893726590698333     
     5123240623990187146392695467213779987615599572184441574490813382622344     
     3288971475894288347882977030427617633129654894744117134350380618782061     
     5716555442851344963997163497236830662182180295039859232097764369386408     
     1853078913047181469251575150088806079367251557151261356548715816246094     
     4546656722589461955285769510884706966342383901970808571633145169959756     
     7839748096820792426300425754255021644939447426361885092220382778807873     
     0298597712106424512071247880251428020582748402029681527042281410547449     
     0948416184722916574985854092047904585653828848399626874396646740258516     
     9850760738179606970093761499286378223870088114637408844456301408819521     
     2382753430722172780478246370179493104354358607355658081827884873946785     
     4879975113523964723901313545502211407786437053018285110371679437391488     
     2226799613887272129715925949287496996010227588631239312016817535235760     
     3173067604470757857069267658676998062406544887741286694645818601806292     
     1061469296055630222192465121479987629692099162186411616719080411699167     
     4483052742010707869654305324418637614901837004994663262416095476333027     
     9745447860500550477693230116478932335084384254658970822343653146813567     
     9755044366878382429085775774938089786956561180257746577529770779986571     
     0703288550159677411086202150341942496397725036508407180464057666423356     
     0837229757555789644753300915623809171887865077859690555552900005086644     
     0097576786996724176011290315515002056038489923644732834343539517068020     
     0247016780211378787022154271975310782556563226308127696646132410948801     
     8043979854745392937170455619716541407398695501981052906212227170960716     
     1480347377416371127305285258852577758640487126945527441121852171670104     
     2050268751979966631449950182297509547015237277133519256264974801883510     
     1293203867372975611964625252319442084913432646643823393908510965813330     
     5212578834428511072452649588174234444004512426730372051400718448053222     
     6943150889463087984128323136331387021911771145751098907051681959703856     
     5219856167660538383625505465529965523574647060588219019965894085946234     
     7202066418056523941779798938131785076678125020073006113559986647758986     
     8370390535557710433936752954756935245566209365968638380479848572898178     
     3072967547842985826618593180832554087602777181690367118952501998373906     
     7451142412821161758475765176558689716579753070141437233098479707993059     
     7820559343879370473811265742322632999013857947614777231766297057638178     
     1380740390670927241439709423481562315275571102469605664160799400296984     
     4929853809959424945359069679692437994895262844136658520163261403889087     
     3098473086715581221395021071805761265315003354019705366728197091328390     
     2416063147602270051053429788845294155371725865089833311639952731651071     
     8163881255367041843928429975111254556316483572328933711722664679458484     
     3683241145298764390543036477618111504337513693399185966397683990647351     
     7325765374222190490976234482294563797661433138861864777845392118931063     
     2313935860550077436853493164638481682729908507617155507070584052746271     
     9703512851942552743364769363115891235351534980746302059591909066942265     
     0560929064799150156881927461118145174513764436229295484535391614052094     
     3752491534391794080921724375829311096335636216793453895688730620896523     
     7439649069457386791042903976704827797817966927770379024825644959629629     
     3596096958889258770099157412945776199710597593594084557735337344810214     
     8009311496073511279782782823942318532956196544353157810286715487617737     
     6811846580041807965148706629114356174043274865908756899204487063821215     
     2094637198098075172315164608595070878591330552409608486363524129739302     
     0398570609810563156805121720204681215465837366485653877279107365083309     
     2746510649023062979278747854999532698712629464348543911646837478256375     
     5404866164301516617341819540822742787581235151535676080740290867561503     
     7544455152595660915847090592729441855346857198616813861954124981530154     
     3239315218109433990886167253953022044003678727594214503119073581389384     
     8842758928730357166903419809470194115333821708420545895744185945231096     
     3918833885235327785245245976901300881486724843636637613962571234648406     
     2850901461751766786715014113557368758878024044034825976511294150950164     
     1533994803892118833186548226004661147886255495798029893927753732735853     
     1104404358083046885500569306881569795307994470046647606102180322477586     
     9165520665096272372595597862715875239349026471338368719830984808190587     
     1576013599992434676169375754716385158573326346193637935882143020799248     
     4496186730995097681807905490323788449997312217668078387228291814946379     
     1925041890331699286414825604177798847337537413090094233955020625122635     
     8458085947779659096361802539673193110971476296952045108590222799274343     
     3125433247448358388587755632951142210631118063782125596304934790668014     
     7720828367785437971907219229520698970569105335798478389924500431975334     
     3789862765197248432068748301611595278936269657360392061171331398612876     
     8959706781169785549213792042945544624942718351530397189898130671006144     
     2465630029142349146706576752843388879164164114572169596043540847477412     
     8778117239093627378364853759939979400363190268124437291834038672192618     
     1835984300711691048071539741903824332244615627505301598733495030214832     
     2695537502453760000000000000000000000000000000000000000000000000000000     
     0000000000000000000000000000000000000000000000000000000000000000000000     
     0000000000000000000000000000000000000000000000000000000000000000000000     
     0000000000000000000000000000000000000000000000000000000000000000000000     
     0000000000000000000000000000000000000000000000000000000000000000000000     
     0000000000000000000000000000000000000000000000000000000000000000000000     
     0000000000000000000000000000000000000000000000000000000000000000000000     
     0000000000000000000000000000000000000000000000000000000000000000000000     
     0000000000000000000000000000000000000000000000000000000000000000000000     
     000000000000000000000000000000000000000000
