     1856699463687052772807671174755321918291072402057654280489782015553119     
     4830771073144212545533894329925819679429740990798451128836444188540770     
     5880509688935878077370233010886052161549763793461434448150484037636561     
     8503361045376078092400868018966573710167260655975153303685935403854204     
     9276245836965575758068469313927264749760180287316644136916682475762682     
     2947715459360254872875225653417074168836967012947972053290077332321888     
     1942605391763869464271820157591869522671065902717479068945803336361932     
     2700230785024198549311534283120360250999782253223528573481951362355545     
     9561656664497822498358840662043246865011890886815685980420290547598207     
     7154279043995738447456500557279673843542295352092451811624181568587597     
     0709788969065040898210598622908027279005646853956713380704327204301852     
     6302596926066642174334261121663145793309549682252051759866688465692481     
     5809098621265095852598313704808343905853421731163687377920239388896772     
     5692529095579972504218163923876302791971695588346554537192710420564526     
     3582609723307590751559887831552773927738494258776871017567271705531466     
     0310360872640775447782363404356295400778657410035110840021787195593371     
     7641958186583457420162093279042596347578381649234716752126931926955302     
     4756928514927379310070980303297014270273078579687813657404373060768111     
     8717345058895629680065718450767708137568634732833167650183422598814761     
     8162767355905993820337181042665403738769547559794553051705307902595714     
     1584266261756398656122599895059655659292717533786981508846509603331536     
     2782663533994476560458729072701459885222431400229366634512606318489060     
     5084297620459575756645772391745236254180434824773128220771750107477333     
     0703000549627469695779013899578004874775434842021761292501707567558231     
     8091976278315510025274281715235280333414262130522309646742557941734250     
     3629726627973541806391579908225489634328743902109446051629742752117477     
     1379092629717141881134875530295201661347456450679480013971196430574095     
     3315474185000630897117514539272031793111380801172787908564819623965260     
     0593619577515499449951020174925094989986630271431856678568789508992245     
     9853786573417320974324507535276631470055551057480539907185796953625461     
     2927961207076806300593244043611866729943706901627047030148166195518385     
     8930023452714416674554180861801308324087592565875870218213428352990663     
     3480495552241120433194376603700189522507094675000033336971299324918285     
     1582342456932926373011351223705989084211938801523949809151517885576471     
     6682942226831269865925438755500961430110858253410015181244101152695132     
     3681335360977152341467909420196012561735068180399205078704188708681949     
     2448512102927205412668212492881790050991195666369068720261429157970273     
     8391256855580874488468221507827873158356485834190689535755754772367530     
     3019838747677413086459763556402800676743639153316043038237490541725142     
     8428571586716332638340992243923551445847639146006561004576808308562820     
     5911809063457144732335925195897530265859832167426920315985112555475638     
     1018179090817958185943181570041217288004967450328894726780967287276759     
     3263924653100577539311420718229844857504060893928909392650521433127953     
     0924832162702338317782187396467448965094087189174163818335586655242807     
     2339046000995363415297683739110712597213984009478184272338462815263161     
     0465249912155815192609025418461025945988317841428748981291912490838170     
     1063767646139962673424166344849408135261071903506837989083729028574760     
     6954139822309801092476827020599405428398478093594651433271883248769476     
     3974878968529734073031594477946163857575945764050289274079348114037686     
     1382121591651386962429135178048750617484844442669323065377983718729774     
     3844100340109915076439182918818166979211035879477721513620722188166179     
     9198206161436071269823522414967886689121700459701436263525057396006579     
     4388226285085013760104283982307658676757712012893063922449317075047610     
     3811293653926287740914467912237467798250601499628865323288057489910031     
     2823355538648639204348731981992205084750613250361911400904418010417593     
     2704711407843636972282281538790167885706813215332236570866606940986824     
     8143210504138652987214199146274939998194126799777808204641657076122961     
     4789044659818575160902444543499642538016139596495908048038746445996774     
     1179806632959717027561421379435268478777759029958717509155472987166916     
     5526875697102490478066458595347122529555091286985785676297212933725270     
     5216031570046929021614995389401643028920959645899727938725202757914295     
     6713045976070986072905332886787909613550046573309640685459210334330751     
     3757147072140182561617365261719974810760349377636621941782856146674243     
     6171083146514040134418304008874504582862675721962582858936888199342364     
     1734143644752004889611712654206510149469040655730537059736741554661227     
     2406536619825240537490145349071318546555793984818709677216273393240653     
     9924962927364504471371126500971608235800865157270068458249564432539242     
     2002585563525132517603732126252108342000548190645951299602852327795293     
     6425743956003791950754014667463397811681475721032000234052255341892366     
     0171869158649239642803469587644955048324698709700774029199801620330152     
     8635823115835669187531103713058787475669942959986136172509890313356117     
     1412091943791223426558835182518848759935829772168865133693227938272121     
     4737342980744140574280425630632614880210600945600801771261903843967429     
     0206250952381128978562954845628213223917405538831412185964122000076888     
     9856026655249763775090450342957235308912760138718672468456407666994268     
     4353235411837903225996656492164456905518514949487695261873373324945461     
     1019988348328063145805571834019722262714860012684875604941213060691690     
     9748106868917174383210911008694363309782551485096320324376241848673848     
     4165856958633558563763493595937787655170948115668731047564657466691590     
     2514230977524660415691918545592079289656446858481190993384776228780167     
     1253034455336238719813643628512068143401846132504522068229584401300707     
     3112902970107823257028475837057090486588454140567145738173829607725346     
     0208295980685782474122891900082265053202866103796320096181733756023309     
     0293443750091934506658892464947803278622942187302053346261072593760200     
     8641791734221830871124179185724147178242547331811223815286782747651438     
     6538178459793337393417248629103777054298224548934902251993720467572441     
     4857140552968063048818892153517025627515782416232821780775537357238302     
     4835817835337248453516431122194769595169729474949688248793070774334762     
     2969513594274193181729551794319590517892511467979667359805245184419238     
     2642978601064182361733274758234426537963705684865906895538758868191472     
     3496661147972922434772472594988716294472474381302187438221474552009541     
     9147123660711955375934304296583677380110550274563421022372633947494641     
     1848222484406450574230295453679282264286512888275277961626114290130098     
     1991960368865111367174781991242754797569196155819277574640287960050894     
     7486888318779523253223589261550170736532645966767217899709377520296362     
     0519899619302374707771066968187230770675340123233579160161768487307583     
     6247432655594302102149928713674178587839628420123266770518116859024663     
     8128730779353367664051916558374727928799952098158657137319210323255059     
     5760138399468303863756363636522034617010746498394861574064558025013869     
     0762773370965738650788019328487806174428814482701074043016930631629795     
     4096960655760616652045319484200290852135936655601712470304599845659982     
     5484818547524197914054303216437689017233118970886291750124729484840907     
     4604697182121861733885658438917875941103270143347936243772236741022197     
     6305412575300034666699603545788824537107045929465443515445377610596375     
     8902207828224964182063629222152984875382049506281293039564460708885585     
     6772443202498995278732485029183390324838000614916639248518846407995864     
     9340252860878696362808067681783267779415866077813373314629212275586156     
     2743974599180215078588822921546668881821024284902865959757153687429783     
     0471224815780664324778541636796043940808785120991912830952203062067142     
     2469677182102965062227505030720618793607468744741542546772238397965472     
     9118302620628907777178571334192919742448043572016159421407656948700698     
     7820027698524126224735695710594097155803753672255219134649386040033934     
     3699537777251544974664788529762864651971876148799279574018217413136586     
     3964612710121311785057160617078652710483151825811606000062552842794130     
     3541681559827215307759516775432321096693090628219895820173386868304255     
     3004020006022083969722588399526676035683333497320905727390525872100409     
     9171393545033070854890871694738540908569111191519403963891159031498560     
     3559521748072280163905519945992661645725812000933173020083407720890702     
     4506975259016550117553466814792733979583921873628466270963496417889554     
     4140144897554398225433372561268982582534916520963461462851455258165431     
     2715534390680424117154471497859380426977364570396248118887392595816162     
     5121847807032615791017543084611908959596492006532375629319405864542016     
     7578724980669801927556272676513237322436135825707398409876215354955414     
     4577566594050233301333124020188893449770284541330728563237611028733340     
     9533603201374534504406443104242844668914868883309703382719924388939312     
     5278785174721197831759042634804565650133307230046286255611987483732318     
     6074275616639876867765151251247963057005088768828161117651971811826055     
     0513071163361111398355068404811002020347234881202819656202629638397411     
     0199458990974989183297859430290491331876071130910647085104731507660382     
     2977189671972599162780259614717710879537638398791716120493854036952739     
     1320919306547250005280377224272076433310998051340721205348222974515844     
     0665951698946072398205919961669034834686574945996283495283496838675263     
     6934337301953949379963306527938412815442212239906489680848947658984047     
     6008612972097372637423004438203763118049724085273505664583367227203188     
     4048545723952557667180419373302773491753406240952517036391934950342337     
     2981002750308874693329115335093886187271798017199449958655890681000578     
     6564798971881205909925091576713143284899491171333091166613749406899295     
     4740428349111096986313922637384419456458992767579328226515248060725144     
     1868240712871373258274900133425299880404309727088415714101940729585002     
     1404081172985509308422061901981641038750362703797982453548396026638936     
     6949961803016879722979564611539216902638845003980089960760423127706282     
     9076244328577027553270893701136913338033454370803312060364029025628677     
     0622868828030372680949552512458615796043179636376944026696192822561117     
     4649427979639442214039629424794427484669758503199981105668528540370079     
     9650321632968223038048122266797421743505169455735111630982332819259649     
     8118899746106550594461198759255932314961827549366074242620088807764618     
     3005295177977438923259565625599011813485460577910441502100746386092137     
     7472375009906138030328108140148689916041498330637789651507221872873488     
     3657388498639698250734518460619432415133223072044384185510734421822307     
     9547521577233766079846280798875737737265821504567487996846566617221066     
     9107449760791784423142507614882554947409775951918082969476321329355403     
     6722083117862925512638177995205382081972312126885253705127225372989703     
     6754303972661764925191929870381385522608123846436530418610804517647445     
     4338643887034259197756268444643792658002019003961359973347991005125666     
     3699343911872569339555837708977252411835455486136631186158895110628008     
     1824373397132994860020380511990192911180288547943661528576589980405104     
     6537475672741249837123960465303818679170941995993724894153787712126778     
     0426843096914649518042061657694821115990071045492118421011216413267956     
     7990678028234070967050094356051470276612524059194338590453106858179295     
     1976231762736619380989861170108777293913652093059466114904510457256945     
     7735469686440074926911308267928357720300306416732889916721115315520378     
     0923676347407018415517412246067208886466531259005217580894202965684524     
     5015226215816858244008454581724679479893077316317026450624051712374941     
     6421317355290404576818606620964568938553135365614554659406703788241904     
     1977568472469866236965964905147808738457057158284822919897688448175046     
     2727808468091046067370500984784361216851035638567813947311457399285185     
     4726261548027770352949837880340518870793547458342708378592458723582441     
     0562855318770026412119900915402008073441044333638552710312652381124524     
     9077127624339479055902630423288961188779775278269921200285665498783728     
     0452957007712038466410310751537340657117726952754440440455070391266295     
     9664366908092191063947230999249901177209112933404990645128698953354186     
     6097659066012775555398360924632238896483429686569912231561898202041219     
     9623178621843050608019092418704292737667895909148734832341388634207688     
     2772249621470114398749022718677357493623927274927130601122968880042734     
     6689637029179335601504512341189139324039801511204380847142554113260427     
     4266820083374757943296604849146753272416127852250332828611693921587214     
     7017795772548471393926936310081433399899539762119800585663786460370525     
     1986496644954376987007247057417811720588617019643164811665599246733319     
     2216385930981751508837868141456855521598234638218455396295117332737011     
     3891956864788743674001240565771126062462650797895871334597334544720916     
     0300112760120466907736898271270089866417145703517022682051547461265747     
     6141845181081609176982250733922540457516122652396849453705844460537092     
     5585789538712416099135113575610750504266394043159397318976289738781251     
     8954344546389937475252217823220354138329669867635512612273304014334691     
     2647696031137708096142505501423332042697607565544178250449699420796853     
     8226710557407285709433452866439285301546912488708673581884006178228444     
     4802669538070120215717189396338790382666695217312017172595564940014645     
     0068578714737519261463119151975979307954143036630392123489260486664607     
     4647273307871575810812393287629566132932067426265898405334782304369831     
     9221362302639758048099764753531927111630764024397824931916182161355728     
     0243038162632357120218230219118051055149927920454874815076379535980275     
     0371233080247316755386814999187339913388482775310047921788254575916806     
     1288541469977489802734484140553677640671362376011610046714172975205110     
     5920877212223622907462064306236325889615869428972086181276024283838728     
     9851070432641237922982469940457813802809798321672243545960422731759660     
     4075211364788190262535902598180388055734448928112385177374845064271372     
     3131759209417895708763720509019483934403985428847462000066639290079043     
     3031198724043582346217800288894764107922873719391870148960646243055583     
     2183495348199998424600065371331976347693608772789065511716951723616397     
     4050235919704292709096994228315790230499680025964238016112777028518773     
     0897409990215615244926325927525971569522492508886773287606864265269149     
     9692087522181082656092865875261883618418125971246584991552651314970323     
     0345835558145513320542313823493930340694463195159752681222468568907829     
     5298795128987274559075710571613736273213326567580450978813181064283837     
     5453929775230903354319022811794301869781390183228433437440230891413366     
     8894690263249610198565609366114767891479466934881158434426414869090753     
     3151948673066869247367417420115828678446108527548709478103390845685364     
     8405052967567228640618857916843539726642463334834318222629995408684755     
     6395240228902847669876389785483323168699656841369731911632299897086819     
     6034488771663605694664264624727935269630356157797550778837939406340171     
     9328580555422045793147586212429155464268040607230757116759594656823591     
     3815087860741206040701798791828466997772302763429813221853707814497890     
     9390485181762896390955310378536241204842932972345283480232222331976447     
     4101107879581213681621248863056980833604020760996774015502603462417166     
     3493310077265612132518978190635918120302575755719502614153689989701595     
     6731078726728648184019000679388016489829580242884649515874304710486919     
     3532617549040677285744557506095394465709732665564638304528416177861176     
     9157175098770249534378369430589219473835076944076400568131828352027847     
     8115088285320384361734017874982873403207554824787474417787943999763275     
     7703147045528945476267290980673056745989742155935478688963692322225329     
     2071676280643473781397813361050929512818487670829742905330166986080140     
     4452036904062837599617109398599128579593131464975851574151824556491800     
     2016931610914243536419375257469860078886535732591809685803604306668188     
     5584506010788927353297800286028027764321626820253643911594880916170135     
     7676545095178430313591128807756443180433616166753062173643978259156030     
     3397158265095737365809681759420059871279711126374331467223350748665376     
     2799474786480663151776438991476813972369487003635507199774904284235520     
     1056496646109342453868410778306399082487070333977994604511571702046875     
     1866293503517889383030388827936171422784712465833281092385180882344778     
     0270455188199015514623899040005760737367273910470828948621793182062082     
     6376275155800490794051756778799751753964644664143419402483111058264095     
     9551983183195602368485677081828078263187407585639837787918002867244051     
     8227369774041260268372712998671503792694065784677316350332359334656547     
     8929081055314168374577366071818181790867591400497563814720066732792228     
     4184015346847750967858406105410147943041728430431615089644031055553331     
     5955586155182339205618486695278053652664843180070389195484804016362337     
     4390419459781159637676520735603362209964232618453157093105269423261067     
     4155504133859985868983593463602410518382411610008084585508177260409190     
     4584544507028632919642821587375461480789193876210199104693234985664662     
     7433942039271994054839151296308145576295479168811185519683459761855372     
     3667117367238498583354950484669359072682076714247156894900172159885321     
     1203084335187351581450866183958444777816112640230415592792775733362488     
     1896953923821281706479735201226664594676282535171009771331992970834588     
     4412883675843144463541909831364564693377587120723074648653578808741674     
     0509667099450492345139205213682760170422533982725956901966043172756834     
     9683116790859594307255848161573242061475999195993917026107177248254232     
     8664766744759680784207297929551594849105311047368335427422476316923482     
     4391260221742744211638847399443522694935011936206607538007973587599668     
     2907507437012439958418524158435406347057809554334100028335002497848282     
     7731664744829469181231220106386386069220128873496570463046745807511574     
     9869407625613046643794506342599969946730066211511218309776337506213395     
     8321313210175272197543503062371917507377261279567625377465454628248614     
     9274624919446758672809408432737551891433766884069415298380769994309519     
     8605386880059042535564545817724003710196643472243108122091941549494634     
     7215373932313438964748358827805263541739585264781852530620953925647309     
     5611741707333428696951607521524573433243027653048586208482715104058300     
     2032709054114269408931456889888821397022457155482659023092077838656064     
     7821074141994107016082611764960015896176871628499535252885858507053076     
     2555311291988495333270809918134133665914323677542875798011660079279301     
     8518719879460563617512289287656143482564278715678720000000000000000000     
     0000000000000000000000000000000000000000000000000000000000000000000000     
     0000000000000000000000000000000000000000000000000000000000000000000000     
     0000000000000000000000000000000000000000000000000000000000000000000000     
     0000000000000000000000000000000000000000000000000000000000000000000000     
     0000000000000000000000000000000000000000000000000000000000000000000000     
     0000000000000000000000000000000000000000000000000000000000000000000000     
     0000000000000000000000000000000000000000000000000000000000000000000000     
     0000000000000000000000000000000000000000000000000000000000000000000000     
     0000000000000000000000000000000000000000000000000000000000000000000000     
     0000000000000000000000000000000000000000000000000000000000000000000000     
     0000000000000000000000000000000000000000000000000000000000000000000000     
     0000000000000000000000000000000000000000000000000000000000000000000000     
     0000000000000000000000000000000000000000000000000000000000000000000000     
     0000000000000000000000000000000000000000000000000000000000000000000000     
     0000000000000000000000000000000000000000000000000000000000000000000000     
     0000000000000000000000000000000000000000000000000000000000000000000000     
     0000000000000000000000000000000000000000000000000000000000000000000000     
     0000000000000000000000000000000000000000000000000000000000000000000000     
     0000000000000000000000000000000000000000000000000000000000000000000000     
     0000000000000000000000000000000000000000000000000000000000000000000000     
     000000000000000000000000000000000000000000000000000
