     4354119602232979212666240131772474386311791439320575807000413953811287     
     6600772892067348978077414511942179067557860682376065899836158503599468     
     2735331702250270670936874132578354001502858435020821003062503112278617     
     1381319688406817348984803791338490932089450354913625676000912660210969     
     9151096564527286639975304997805152448144396179100918889156396568819386     
     1536978027676152245395143436904479748252289231047727999851294350467015     
     9891238055551904181070641860596034225286815041332171466826553112679417     
     4590597430800926153917350272640202456487569444925643421141487858000048     
     1881024072352351199846930755589003832707275903466691566484427157012447     
     1108375180637177584530388838856795085600958598558852690000022674013746     
     4033644939567828893595301346407765021263957917653040537635903269256322     
     2882049566595711932419116747693074116431118325821459674248626919116356     
     9607634667476193541964709103161582481241047380638232869119753190550335     
     1542129401384051265999779023822703087844081475853648378255772153958733     
     4560500026834624217877866135737168359009640359452543186422408590016036     
     2786555944935766180099650562422187669028144359218071689760435349243231     
     7120702183916425309423857234331206994873493068134094259660920313737088     
     3784115573977904277134348144280497981962923543820209719773134245051835     
     8620830628306751389306703100601551213900253914049934914297901922026266     
     9440348282440435173237570541631567575461312008249344689781853192817078     
     4146239984975567816019855224490189539487747727238597641235786215736067     
     2875097324154252460185293594487453562638166679018516695153077982503893     
     9648454381475846277673937641051319291487791612501112877336611902164433     
     1636077182357319354305833722149178997892868253453629922704141611783622     
     2606903116181314887808894560347360932012621241240483751723901270170185     
     5169251447157431054818080928722199409634756301348472113567034968781191     
     5702032959846631215102510112356395545621374189213795258110694373423890     
     6620782564367761133595629865549485901628508038982869209465837300086240     
     6876499713940216527339004490910892666573264802995044677904155914424869     
     9459581111760363018654145420050365879523945019711441756319577603039138     
     2920184084564894710869020907567752322419451745153586210384479944725349     
     4697652927603773676301300801807417216001338340613046363371026324185513     
     4517111727210677462014666462309534462812206370050063921440227179778340     
     3410844756643651794058245943277440565453645073382971812919092051617651     
     8003273885944914710611037088110507090495331757597840261099019320072365     
     1761690854507000966985441719591220995045611099708376573250535772868839     
     1711272104550173108830384043578090043388014230022957799608668619286600     
     5861512839772094574360142207097984587127303326739389426797987713522218     
     1296458669747079951882769836375065174572164503039548682620666535275042     
     7883279317253408124283030478596380783019433556349429451902881093052686     
     6046894706758953258079461676417179766244547476227468027073249525016234     
     9674240096271855074653858524356279680969393143088563460917689485718892     
     3698319608242588636039223572077127504725080310440271803301125769164951     
     9524092643207750883008037029453771553268863802637478408663600822046252     
     6820301557904189202170423917746057099816398694637480938679656214377787     
     0727284053764367064397377361013466567474461140377930024772689590339369     
     7537229364684377967529847922451521693741467975233787480051072128809404     
     6727795661789036193661738659954366577198582817672315522511307202176560     
     2420825535441836230181268288610521334406446543187461308952534193695650     
     5914561591087113536683441287040863581468548808280239691249245151462319     
     1177181687317107078025227148344493901767468979892663675106755783480902     
     3222667390593623654661159311803591492190001928350668558787706241974648     
     0623557137346274638158496480266535577694494025740045430051229446965406     
     1792836152708120685488412823340922828202495267092055094631162117810386     
     8883486051998818558137371595958726427454831820275449942705679428246646     
     9303579491497930396081543353956003483540638666916991119270848620710194     
     7576749324727999431262084994126818994393381745062479495021367738164810     
     5979812225508831433124000927973467169496845854427545977804943577262326     
     6516760998265061974883989445240307630163603741242559974775366273748447     
     3512845170182975414474857772212785541099215433232482019027168387723537     
     3694472516388877260824064079631162039158429356889917519645461586313025     
     4086078137514215314846947505833082244736852783772628360111810064008291     
     7503203194139504373428377773340742260372800738437460935939302354106758     
     7050395976967594214037054745850289079630372191532862243097659516947193     
     3397761434054119693018306150327586702047648150761937530214615926672444     
     9125845688398945903389161439285230366109841903098445241759691449975462     
     7001072680503695139217395571179555170105732104818869023881771031748953     
     0358619264777544207556391588688925308829394043060724757994812830945759     
     9555974634530491681119522044025348462185272186253262432247979525705052     
     1001640873453468210177766552585197066359211780598211986170124671103548     
     6086534461550917373948332177590502816264693104385116623599352924429657     
     0037258981593168222578873744975936962486309442988504099411084668644408     
     6471065569728097158481142926689393812077322671678877843135815750587344     
     0926393750644515771913042994329438547129667569602876477878570041059808     
     4574553469300578778750705371782758087102667421231122896003761636422629     
     9725301074882311624000971456505846523582355948931827939916513730447861     
     0316345606186607165413543603152521788224857443209469765030090879025427     
     2625004097073878466743725488056380605428504810470597664278634092617424     
     3927901372285329334863377651637526851569069265587262922183010919022137     
     9392592897965694218690516481638369992796276914584903416296139630966147     
     4042382424191206398572604146522951301991103639171057403461816006436004     
     0800409776738492974854713013519378163238151260700754023487702069165878     
     1799402549006134361337103862436966773773539970849828804410044123441511     
     5514812511903162848735176873950530689910172935340776855887059481459891     
     1622534462528875272136081070415074595325577219595854787508853749307779     
     3686776112484463349307413162207658784785163592778975406934019561761555     
     1057859982666102756518121729801123588878602355355765398208313153602791     
     6209928581125160126158424785762798695582939472723791591528130682566799     
     6283648991080356447396762127870205484416708262116366416857811526570996     
     6274229518109388769288156149864029226733579268960581558681242077304127     
     1635628258824413592170519891934050193326520906022681546643707371854955     
     2149155856168590883268127819448558681093463352564249913711269663431797     
     4404873039122934854343521860330651597495647555324493473773587408790117     
     2583877530582096415609583606319546899922251596570209897569439133283966     
     5136922068168425733681315589429359826280076089955244572569864035858963     
     1779504657295453182524613879006480020813914694923063692044819245389022     
     6555531861177224131984463533305118479600360540156901699330455038471470     
     9845350822453622863818318177163318136437903539104577441475515827434598     
     7634581477265011356327441327539029778404966007393557979074637464556686     
     8418804770780120301923318941961858709688835537861417962488786625167487     
     2418053838454108064552514343013750326920866733616861071753358476381164     
     1602659887577647664264790134358502023810179782763375927851651074904740     
     0432908385309572949476444975596289368675996699076296388018232848329300     
     7916942012557984530681056991690516492068964410678042973922328171529530     
     3270755235968823615678878144545867725817006222029689537055199601343958     
     2315451253628981119444903304548171844038012025881469119771604049607432     
     3154010840693916534256533481484942315870596532828202713412797908606713     
     8617484116150304641960871794168474138623147074077452313728186955567573     
     5039883254966395391676762673088591682494707662059620939532217261780842     
     7227910566290480990815069440796638836453355993007709043384117625318758     
     9608679093353055271968975272427555092080132623095044846355134216204730     
     1958220144566855915515315707935927869854690970509437839498907383747609     
     7346404471846574843267177599430505703454465996496342964219544971918010     
     5597649341442734445714302140670995276226225323233316388481674445299050     
     7574883841404603952334756885703870657505382520418714162849437877543869     
     5205069951075556378477634074725844013919958136164879442960179430781746     
     3514887383319342469090163333543538622458354134251659752481375180642043     
     6487383522657212617345507982349236399083767780986189743575743279318007     
     9821987771320690863989959810991185307201330041159230080903065660536666     
     6366207611994737849218578545563789610323901091807580341301939889282172     
     3017683233374996199412006683536932425710576673650708631624443340642187     
     7278579382472877096708409055319030743555623448901203695861234343014526     
     5757718848283462244333446974288563589706510938008838954197765960319768     
     0449766012359192600994804398406523219692154563329806555409919784664932     
     6936149772506463008761033875917415193611747741225032607886455780737661     
     6039875020137372037276063080269747422632276034961359477787466758598418     
     1090906665103894327251121487320981825945280768616894240166295686448166     
     0237217708027292883818135754049555205685434381204414059191532328851508     
     0789082396714011254819927954251144154241415682072207245061099982837891     
     2096786267267338603767839717975482734623650630012232222835130042421870     
     2505966122098705790970962916823367829762696775164068120674114424677142     
     4793081621451869696972722171563507796862321972698846712648715755944254     
     9933921009425906266766225546775767607245439616363900562464615484689292     
     4316530823739114001045698834237698640768338890756687134720000000000000     
     0000000000000000000000000000000000000000000000000000000000000000000000     
     0000000000000000000000000000000000000000000000000000000000000000000000     
     0000000000000000000000000000000000000000000000000000000000000000000000     
     0000000000000000000000000000000000000000000000000000000000000000000000     
     0000000000000000000000000000000000000000000000000000000000000000000000     
     0000000000000000000000000000000000000000000000000000000000000000000000     
     0000000000000000000000000000000000000000000000000000000000000000000000     
     0000000000000000000000000000000000000000000000000000000000000000000000     
     0000000000000000000000000000000000000000000000000000000000000000000000     
     0000000000000000000000000000000000000000000000000000000000000000000000     
     0000000000000000000000000000000000000000000000000000000000000000000000     
     00000000000000000000000000000000000000000
