     7913464959366378117000174144195009979753594174027177439576300814309515     
     7391141575143747267731736442435039142994212349812291445272078953071606     
     0476617266200019422703495287969739326083627039565440163079497194342107     
     3483214154595507655924578340062677458003209720330969161527378908418081     
     0175363846628027928464024997184161612810993459283122021955872830566738     
     6895705491575780113408252405466580316913227655216293671887184775079170     
     2475497258110822797386320688728389269321407307775079411446547363742704     
     0557964978865094646592152632827468039261133857761061320148024296042943     
     8050955861301749280699008931790904824450167846719795939879778884665293     
     6112051240258364665766210403976690782453187268734451016428182162372278     
     8296872832456434094445291023386443914785411898995045749926290467449433     
     1546187596004025181836834615873047530490636292116345741964212347014561     
     8946543150729060642542694641512345825164831312438671025798041929805400     
     2836884627497994468245964622064109892987154964197821216167533407251779     
     3895670643932606978390122855640757029050729653229120258538057831778345     
     3304436939423214290245695838394040002916960802251897740647127259335628     
     7689943078580324107244150524611157271458325566426842991673924428434978     
     5678675885426255561544286679442229990395935285245990017010232106649242     
     7593503432156061234150163341127157698298805007490865757248383610851396     
     6644627544871222338697304132578606900591033204034188454824152193723914     
     3282830595022839203868415647062739029506931843558294685020145680536300     
     5549063018193932369342509812369935973888350015843192196832431328496651     
     4937711375834518356098234959959860958866868203204190480457095110332025     
     1857816445138204776178221503358291175981366479560213313547386281887010     
     4506696931686070877010506390670190859603514140655081813408581671256807     
     3306695611859662896679292943455273048117814312591556572502415322935648     
     7438164689772104815369076665895209379150795708674981147585353138516951     
     9566913306691590093534779457530659286359622798812266768089196871515491     
     2117693549041629069573435825574295951039890663573727570443631018449734     
     9757606710638253853760417587974805633204156299882757413911182363084746     
     4060922981941486210584583143216204477530251092785696352636489439997706     
     5685089810316971456363016593165213562456987646837227498213966543193047     
     3386184890949735624889984213960460820217829602611389203543910270548984     
     6881950153845025607881500897169271447542373727624819692726466519376915     
     0434922967346675320580712920313443625337315023378700877606102746025251     
     1814474573959878459634386681869343701082401885158733670962793436090316     
     4927085642248524607646231086289026710760607647869578189302533669178674     
     1162365660925284400915463930164595295236196051408187684303357428226378     
     9940016975342226287864212735898100940663585829381485218674493948045551     
     6846745156747322610180984589894230138104905309108206330250625359458649     
     3839851664360072315884632285837332313258369996761463915472051931420376     
     4264640587635603441206006016162642884487830690415548722770649499580223     
     1428948977529852966618004499863068045567285655182220153882109420766729     
     4925596322695539541492050001666651926186709197019505876704923725371402     
     5677487371723487536248624053009867243742016874938958378267262114361377     
     2290219772689449889226203453468535305763235527993023170221579828109392     
     2292140279862807311635232927029615626046229054062301339786834447317114     
     4004519418347631563533166125194352141448470402896636002275225651057367     
     5314279416533320951013829483391816675204757886056858896040606910470290     
     5303857739601415115130772348941008668805959929422358830848258258600907     
     3806082744869249499914305480793504461482544735910257702895381719339870     
     0169605787370487289092156373393208342371763079006165171423751857826556     
     3401860627342293652072362111043177642107142121500819044363201567545574     
     7483671565530950259525188332593134080031390847233118051324520460351899     
     9636319466917940892941462519612030905808599495589244730972203037504292     
     3174740164722738513880400708439180473822411825392438310606025827863496     
     8381382887398418640587173560307785764188867869172664053780295902968383     
     1211975606840913056662120721615748566158155838615273021337592388195843     
     6068349186434109696208092036993014183811449243379213985716421027885413     
     9906181567905286058753262531386704614896658404596241058014383006636285     
     5644963359945316001359516120706882284614482770880494322739794459238963     
     0616375207717920047779564449163439671195297025157996604292224713284620     
     0002531254247150061645849300843825874030380820111640286159712136660892     
     6819053959071606150152568359814123431273540425865794361636793513417204     
     5448967362980146064662641495901771421728165052334001871441839434882450     
     6787839947511213281940214037072261976430735118632270100988417924754119     
     8819113062193158887636170718770453833843954365991085787888964974781714     
     2822825386374413110084891370396729039851247773964920191464091891671275     
     1387265153671653935654553498151902421939181020324573781919887830406044     
     8650148740177201676954793481454847342637577384521213987598175411872025     
     1403069567469931832724284791667802711483485424603505051177415293935462     
     2414458491289595804299188384342962433681437417941302234780131434314433     
     6529775779611042148422231864123316020931425866008801642633547724747857     
     0430847929327641711452257103203094935769807420139916357800780444275587     
     7079636832465691058536868635543825271628225461310241131441603339443647     
     7729445770633316496779071090136522738790131595365789032119116153455672     
     2218311178483903223043175711910573733475028698722998868327173659918403     
     5793681015886883508295487036230595498880477655472408391622772060755015     
     8910495157544528238748832316411001066591140300082124761641907030875267     
     1275104801871275523725589235810198491471514143025923531622381537577332     
     0597268740289860655745059060918719943103457645650887061627598304968961     
     7254734253408202100811981274889444098716081889349689441458398959552945     
     8942533887313201601372803658200671776515008274930867200523742342299483     
     6673959560176071387644379505824179898061860696757528312201019738393324     
     0005025794171406676539310470969036603338025365322145664865456390401502     
     2357425459177963377005462123954438550499305433206401807888887730831662     
     8984053372759250983568326157134974649634460105686418762975858612083489     
     3008782466019036308964935157623357104804844680406769639424629575218871     
     7529847732110507537647300274693529256960208054562486185216595740970545     
     2446566190944742097620487190634797193970374371228463324719172746121276     
     2479099384158349650706557935345873324800199417300407997614263034603422     
     8018524183126022959194492672647232493032038724499338961682246580807702     
     7602933618507603379779491152692530225909610860178735271841536082189918     
     9197013919313004780148227831024189818653989989353468438157050606393254     
     6382392017654770514294668258636492449437078981477414657491069305301940     
     7846436579641286085036866061779326065879267729349777858023570399349714     
     9737620466026536522744004199827233558316454461483625783038639613725205     
     4346094608071212523970382451208139844208727393000363236241675657810081     
     8430818482042281137552322141159729263686931371673254964590045559200152     
     7078645259799614120490780892624361931617875672812359069886570030410382     
     2910809177624955260680087956668592518736644792596839856024572746856168     
     0230306435888819315328215317604237072981131718169056222756590047410101     
     5014448110870439418879979582288923757034661388815808081299677502019181     
     2338395544228694569149629609256224096471272299557726144706437567711432     
     2407679085885077222080401183148734079362868778764976171949095205939456     
     5917233330857537181463552385610738061211211037131959720976594997580725     
     0109468494352376051681730196217170236132432798861033070946241744783192     
     1436458063267341984282578954582656498329717637078758015314641489099675     
     7929206142953831905236527120460061296160033028166000125699132470017832     
     7477995730537951978716086378054909773324554396138462275347869812647148     
     0692104014976828299514797244412028619116086081823697340312667980908727     
     4140104448018404455852629611362479394293714613099349055680586087925316     
     4744572604027395614596845612996459673306840228909073101813405859740008     
     6795477068031017620528750192999853662056717204992191728511334981475316     
     6363513789976566861439564382705032046859501431196468122266882455642241     
     4141516348771005491026767280828474147570316948867553723562485343839500     
     3004039502200243251415518878093797560412871282988104031201623288980543     
     0879362028633094649457155982943626761148636724428442652506638787297525     
     4770132257702557950090564310543947773672717471720851761850185173294288     
     2713760769881048808845772706937210548548944602815652947704064793360177     
     2640705520217474794295446690377984351748603854284099535727711177465579     
     0831259512918263060031459231280068314673661803287250458489999048096472     
     9946093048312125419086237598158016177460740374408199590235998149036662     
     0172042305880319804208203938143986656917546276725788122668414278390709     
     0651646990822745003638744039987179735605664644664329957285198671214246     
     6051735125678159152775179009641149013571128764429260533208383513936371     
     3736758117751961241427325006670374857894262079478225591612786134793338     
     2782867827650796981333548082692083287410661311033138422500427364059648     
     1899118452547651449751073446936511091274999770067404216178965595374577     
     2419691226732858315199789330249856595338720182662533449783339910203707     
     3257911104366418105506109820418681163337161837349189881398379399454761     
     7938324164060825441871811834214679650961013492385437790917945944278084     
     4905122386318610555730833567783128303977166716104353817543866114174257     
     8082743134412765068272191845107686537199577067469964342852890859160874     
     6108401610726654046756273524161697079941886744559344273299426610786631     
     2345642926372443954721164563035419112339611504624036663354624815743557     
     1231171484204137414919965893685357910383572623809667443769798527379526     
     9388537402195687754814902621112231669448524280621156444642089925056684     
     1841453674211303905800320610283898773230113986611910980431543733842910     
     9153705537314726427452134312372949791388905498025878098582219106869970     
     5448655659879176042460322143317665264375514226967381772427427475267688     
     7379555762180596601653785449758623316300882903190413596118035178308505     
     1147932788875207494353644187967993542819195853395169285902074033467929     
     9934723538296228872964607261228771369758323664716993341952845286646026     
     2488886775213223778712080819088796650674665062974402158942144706271239     
     3146632608708869841582318079085168555297191602786159528779880080571137     
     6592939988466808175086951986636701033238208015641037469275118695942752     
     2721677489113040499215683108468759798512686283567235346313361374714371     
     8723838183943892862296882158164684989548361444433664407334338047178501     
     8960013257987273515365131850290915804801069504085027407839521259260125     
     2080013644137287040506939316454220809409902018495959371367202335962112     
     2759335259808833856408284350163079500350871526262399734933301959985452     
     1799147738606215206097985604443747335016830409205482683062222856474549     
     7297919049469523210110619123293567606735703837105817782036652172281744     
     5195140612188909917102084511608475581240009437403820985227108011252975     
     4351621533617802773261087466524989829006167616358443545751418980096119     
     4184105994672282622207851191014530790879071109747400563921022166658123     
     9739048701723737869296785402710129725923918124335930154947612708519527     
     5765529284220414623628600821904109388001624548935491798121102726987306     
     1197663694583740849968421393100410055555736127218223194548427539121854     
     3646796467794456216326644995414912975810632593348500232108698777370339     
     7340628033962377580593340416533209904536899118115056948354496702812360     
     6905780980251038772757903788600791849398454675628574510701590499251200     
     3848802368136774539512580758678217037115366209853895190327275614971388     
     7300653103818822030620543612137533789649941750333863204632396557908850     
     8952453072033616471076272298015921659562669512425463366422914541221510     
     5790092918487874323155848537656123687491214542224595470372524470020796     
     9157606278944484314573199372148721601001456787887446430207135273802738     
     6178545375831097193923664408467682322646511785091582893076206773605743     
     4072597993358092529831988186604679661750850872233763628145513080816247     
     3623702657184055048655631198089034581924055404425400499107312795916600     
     5036897292541455732152059560580543422918575057495420860170333764444056     
     6847621509976243401198311813457247549493685841768442715826327757091369     
     1209418812506661221801845169819727548338450427340269045550604184940603     
     5891005000415257687845522341407421474332160657642520014777715562501245     
     2894819824868293204734193064199622511206514610596959286253632426608140     
     7531707740864462910276498532063790357500558723643132875029321642777387     
     3089514341211153553024517946242119943199224428889191841918184262269827     
     7968597360071232191331056615267014402797617794129711597371119623049819     
     2506889521038064849947096306036132402142087127913375060324844605888785     
     4817881245628012483246168738284529977853517002593366134293675154029645     
     1813490070604292338585055803864463722501416701051975143315395145723750     
     6633854192257681211851745159720668437462283878250647277282099038999548     
     7312892222815157087700238667005998449425019244548420610304775763706640     
     3490212280835774912192839148873769835877838172023535135199388884970525     
     1961617969772502570309548845048625441501696370954027828712624160988337     
     6226011511525567805123660950761657737631648032082312389404260321332840     
     7945245824812263941704963850606384843899376280041671454183447591952949     
     3903984433141256201798108994422710341726329773211441433536430409990557     
     0623225225906979659967652908039917322946573406499572904219043912150642     
     8537782427344167569081171686349657567670769884568158311467911256986643     
     0700422602988546225572184054686007807665241021413914111297310221481805     
     2054750933552298701839252020121784313381374825126236656948169817453352     
     2403788881460890845070186112874741903467770622302163747191568063739076     
     2950597174076316586927623767055881103503144696182427761524842599516868     
     2534531612323714390174841552657650206557592188817392537458060652985436     
     0730619227369818697318973589746766579648917645768425084368153172553168     
     5647129796634483822240867824938330050173224339239771646208437775697822     
     3581086641075533901069010964151701784138317506094861314496874039010388     
     4766867740264973977194427299054564517449266775660896698948543691834131     
     0583660452020999475891246036775722485068039020556874997098787369535109     
     1338145713392415991305302469643817590671812209032456801062472753572606     
     7677835061384861407359591842529240299377176420165248614400000000000000     
     0000000000000000000000000000000000000000000000000000000000000000000000     
     0000000000000000000000000000000000000000000000000000000000000000000000     
     0000000000000000000000000000000000000000000000000000000000000000000000     
     0000000000000000000000000000000000000000000000000000000000000000000000     
     0000000000000000000000000000000000000000000000000000000000000000000000     
     0000000000000000000000000000000000000000000000000000000000000000000000     
     0000000000000000000000000000000000000000000000000000000000000000000000     
     0000000000000000000000000000000000000000000000000000000000000000000000     
     0000000000000000000000000000000000000000000000000000000000000000000000     
     0000000000000000000000000000000000000000000000000000000000000000000000     
     0000000000000000000000000000000000000000000000000000000000000000000000     
     0000000000000000000000000000000000000000000000000000000000000000000000     
     0000000000000000000000000000000000000000000000000000000000000000000000     
     0000000000000000000000000000000000000000000000000000000000000000000000     
     0000000000000000000000000000000000000000000000000000000000000000000000     
     0000000000000000000000000000000000000000000000000000000000000000000000     
     000000000000000000000000000000000000000000000000
