     2606763647540259872332399374512154928528018154168018833924853274398418     
     4511836609947849545958592649378694733888115440551997601295415312409315     
     5170593458919663772793401240814197905480870045057705501325009409498100     
     4921815366080948732191064050660924809072703785936287215381171156474577     
     6521737012605483509442596128985169028221172316604408031057652727014235     
     8466097226253413605828458497180795565063701396830050389936580602794698     
     2194292238476406064124013182372505001059707127218564921148694196832295     
     5220474103847819002331126098881902736170964524452678004731668076471711     
     6421662156179907314503056141639118648125163706605021470914878159177794     
     1882738550014525283506740584158222212802360697132746398591961797550170     
     2360491818712406765143118880940165839165437204638834363012090462533364     
     6188576183716065311952019422683223826747125592008823061427951621750936     
     8438525179544911744069635995832190280678195541150018013270499979385879     
     9372254410691477066404855352450311335711302682898810720246967695619908     
     4723300843356756769607982096855237418666256432349105716849625945918110     
     3991328127039624063428479739535774799438782201391144281386057857952587     
     4982841548098915310761878866769666244241363602295718844975487151915443     
     8695935107358523238768290650541494838238651268428851270963878069376782     
     1201103725654183982814910778972294893159889833613572982695545693318695     
     1783554851149103812795282901593832377076635322175956690509286313625525     
     9702381812446743834902809973447918988282052852566589701858547475022224     
     1300148375749363552564392499871646029150751385640184231406982817395814     
     3377339785455515436957431945186897749757997014815199972550706075841535     
     6267064248161236180684626426469286088752639646953784314046488294042476     
     3683614673360971557249452948044766976541524337755412875908728625227503     
     4569426580427451701254603565069624384670131244230861444602018467774666     
     8234607955557139391418089790081552262775124733408569566863322527950888     
     3182268319516557592014855615605037614784513293141005768602467825797484     
     9457791888357289969337054816112351874768647331626944451703172781037537     
     8296334461910036674221439814771908767054654356181357723250505632790164     
     0934693442809812444763779734032001178683396917078576015607685214174283     
     5410933946469071005100837319042260396309678496755209951695350447548630     
     1290096139815496042720676210448920220598141519607306954501911637344566     
     6625516082165905343191690562572968240863235694396720567062472725225950     
     2649947856726827710433264720911367206821179517302260180504494380201455     
     0308940416890801575121229731473073483863323476016099433071113474540205     
     9969205876853471712826577474196410736839759042933767671436293050640218     
     7836562033187872496004383449069997304512618820850365655691808790892529     
     2867929213702944240227695074702231236918142192728415561790880074792224     
     3510116253787175796292045985699151198689076486619094597863765001093434     
     7337288791203928949732746709106112900111815629989838233490276165927983     
     4505018489550917877179302998881022958354583387274903660577282594507230     
     5035692527942845583215391142681490402898479017177713805029036707467469     
     5625716335845832859220781353078375721528976640895333206172672841902885     
     2820936227892869683959932585518750009990331532708477013038367185907499     
     4078478513267147972572578583232886313190897349213399459210197424746314     
     5286873473033391896065614226995579384798966089483737651813552603057152     
     5591503576156874080178510255753418951895097333253728484153101313155395     
     6872080278141835841251972374846118458245483638058482303017506062924520     
     9659180940445884650180792291342458405373214946059638563483185082610454     
     2668955219914762253360092599293454841429539906397461937052431555885735     
     5540653970802034047389756408643523055652200986124304459450975612634482     
     4678539847967197301580765598049836949823494381641269576926867470580631     
     2422331707769684528549238112522251195700374769518473314636414884306493     
     5047246149863958236384652262136905289395073705280018807550293185870908     
     5767640579925594665331647031752734126150666747780232184413412567525432     
     6106504479380555713165080758487435936902727203835249954386280777098457     
     2231232550187745640247813697082805871423457163547669577349779852977440     
     9620078505648111112337863032289300499359934285017624923684696551002901     
     5832851978822874398913942051011818545927863393608337094321321490754808     
     9690047905620603991256804274664488057103724264610828249415912124713058     
     4241088560045435136739320130336477930328460134962166449994128447772560     
     1868580194260882524704261930653953923210788108729855132022698057979682     
     2547350717939979057039922151556142083271832723862647272462061059296516     
     1631666910932919064090822285414191609818419186386610171318562750567995     
     1426113750596871422545513972356391689959332660318175726857240561358043     
     8668343917563224746267858559112946105920307905226250063295017980267740     
     4156489038351263125305934324255453424066630168932059608066722398257918     
     0476798429728506535799573684880157648558539051740503747350417197110793     
     0212077767031323264047859219790034627357295898694917697109251521639998     
     5255882649996452459796660925713116625398684217104408902308164604031358     
     3334078365828402476532201577673151169238651742171389428630533160614120     
     5487887082639738383356958288322240279020987921005273992051946866286803     
     0354703007983335810720582392330034768956027516203843958697353129209098     
     3662659292210230586470138150024811829682083001386240547637349901299794     
     9577293567312785062196946025623746032380801190642267972194706743111488     
     6507042306348881016308048838981365590435767200064410556293468371136453     
     0839095764199117777110563969468654344896107813625874752751195006969201     
     4497634754789567908394738004082446397182059254341221928243145312928101     
     4823672751710216082811980311915268533713974540211857337501315408161224     
     8792830417203455542960970175601341004746145194780936677015322244421490     
     4024741063482598838087046180314258272343663599814901198596613728770479     
     1328664633110108641536888577712409697079664849486364604728517094092943     
     3923490634028904013305349288229209920570050737349292504958450695954934     
     1370589157770449633578404777138088257820704903013362401057820781477591     
     2984589584487087960159072891676951138131065440330832976468473159669432     
     6120026070339488466341888377101880942554713068145146711136964827030744     
     4201271080777020747996643279459743367547899546174818316776954197895038     
     2961718520627519579606578959377739872538831140753031678733257883899658     
     9364303202244649835217641707031281269059198666254911975481438185788075     
     9907861842827428617836044314728341988894748926488255052818885461930332     
     7148216189804656844102587205096670584053367425060074809414984392671035     
     2236508029586559558761488781868878062014224502025209038799913911671689     
     1092773834214680796791140697599147682922047488584176531504334445890592     
     6472704222123623430360840086958113445939615084917927111591409580579917     
     6328951667048098040526696083036670255717484392123757565376477581640200     
     7514801208029403054864789417335455281974287272517980796189283775662657     
     2511507808549579977191200161222361623457426691431728373541410104566284     
     8205026211121779567548966044612320578549026365975973762219465921186201     
     7418526267670236377715151060703345227538648738317335510964759881591954     
     2313391094606220641058547822407360735048281090058545651848376055140263     
     9379632337469840066724483669531126650512075862192607141215541665802640     
     4430108470461861541782192693886600046138437593783329931382311997671865     
     6856548495473287576862756558922597889495223862933069275074539093655056     
     2819078202894677808278899881592135192284695101992456846446637206661922     
     4172811919406533641743539948344247414657406484498390855743136437619708     
     2674074790508549830413945370503588454347120744483413257521401003653688     
     8465469651255553806485315068427397260498212129391671252327157800941625     
     9047341855204348829352427755527783651665825996925864394610388647410897     
     8678629550203211944105064177033622125036645293572597776047167041246177     
     6653343362158042807587235741489421105602802536582254456852840028274788     
     7580081001903692097040772933488244033359875284673875170124727859404731     
     6374352928497396435249277581738593688414118469771873860032995102338181     
     1382804846897095814967962376061949402652284927929393450888851420422222     
     0620359121233480472314642232809087612748589461723008233449739594452955     
     3845179601730145323635651112336011740831146511287381550964717525040333     
     8820981345757959443713887580301358069427992038816371751735019716924901     
     3944754589162470141419074061005005449107507238694427485865006747033853     
     1898914057640739802259163723498158550262154322075857423803244968900799     
     6854138898090671469262397021209078330323306615918643012041418678363093     
     6490907869270997065252369121888547462517552239147632378837143439419392     
     5280415862095631340494619557096458383562939634336096302020924541333675     
     9575533320710471462469218730665338142421895005533238873103026129616211     
     4729412503647855338021002353212076281455390859759876050363164902100258     
     7109578155860793318087453293741537097963407434618335045130927243849678     
     1629038181516228814871108580969284983307915551277751591781317400650374     
     9928065125416780807625813896546735019238545095955824228853051523782289     
     4546508708900769314368688932878502262237872812239405510483561441310075     
     8497868211944968277850866768523016978948487714968598197347064283099871     
     5890229370999347962199631189794867940102400036328177229971324310965510     
     9662598213081277711394930506472414440205098312051052814269923095426024     
     4826345546226268840645935971122986763340074721351822444820031662117528     
     8394385884096141906916926692270441702483729465348440098528589073364323     
     5889355917010289064089011684178234375972504088045188095646433801210093     
     9137607102374244624744428162070244199918810887160919462297457760635654     
     1101949600337462929355392492685526559077278956376413762574343552026284     
     6403919953595985390359178227184725393928846296027652649918994124607694     
     0882205014933669097271428938712280777233394619295067575662234596226701     
     5359516459874051257386404263570566248987900307714683535180587339964821     
     9337548297981916394710794918886051679861074584836792647094787450508123     
     2708031328829873956776978520251086097518242765470347827638742329040785     
     2614404843290166539157977455102653718349287556761105711286591991813162     
     3450980889438096645796926227887431086948819436668427445065749791604614     
     8286296024483797752955377663692064670127198701310144734342074727009372     
     3885626441477988032570232732684340439810833680997115909569001511618953     
     6500260422870048341488771015789014025867834681242722393346617532242624     
     7876681753403442915838325692568068145237606182943733690091815934833349     
     2090241090274908410642768692481925388003660722868318960707107202632266     
     6833130903164838348777130472274722039655762427601351853072207436447337     
     2059950624443142059356345765903969656365630376269422313498003468349669     
     7184876743430776153318001816363352395080674697576852932353839458358777     
     3595440379239068512980816787242771313562414691219846828581602799870295     
     2565439986521192600832751213097268851001596306787140166132237226628046     
     4501756173366159483583029605115511116898542777378274651820551025903251     
     5937211402339117235544458856568347076523248222230590464896509458792975     
     9360443057107488891379112333826423613515754747160035742130053419826871     
     4697792609597051959606795360690140497244305716957509998953025445625460     
     7310008316024204000723714571238476580365685256714453668834301226553803     
     0729052855386076030472506518104315858719810223336134099200634967916360     
     8763360527706932102448119644062533877161887371702933812879889698574636     
     8225887663986192567108247271056823135062298609479106795924518044402293     
     8081330156145296828217888689703120685394913309478269793293723238400000     
     0000000000000000000000000000000000000000000000000000000000000000000000     
     0000000000000000000000000000000000000000000000000000000000000000000000     
     0000000000000000000000000000000000000000000000000000000000000000000000     
     0000000000000000000000000000000000000000000000000000000000000000000000     
     0000000000000000000000000000000000000000000000000000000000000000000000     
     0000000000000000000000000000000000000000000000000000000000000000000000     
     0000000000000000000000000000000000000000000000000000000000000000000000     
     0000000000000000000000000000000000000000000000000000000000000000000000     
     0000000000000000000000000000000000000000000000000000000000000000000000     
     0000000000000000000000000000000000000000000000000000000000000000000000     
     0000000000000000000000000000000000000000000000000000000000000000000000     
     0000000000000000000000000000000000000000000000000000000000000000000000     
     0000000000000000000000000000000000000000000000000000000000000000000000     
     000000000000000000000000000000000000000000000000000000000
