     7720860314023171084940405102455293742375865871294224246668512614339246     
     8440218283433875220691322364347112409221627487550973564410660893629102     
     2312366522847274205061455682325212573743335936614235992661379484701698     
     5531364180189344549684209040752548072613312553165664109361753653316209     
     7501248951069248924134192057855896404199817642985058813472555215973164     
     3947651001029900263166565858914910387045164445332106441333246163992436     
     8767113202839602440265170809257336229305905491477716954305325576957891     
     6873670194085273247159269542455632170298290969085057757510841598611658     
     3286701235131890257115894883653999036439941933364552211250089316573694     
     7469058580707444830143821178484478635050441385989618758510296159723280     
     0439744965102251014556857640334539374461181385294011306134570547142281     
     4967537091679825622186436988721665435718758615729444040045742596146183     
     3914102745337935506863353472603377181470106810693768785144940952239562     
     2307022017134192037383822479335819940670188659573654275574548978075005     
     0730242324776945420236259160994584491572716366152450623885622483310809     
     7845660683070772387006609580805428930913558552871338650564148738882724     
     8742494662325672176584731149386513848794721049105020416222311041046142     
     7234357362142491840275392735731140574723962313704871047738707423518240     
     6517526897638144722448470445240395424349568407192780140943769793308621     
     6763695649609243978515451710074951986978577075112979528103900600469202     
     3269957536756770650492104342087757789139374349121199060729495641000189     
     0811405287701504321691057799563288233598691931953441954269660506700335     
     4578787661751988624354208920169870444327060445353243891256260519441434     
     3870818330753375413274009862955870328089250307548243253052125535918289     
     8013959447683891394559220849408322537234625309777165366486422725750206     
     9012716389140685825890421295540272393156704688340478960464131652500846     
     5846598593906172068897716838927770544313193249307980728131944510683184     
     3470305435331130503376268673318493073430687180822089481217259223222224     
     8319982699507909017094688299626104295694496738177380499329592388689962     
     1902461600805599056459169188460731077700961458728799285944000833937839     
     3284830220772010118935568985776833176702920340221081282958394952932263     
     6003835473484375790108160710839968820755636125911601953473035575287565     
     2210041990440175080980615491765841370520939054848104515840583800155150     
     5603550271966769885560400946215356763821486059894399537019366701882283     
     4592324439067151373196206719841246830159969737184469901847806964613845     
     4546074867779473469289485771096123162073266267020077715377617347799747     
     4734985644289329533808463273016281297323213652853952910828966459579036     
     3300461509925518192753924346261826802901468692606180250199147696130797     
     9677436583693619266201141088772682813852305425243019975407878599821688     
     2845359763818899801640945981022636495945027846572945969815899707673372     
     2496734946333330831462085638470574290812397601251419179686368227464707     
     5181570977570711427026142026898280865923927620912408493942087163315399     
     9182657800302329747346629125004194509302030080492728783953189986574661     
     5747069823510995465908017551637528483924800581470464006074338376113529     
     1074814129325151916143485278603260875982124042258071669316467127298661     
     7826371456321242771047229001770163964311765601154430388556960934543878     
     6129580273976851675000262218636684025473148749166297013629209104653807     
     7617189536545072878670974082469345780768256597369400388777463538731157     
     6204666918301468470552900637917833686748433271057336269870708966936625     
     0162672109621846455455787558215925921155985188820534408814911710033562     
     0889532417125549254073659836619004792636186022876176473904673738514143     
     7097104771466531051099800076220250575047111080560318761784571452136290     
     5114043559780605345672297533677900262646492593155491892356069519480321     
     7365649964156070001523275688150313371689711195629203279188895845649677     
     1165135883066301048561676679170892755188027952011384072523462405022444     
     9882692935097845124444364845807427542673429551208943686015330058269959     
     9188280999899412049025772013011651968844610700166136830379051129621253     
     6367791215261513607476524462283220086701593527846759268101633010116806     
     8256463028136086432997089192160720966953598787420288143908476593768550     
     8931690522794865556928982634053394155734973372967113168830625562148927     
     8129933044740844411308063789424263138609446632224998392943546048777599     
     9283447210143091095591692095205125127884237920381008634809809191045302     
     7997170512194998106548226043133380166747711372193052781161831035527016     
     8026012159623793304449973479864060167722032555246432841866557233555917     
     5786705271620402592759903109904732596833476482976264718129053731863311     
     7471707945376650832331390811067275811488997586230711737759784059978811     
     1246570241717538079687907673353773032562424867863189170926638720353201     
     0437582741580352646951580596157449692340865864937159577244292550266424     
     3996872678028552752936292441646923844893400231457182732355328637848959     
     5890599345117145282143972549132085842321519329462191474804536636295607     
     4602818705432016417641496280179513932518435411438677820242489915175173     
     6127538811997798879324666375704384683417775181220113142306610686749519     
     0772204306422375258688683200289230684389206573511932340100417076342032     
     7049680166401205475080564801056402315202598282384225822106854202651564     
     1269312359406230673691264655751294697319491907711022049441360316319746     
     0635143603955029299940234190237880315059136094132812694283303192030126     
     8449210410198711836351541748091063794822316515413805633252297019162950     
     8725276436658603755714323641564262243555549159260190067374217432619259     
     6125673816108238103155304269562062738062449945894435448416992997227391     
     3017581144309369053271995760728525958918763273255213597760439158898293     
     3899900313693036887036615119877010288416368654774898148158317323102232     
     8970853709042119568330147416432482625615794338468032441190729780708444     
     8038381536190472350019945036462232212016672382771822256634231783594706     
     4916955012482652622989469190263331108090448079564496836337058333734023     
     7429642932426065297487120062970146892333906297230033099092291651742939     
     4036833572951664010413958907216962464350556397839272590591868418164748     
     4194066666686243462155446261003266453218781250128979735489824671913806     
     5729703293782303573473803722222136895977022524490012898206721520192534     
     0439290172719946696062721992464024746677933172592222698826999403456233     
     9757905788402651973349045312930450543412830198859342687887354442752682     
     2300031469307192975661046910974891818853208794375167844758660903655395     
     7344887824341537046525606766918286564966052012987581254804592633609974     
     1154837606920954046693306707686895333890279329222704526734161118705082     
     1011248541560578352937801274181479820793053964328215906897789854814016     
     1252851878316620727785869777798801134047809201233178490898352678659951     
     7423153300996243107142922221346049940533910932434365298137775181728547     
     8903087937471831536359315216967130849500695569315566277659681571029345     
     9909748582697979104172057441324149082147846626739986706529559018415785     
     7493665188797045824181872027964063599829559918985546344807660024977682     
     6743585457218842520487947349172808990417591824519699772411169661182712     
     5091559614066566873168109012380618690644488191308300091877265132315589     
     0221233213915221402141161395958323283166681206712563058411713564371338     
     0295544412446153014710923589270532898533725176650012193437375130821272     
     2265238989913465311646631283766114347218330682121209559267332623588322     
     8349721512733527884630751920380991956257371340212240813303427887441804     
     3774079537297855249761136791706618599494663818113653887109762361905960     
     8849273107157269779818876330558412111662324501561921033648691002159021     
     6278725907758118416706150169366552143207132312721986933186569694268209     
     7238404955159572932569309398964648810369094245563137710137352620015037     
     4309430567784541908052005487408024329957923542830948024730351784720191     
     8210783671497321346337710989611267037853780348632660957297642842444580     
     7011580493971573829633351124130112043326074105450583709403304021209527     
     6775209398179034817739591133062053679295520260396460293962973014215746     
     9341798324325654754488522106900985598360442637021719614423807117236068     
     9591820748371760205395467239176576123179362391836943908357629039947835     
     0392338291806391744246308950988135916696706863559180611546406998512199     
     7766509520021080062928384781200385636575097162305042159288564321354306     
     8052727257622007401034350810628474871777558286148823523418058091446878     
     9021280562916574119974670967673869560352416601737089848667012044768130     
     6440017339914409333922475308740030863563491456133144664801238276639609     
     3306690653027886251523266123124127815086675209357869188867654650438262     
     6447115011232458385262645497501102938899852880941305972851619756145618     
     4552392297234014034962338643765602012060425279277177696044884398947495     
     8831328649422516667821138004388631707473464861793029695835380099367796     
     7455866768202700100047939802808969666274376768594657045397163430114040     
     3140236511426811150066563454501038076012791869087861376933929100437112     
     5171123820905691275773154627227645105046151806287169249926739637796672     
     6280885310885497005080834872012823448298311085069362249719887653177199     
     3696336749849972955579842137704904572792870793853234158207611692607093     
     8535665981811087053192941854536636056000647937407496206926644219178238     
     7684695018606354532684663493138083238694415965716041580592795369185902     
     8652687876753611823284535038700864141502000584888245054915030112022747     
     4553419963918886535776507986605704909703225380984069512864304767912563     
     9129248851597125726575548613518201979530287058019333439079120040957044     
     5413947531314965243059484474503511148789109745033810315728107443019098     
     9676580032224553561260338982975788373267622515140282547730665439334550     
     9666644609942726835384851642224738590281583701462152498726613803522964     
     0388963931164299117460488915888262290470908162708177648283440210559520     
     1696936086790362409424169455266068194446838291663256477894011498116429     
     9568429957911005753092411448007805672214343719995293801302491786801598     
     5776982410234226519675656364809647739522221705473525202407567788424702     
     1905134710330555587655574124963895281839158474042823087518973771333911     
     3757902796952092508648973381109337064073408698822662242023008344035055     
     0284820942918132514132582124493164407350179647514799265790060399043154     
     3713029053870063114341454288472541772466900807870067792871279991773135     
     2484426405072549996233718965288033878733691761302181928222954174098787     
     6460002601255240456360298917134728042524710258646931678290184023751898     
     3588570785944646985031829599497201253202394695688207809704527921192779     
     8014754582820908142009678589489431873744816901735884707401487608203693     
     7658512611830028298329885793274045670192362120334901629418140620403618     
     3741747348412313801386654363306192913298229324779009347359167405189379     
     0346159236291435627488453808676674500079441147274414171996173889276154     
     1228773296167617023508668122560214315745478483967412892731702263994412     
     9579338468399275054832025600000000000000000000000000000000000000000000     
     0000000000000000000000000000000000000000000000000000000000000000000000     
     0000000000000000000000000000000000000000000000000000000000000000000000     
     0000000000000000000000000000000000000000000000000000000000000000000000     
     0000000000000000000000000000000000000000000000000000000000000000000000     
     0000000000000000000000000000000000000000000000000000000000000000000000     
     0000000000000000000000000000000000000000000000000000000000000000000000     
     0000000000000000000000000000000000000000000000000000000000000000000000     
     0000000000000000000000000000000000000000000000000000000000000000000000     
     0000000000000000000000000000000000000000000000000000000000000000000000     
     0000000000000000000000000000000000000000000000000000000000000000000000     
     0000000000000000000000000000000000000000000000000000000000000000000000     
     0000000000000000000000000000000000000000000000000000000000000000000000     
     000000000000000000000000000000000000000000
