     5243475152206014926969675800911136649459400614928397155111851870436106     
     4639661011262327769680210270052405196789850366740433480742081853431690     
     1388148392470963123930985086016631713866229622014494946516942322944471     
     6551180194140458211146455209403301741594315274628818046569797248271476     
     6701591182776216378597637016012582764527433363037287892386862534832329     
     8694936301450569762799250897785681292238967239437262086530321423240345     
     3657278964252632180667035053648030638636896523579293809405261904306227     
     9200034461909662659644715276464208734165308376421949092803856758485655     
     0020217780997664238677103676865469298247586860121821517119957871804516     
     2994798914601220581611374447006470841421997719616463149996400800095185     
     0939258339564511891910398060268276013762043871926479512145831371595571     
     1109174090568326678073161923585339583940706797722718200218681916549166     
     2030117562683576881402053984937707618795744559680849681612950415850274     
     7535865973794881108960340739390678450182138952905327009033144549204182     
     9441907264489083753156161033454360879956530454355992240495286125675357     
     9503079284498289705458050605703999382991568576792762933253394034748761     
     6012667168803197548947801977835216402520738480065118183279127637818623     
     6869056105866643833298973869390131107897430705176786518855877253049045     
     0861040230477215322371110525931612104949632186514428215781804712087921     
     6941256603813678497183544129044509039398293708587786560053731032875058     
     1581640510634512980701247618152309583580121434257733599131325229925243     
     9480523385933149238435808956307977617314555141276309421420577526101347     
     0862322014291092347097789939426389853465446167342852384678371012511930     
     6194866474962302611959536694564791029571658885569527803458469994798709     
     4928787147299073761633405590121776874933953236392013842438873988166697     
     0285291169557663861002810994628287424621939375705886304878648618320794     
     1769403034711925715377895752756111909615557238739172206215040667425568     
     1064554240091537539072000000000000000000000000000000000000000000000000     
     0000000000000000000000000000000000000000000000000000000000000000000000     
     0000000000000000000000000000000000000000000000000000000000000000000000     
     00000000000000000000000
