     4919303276073022982022457697046823514129074914192870501634868539775430     
     2654543020142363662435077160562959623184476549718576705246288520550718     
     6316272576653032125709234973580269214723428381207281881668300099869167     
     2629443254167900187304437523717575632477716397140712503198589183338232     
     0818838230205003700024522200763298997213985016670390534737577643241088     
     9190894263300023629091549661414917253495191184980358088398506380898073     
     3234593189979298128547889026469108985307321320956425637764573913998755     
     5976007624523481826130244398388417965910054392341337023280775864411651     
     5203786473245101358734373685412568178443551981445982453742988171822572     
     4451004210731115955054737916531890983842039285900194428706686823654017     
     9648335586633920324936355234191986299306461117200130781030640069033838     
     3862578104988746925703904323253240001310352334941857690662523715708483     
     0393578169327850798288680254469837186776935603765414674309630820038462     
     9691040679156987411869410216867283865230179831357186804515551568850614     
     8177667717177300874509891216197046390253360371928990555170757945044859     
     1657239616052633722931407313814607267529399855699468450826878850943192     
     7034212137588281674851029369911307717004994888427350192273379782134661     
     5318611182828052277887745684093331104280864724534274311474026142220543     
     7635008828908921441693629921302274370146065086592477854099667123702875     
     3242333118676093955307256555824180320576321398246618388225886714339668     
     1461961925642712971855728220948489049887586165900422641692114468696344     
     5619809378822609779691203082694503656443803072040619936935271562034896     
     6452498091584252549626617588489421601471670033802334142628141416795421     
     1843109676804109536357261858346137488157105723619035573517735044712866     
     1552619484876918769613606077449841357740375630633302901350837685342752     
     9056674125826984517993068147869269440864649166167627673819882773270396     
     4461472744247020099903593335483310953145448797193328021791327750124559     
     0562288995763364952158633000637861001400356752135113167168119847282615     
     6763184149833195434561328823510036194836420629019354795236867371712533     
     8197004494734175746549043626894829052573339359162189391529913839051679     
     5826687550489838979198263926450382371449931932038712086812353131296004     
     1780032839384274677314870459187171588779410535825523637236796549054880     
     7550977817570695359573817388276302838569967884460434985782095979469525     
     1067059424226203708726685869295318794458220784533378326560458035867930     
     9406070572269094848820753925794758386120642650246195638692972532693612     
     4792083527295101292163387963662561349864889577281649004706101531847338     
     4262608905589172066868763960273802422059887626500840193245815323995064     
     8871106785442149347713348523801875282980429938877025367368445762621216     
     6160225584492630885681233833642839369772088057363926321924285588081725     
     0706715350373421418404604937911379829164358483883231897428681918109502     
     9520299233530325027766914666057531642515005779801791732642661527897490     
     5677067331327255535658481555267005135313709215052917466103850523918428     
     3573480610828194345521561954817089338893847892379637511977701469316185     
     8554435615980733010424912142310555642942377050822652546213057879601774     
     0116641136348246201086228946727158905274692942541694316383578502654578     
     4234364990372597596051478755818532954694919231454245883358106679448503     
     2482530061715536228587759742324227544388601742153586310332800292156011     
     1142742629120131895696876385872778301702192572196587833063857715006188     
     2773266366673194038478458290493109848555137468643669288471857163015996     
     3834217917288023691640226305624750995887300830338275212598357637748479     
     8364131048951880247032994472117968458022903990195861753220508994289005     
     1403339413952058293880272964257941645987917495579085039076697252604170     
     0696968239617627890409493468355659557943424919316291608481391723377165     
     1468992484425522655760818754251168505697105228606196384962417976394888     
     8479203885413669786378529340765244962682501776892173985689211966033409     
     2967123444320553990265667528162448453691704480758915792662400105345936     
     2671934566157757583038194986443746745036974071074821883135081823133312     
     4534959024817365017006320812688141953640265851440764625500590730448000     
     4906761457441275920168324544613702411480274849009476962858095340019321     
     1607885146051848448590857975436468326570743147429289760908141435989597     
     9258048574847874541833698929656576758194481615317283332709816424975660     
     9009986425872458333943988247200616746517232433890093586629250472153293     
     8674885313657061442502652229318591751248731345151009843021321370946362     
     8739169655125303652446487467265732324929072485931186032425709090912696     
     6064577509144182222756894578246431496428304756904055532686310402942091     
     0924154885865235107333825213084039702704496121322159001582199889383520     
     9600518009044060423115815847569940213643410876134067227566609189848056     
     0391928239084268462794282698342299821646450320120017393041922569481688     
     8881620389170390696298337282413609379443392104990556313854428867740274     
     0856548583633981200081267099664684052350621062321742870114287689511225     
     2142025362364673834740034332548506661223626353165598357159808659464665     
     1315219234804233285362212230154650428520955206602592003359537618003199     
     6800205054786920774625020017580437399496974646204898511892521239268005     
     7345786344039706457931218745272381833942384511073920489180049361058322     
     6593460568476075837712647247579174625753671085017740067243236516766020     
     3844320066944206279802121643535404523962953622787230112004675783853587     
     5855477680132182036083512610214525409135737110248267468188123189515437     
     6217159910630657248014431264888206494151397440193916361185173455864889     
     6465206943150799617586041582949900051750180817966044260915741488001359     
     6826059849525808116792452814483876956371371452634786053625210116934621     
     7721789883659287641557202057220404121655988927269534170994590846331264     
     3419874387145026113972873081540377176047271622450203181242920327054810     
     4908290721143976714838842637765153926788664948868077785177441494288688     
     5030768465708116209971039077279518587983422408915808560084825966795293     
     4849886962841282445443435245353277810212935921872349555414203884283953     
     1059643867600027540920560821769584958888893932599639254332922936255215     
     8951298673164247540315501380023336541960735669103470822737214696871967     
     7356545248631582546098319109126388739717587629181742649254745532823877     
     0426679605155487202725683794302265187346756782957963943579577661747907     
     6010894065996119554879241218131282041822506600381111937039080356558129     
     9484678208931052064159394966161740924171548716361754601733439787648094     
     9944833812697086417276521022854029348746254662079251846044887334282833     
     4916898691370142741182064574685600577390735183557327484407871967535138     
     7629361178651990676101146160879812972574962574416064097675230427308437     
     2028576842721801926269327604621354375515016792965481980621781194151861     
     9740406683065940453760088059393412533265973475991406435478779325453951     
     0528224383135673635758062741827661107955072329236690397548090042927276     
     3169153049052847094969852397949721998173011057072034910529093012826509     
     2101010837320081528476117084241607357704395668120406693590869598007964     
     3966880599401094332914734651655187027399354656250292893167774410311562     
     1799263924183886373090593705778566494717882748445823108310315798888371     
     4412275897402040200348975181859943407900039722381158450336116439482515     
     1904567936872866023384154527835634010397626987655092695727062787468769     
     3976057718250189915342351794520052141640853850500045385126883113694938     
     1749840428722000684570821203082520492906352654425455151928861573726281     
     4270038942631822923159261558391707460282622394541300666343923569286215     
     9177322229372777041235389738958562140711012269293905156542177098569034     
     1888469071377776895964151941941111481632347567335875716870905416697635     
     0164077524066011420410313341560382328316041150381635754851920128589749     
     8291757525927560104965627513518050778715913930695877082602156633673894     
     6453701082803387840382153786478540169521014648521306560259317332518026     
     3628669525568251053705863371143235321034360417375834935022629064060158     
     0863618901932312930312945624434049986321708487838592113381004096243291     
     8257839125285429046662705565316044466949430735137196979280254519142782     
     1953887630528523112539601580199504334200638797244879042350630097176732     
     3396136749908083844974966448447257268271929719618685980193026817671137     
     3120075423819418342152730672119168118681900672582111048767556282576727     
     1492380868122345512175336295112041280819444145773727475951156282100544     
     7933649448988880280499082691244223590391617824008931674832913833786173     
     8440525042667492771612927341504295930553324158822273317576520672877906     
     9108814130902885452568477057870490345450401568275352349208294301736981     
     9925703468043580316925039437275845930929381081769833727266479506692053     
     8330085652622118082286792949846782526597302682384235829610671116965051     
     7899228065152599652029763246182413659908028288136163499207235934255969     
     7788171671866246711783031127001396522900244095525518696312302154577652     
     5770942621890789059209499983536873683572844579457639462804780989878149     
     0026822048164040231980294424082840886484863840696976259683016803277650     
     9584152911512763708212727448223425397479357562103958598945212195132947     
     5374901549623335389205867410120801762711464903810916718962489397735875     
     6080222147535449010938989307038866170936098030069352702428159512100767     
     0409228104708040049046343569712020100076826686642464944436603105097468     
     3429197702530274754921895845897795286250444724727022682035194900311737     
     9292129497594804315093847619532079894938665623045912055679122605663107     
     9420258254296733959218114990118556071426222095429078769150177377781238     
     9722363181325733796707179079932221291818552001736149873108693214707673     
     8713820329946330562241991274808169609002616479233137937312559157982462     
     8143821343891185664456521073846347954815311239905173190737702401211632     
     7026022998930792745573661916390290588089703260386405352701880332069392     
     2652110810599319216893071642224029729991320587718618500142261390311649     
     4524326209393520646821087439268936082322924761071987227651135110224701     
     2343733606000778877935233377704779401955335074122240431832273107241513     
     9812077303512790898918495225083378730364899443446076808334237868509987     
     2449733314101047553855451260381268865455334579404963897421277900083377     
     1223907174418419953965787909488638559704103847579369082313682184245012     
     5536231965356064114192419839381550972315817642880435433346445912133698     
     6843251537939028192659149732479730797840986887067600589827864510264686     
     5991569398100597500403661487722982799505018419658622914844195852801895     
     9605903604340065008505824313691213104331471449802791543376499903200059     
     1175217035504502939394245950867756232297891374424344521980419170077810     
     6935876747078292560597153594845922953954430885974019633143453109314370     
     5305362999195246098880162714228492672874553789269846098268775530879503     
     3733735030091698234492642561744700809577185925992707287220026615841391     
     6363019026542791403661287894091532268924074808367210303866921993500983     
     9995743196628918775623459582970573708130815818135914465730973598148328     
     2132226106021719568087399990635777095017467366759959614538607032646283     
     7413871109870241197648244708882885830017758073435636735902122999893980     
     2100920100790333767994873797443800663421992649249658112301412683708329     
     0065143958029694928754844875272859987191100630670804491507698978416295     
     8432135332174874455592198851113992194523161315199251724150742619691985     
     9945151465202653138200488218541643214031785108920732106004722644574216     
     9517428055019747565083227377138169389183849342875586165807202737120350     
     8251196317421936970043286421170075957306791444780948449682389275257139     
     0074322623141832026417268705879340836605368904474061033147140556613688     
     9506370482184342797380378774027157318345007583342949038451900667850601     
     5246987371629336412112721459493706625275582040588581184304193955679149     
     7451512326315611361297661767587602049448132196116240697636652402093048     
     6150529392249389981501448116802924832991603983180908844020132845691263     
     7432687113640274651765553564311915293050078411003178416794518642836574     
     0177425033278654490832583936363045861955596398225281016965243543970148     
     6398688478212766011462626036103086091998130514001262656087095205903803     
     5327502175459652189108459188856102316785657130970062761332387500823262     
     2409221599104888177954326573782690080557023257954608599462665996548904     
     2811918826984389231703634148154722850636248621240023881054499060030418     
     0239569409832124170267958538213921999954779416531701419995577046866416     
     5672673387341944103206686084426219591615738702427461707697189693197739     
     2406633362809106477469593158283909802264608852188635293276008954200230     
     2832379893656364989008102788019877721442500443399559249276076070405008     
     4464202870696330737381004278800037805519792704545766321061936632619288     
     4000162076907538520697977812188437296201552903708965250594210608179843     
     1106089925385484966232542594729678235057604251947743797418683975775167     
     7156829797795088794484333222009691879837326032534252451806155032199598     
     0914703254694725946015610209933196845530334181929199948017676254643877     
     6484887644019963438402375471925837836099492793018665391829630974630836     
     8746669511719581426717335988404568075559614745016418375908816736064841     
     4479620176263958835029893299529132339066625047138824589790277012964514     
     6341108981739324704044456421016174110037070532692101907022607492403589     
     6102298463814525049400603332467164518530247847848721704665631703034456     
     5452000021756414748278276524130260964802477176300230725587974945937470     
     3407680306149690718422873404237667568839970679976668540497687155020130     
     0986009349588238402238007543866744239251103314994257125387939259087787     
     9581105165606789357658739414078034225177122195432856064936938608290146     
     7657890206169381275516601752739868747989353225650845972083604491208235     
     4155569281433986219573977967295296264106499783704867490979047049517214     
     3918954674728373771554210944518396078149450190576140309005683639704978     
     2467634993367088100047244801779439635969848006081504584606156881112522     
     9625415565043982624561150622314319481315938319351129315329209117871315     
     1771683902873852335746657251535956103182610867947238526296905928604616     
     4945621382826833093684315014242895548154573203157461244486834876724848     
     2370847303381592093468623324763222907589792976573722590504979981903977     
     3281622258796591465485217322917838723148538893192593786313208268602872     
     2379265632230024144027708480049409071072659799890150574273416547522007     
     9852900990946353796433001978690606793428335213740175120591824130143423     
     1476750086205447556681635293121008244372693602246102392268381036822218     
     2499033612965119298400189964308463160536352596957489335853372495181935     
     6243874679279623525683224324475897415166157276054791306361211667584029     
     8395962382703902995721794543768020492691792937295967730553132225970762     
     6614087328941375357970714682451831581424719054774883547346217587779641     
     7472677599822310052764760019990255323749497229225901307636521522003392     
     6253142005906291177436200155169121476353738848771414398000514384084299     
     9696826705125191852882157677575389677955238735828759408119681747582535     
     3741837345708007486272359067873312160213545564748193623670658071215374     
     0727149814070686584947932537187666323528071297451476357775013178642401     
     8264543865738418934357828502788309702266375247302241348119636794499100     
     4681994929718741439996619608212739001298141130656581583624898058275622     
     6194297993465573214507481621593022506871208998753906987515123693617148     
     7385410067459976587342497078589753654792724133986652906107834538296951     
     3788551033993843796413254898611921582638512895028879111504278685837992     
     6410441040360409144904471557477596476047560834341394571111253635775909     
     5525036734132449841730894771795274060641168220706371496962405425747167     
     4427101502304890553653207895174714245277901391702043609576574488078910     
     2471617042537135663267558774003230768631542946565105501523302782606649     
     2151123829101222109167626692716730713402034192021100845099356077660033     
     9985671692964685844199927325229401125058295152036582832951718585734906     
     1001340139157441696930089159558398341669141644245132636762019875495682     
     8395785667543571627144009869940075809454331428781744560819548246417824     
     2768682394437789996018662087303922137724414334326473353259289457691590     
     9707380805533942014656459819909124466723490946703425517359913662660458     
     9559558936758467725601774551565577314129153105512351592777623349731409     
     9194627634689678431300084018858288028203200290640949059939507240391263     
     2297138218484724672569865316876613431904505794798322762986607054326633     
     6875534822082617546939607701304934299659155999690468112546997750133035     
     3641319547661681163009032786308076205318824859238312248037449719282058     
     1226735890801572915497674561064874815905525219592043817675142534871383     
     4943595535478871904701935737957755099299533858471139990151484697861414     
     8301483276798955235608434360696296901492240165901342372804538089890151     
     3482586280092431597586619040993763801185129802447788920014239854378768     
     0935198921011143068124443212321568910998833485969712487282150404728685     
     7784181661982962730951651704571380155603120490733571729367350328261326     
     5738787216008003346599424197782451170814714268615299968267461349109558     
     8041952089335019464199050644593302763345874830910174396142038402367121     
     0864709457331662440115531929254936805689644098652089469806525169949393     
     2972206135565055778271872315849322851318846687203958170985588526492498     
     1462827019891426519710244232777191377294798510633591409331602850017251     
     1967719179797977872024760414186132498397923406311039037347602463288387     
     3810061707665320161218457023263723667379320051541713883853855168947611     
     7829630882765156463366406810833087158332899671314497843196737105432736     
     8083341639647766177851935329548969785404148249653576381480956503691120     
     7008008450520875174122791660255778157233188639874743090576050434167010     
     8590195978583613673915073081441532069371015424120035394465201136607870     
     8402515101353248415326431028648105137701782667564454689963677965230943     
     7093239568186262495541394302717192803333114950620521278098598816016401     
     9588198332185923947127276254097913130103217176384247962801601081030098     
     8172845684889061839938549854722215267763108142197969575213145166174092     
     5373420049411582074078406062300604944426401644309930547730483114092419     
     3996282710178994099736079757214952669782567612497218848871906259647134     
     1599704306671362441684432967060726960100787418514108073889472117720827     
     6613631115062000734910459857012480920459366164935828610979073547403319     
     2922781104880698094982527020488211560846853362116383693891904951126084     
     8642968351642206269013562220101812782320441367673336674956050546609135     
     6651481391725895941627715074128181433267763718091013989761901614129252     
     5814585283218585352031965619508877602717493407723007736831329782549316     
     7477365686801371382992144868817100546619158456704149487083026905288569     
     7593586676452715420759693855280420306962950376859879657226685713523285     
     2158018174260908703845801819108699010080772468434683257437181247814269     
     8551827615363648922366770869498393620486464253130687592292270173514980     
     8172656569362265141353595612186573916526471171386432051591311898008931     
     3977739078481128922743102596624565626727909076224981299884917517076246     
     5948870643648077820189568658543875176115246508335628160664110828661460     
     8885394709020429615587619189913494885241632708514830021566253054329011     
     2067709100323030158612288821950387134509923994376125791110970844693889     
     4981972424545606206512652967363820432960921862408218404034990717027115     
     8078073765232789989487769012639157758012967037561589577776987252140956     
     0105760560481669158295422431715180756091184591193865091959853415151430     
     4116979211413433921912351518400442840836152376360117151029722102460079     
     6583117812524766086864118959364555319642816251270194348214472850312849     
     5001900837527457385443811419189314447200577187605304844155554153455604     
     7569410395782984346537965252098227303037624596052646603551415629071962     
     3797395830783996205523928230717472338367604340006101285330217930895674     
     9401895678090183500933409182239966854672800632326803635128107209947874     
     0776008412018980970339109729431560828163919151774903232785986509287061     
     5073450527540720971238752832731774837467292857986955859851313804293578     
     9416344665272049381418079423814225100800000000000000000000000000000000     
     0000000000000000000000000000000000000000000000000000000000000000000000     
     0000000000000000000000000000000000000000000000000000000000000000000000     
     0000000000000000000000000000000000000000000000000000000000000000000000     
     0000000000000000000000000000000000000000000000000000000000000000000000     
     0000000000000000000000000000000000000000000000000000000000000000000000     
     0000000000000000000000000000000000000000000000000000000000000000000000     
     0000000000000000000000000000000000000000000000000000000000000000000000     
     0000000000000000000000000000000000000000000000000000000000000000000000     
     0000000000000000000000000000000000000000000000000000000000000000000000     
     0000000000000000000000000000000000000000000000000000000000000000000000     
     0000000000000000000000000000000000000000000000000000000000000000000000     
     0000000000000000000000000000000000000000000000000000000000000000000000     
     0000000000000000000000000000000000000000000000000000000000000000000000     
     0000000000000000000000000000000000000000000000000000000000000000000000     
     0000000000000000000000000000000000000000000000000000000000000000000000     
     0000000000000000000000000000000000000000000000000000000000000000000000     
     0000000000000000000000000000000000000000000000000000000000000000000000     
     0000000000000000000000000000000000000000000000000000000000000000000000     
     0000000000000000000000000000000000000000000000000000000000000000000000     
     0000000000000000000000000000000000000000000000000000000000000000000000     
     0000000000000000000000000000000000000000000000000000000000000000000000     
     0000000000000000000000000000000000000000000000000000000000000000000000     
     000000
