     6428372098928191681844374833993522096882232061841823843424207367910656     
     5258394413945451307398930377981173820945975726380275584567722466709808     
     7818125768868809367911946544284282441263772123810005534458629142857600     
     2653578117213519962637257833190350396148389102016137423592188589573286     
     4435432412784917732957962936598466667447738483200958150481043664493845     
     3764063965694893153009021853670967564755707799684727236433114931621299     
     6469796735575612222617196398689962130687507629003101499358338493166218     
     2003074457081490101938313829652062486124651235152040042897425762819513     
     9571406421206130814745427270385409116023153558788734618566260627535684     
     0096178372943395310263098740273268870516287221471888980309944175629053     
     1542122926489527482168789367196832930355489478032812404514100208137209     
     4426801867388905292323109220044024395268361841777828926565513399042686     
     3989824697581923984384602444657940157845469345984783427950909356364545     
     1452744622044515323330408328964502860396842797550197486180834785735740     
     3953478484539446913164427268133512102152407838628838588690005697372644     
     2184511505721242408045723953471494945836395495348849712428923047986601     
     0041211214061301744783856970026911294461163724057777964517100464929670     
     3394518680893284263515227441065011855994756114389879096163313236026201     
     0168844959583060774107798685856304774054720634110832447291752097833665     
     5021917922040644015696255235183425822793035451597228217769460877373394     
     1527825905497250907514694481511091019881922358513848239946064577509985     
     7360050181858078610947954706555652766996575065737180244615726300560474     
     5529261934549394495640488694267269746726757648946721401139862014439469     
     6931401898941499704365952203031112411535493987137611538594867842306271     
     7212965992496866087537913203002248618775410664803451272537641816242953     
     1665163664096133054704479725558065855278202202251127479646794043611899     
     5088618237718116173819296344506240456063562972508603162714118469029888     
     9130809462410800334077207365852176050484856084764118179261105373282612     
     9454061624032069276443479231326155668287202565003028836544750258072828     
     4593844370550596382705917670781137338087683478733611771704008207975806     
     3493073584433423932382911935026315187431990622558511758402432207756901     
     8603340759373656261140419852293897266230100334124270272072027891830892     
     4398834423655632112111137638796420601942557957890482852451260315993700     
     8473689597538455434094653376426580841744572596645016037266167301711173     
     1720523464259703116304506120482727553550127437480791729062374291118900     
     0408487599086850456452840898238998570352815384431007016073280446441920     
     7969956789013955559325318547312059166424191965433094605049939211154019     
     5745572801037470119153098530005085100561323645224642194640856070817902     
     7587463268399256064771403754982819476607869451127898000051316370700330     
     2364062612890394121774943029695483789621394039031500667691952925811651     
     6580331339653552958433092470140638988625045008516604628809896318825216     
     1916499834482472418915304211709815468534503933580378889820956118266051     
     2916607049637819118490028779367082214001343736197889672661104376450184     
     0806088348129767927834318060138968395472669610970407849832526534560351     
     1350972883187572638431894064038485093528267828198716468008698948836248     
     2793624516236632161223900719581287251923059258987432035305707401811955     
     2690241415735036194223040089593496060512898257283436299941856368898018     
     8604597383111499572515652763904799534475972384498025115530694288832748     
     8356117145639236597446161023292483080713690591556349265062246446510182     
     9043718553252325271579102048985948359692597474308557358102227976509373     
     1242297665740198035305302728660450381878463843738238001774462034623699     
     9407848608563229955650917963792948000352905689587988466474449989807814     
     2447263444771633457966052313037941623474649403778701242307718320919046     
     0255610666942342962955759247813073816527182933213134685863055946817258     
     8002498105643785498896651514692828564189724258629153156396914207918075     
     4016043342615269134657078090724050773855523618573928097846398632048143     
     2348619056811286751077334669339793302468710901439750434411536150626523     
     1874616272566999613610005533218799367043460517777271705014693542829102     
     5697085431076528579536983222724754626672014459494272322213853881121109     
     5605644995728891570192353048243201416260896146336185018233004109847648     
     7695627353454053194268388266690424926414491859952603074608919451652047     
     3957582845546671242202817781630018585345722621284150565719296285952373     
     6113496683264813971255481972608662428557222138830523178140899588429253     
     9359349184047880970623001311328008112419855756094175855239606131289125     
     1419826156530028676603392338626942030384962835750559287611007061485094     
     1426556830347453706853431744922072348118099866106832032933489158819301     
     5589202868740468413539706679940180089449331414799457995208716697223685     
     5674701512266776920238083541859506967861116081743817988383641523892009     
     1578934831114056232021325531262647627676400705495674691989255244220292     
     1668261702684820265936542523322120997415034896649752072570501187316932     
     3522067666448226004615883598196998688929171480529471670769871358136968     
     1071015862769580830388710871979058082601247119607336184419014366174223     
     7318188288955490187117010912458656020332941852439502646528909915665902     
     5310417044388258304383337409085995808300787260462504333498201009754652     
     5671473592271369582672517358482896365212091173303326135155164573116261     
     6020296174605373857302676584431726529327727799301088741881832105728715     
     3278059378431280728641234335023925290016336067960330663647238151571890     
     9304468703738313782164123390955334524176181046829744681736088005171553     
     0637922385380295388001813164880220916552742786283999079264115522147550     
     7184041019382882529348882491829099013294040634861412087988017907261295     
     7998435925378785180957995917788518055252129096847468100251698870641326     
     3011282078922968467673531037726768197379229930388756709511960724556244     
     8906892033343288826500676142142033537404164819632621999492529918284220     
     9863214012386640183025309778536632764223075904936102587298318724766084     
     5133066987288966323873412309806401260310243365984970369870180567392604     
     6760190205220009497137483958473486195275767432361005326245519861367857     
     1378556765367266222982903744548900444761232392658033231208855478150265     
     1589150161641428167486760631430072666200447508063104370516607544582474     
     4030128617636931784900086589458887407918720845741503946206586415716541     
     9900265349510801025882635180964425803256749640031718465488976568281709     
     9954071851813127452660868094026272346755774019947132418777152224481164     
     8017580268208436289449705332893581480583067360646183301298179868893972     
     9215057046662115415832560194580861660535370636352357420922786954364813     
     6599786035465934739299517860002824637984908212081791326173070045726945     
     3714888746205589141982824749024311659504751937387820544139920843510430     
     2687903374954124441087187502008792317049508802898821605895615925318250     
     9397505190876791235276774575515323861264392838399364952739629634220893     
     9548608134836438786571972535413551262845445233031956346141667336358704     
     7477905039112353136844787375287960924218399690174966489566612007268053     
     4053165984485231217878671998912146564498237259481229888394282924346901     
     4175007485979208898799928162100778384637514191274819593822724976566854     
     5004454963024029381992439404067444746437625766077843355505767304050039     
     7769883281089186670438932576423710704446642245979072493507473883115165     
     1425680319822429416685232730519059080883792951024953752128084571844131     
     3537090034174862439773815144980484940544130894210905459962748600254687     
     7557516023444909928664414525667593838610409837210635555054831561193418     
     9763548149233515085323470317546289709946908129764519590978020965120135     
     6511381746772937816729270146344432232978028754747057991641300979119667     
     4392349890730450691268190243383270493476049433342779439402334733362749     
     1571780668040999795215507491884936833227971583867354207922098602160771     
     0447986023754918605574363084234877585524643761546790288163267387384825     
     8041604167550411612494757522624111398447176075102773691405682340851878     
     0578985094038166707130462748596342726344300592803008361260579615897954     
     2252541166584601500268664133136063921161616067275392579149044300528377     
     8660716933983924731539939254223362350883389602122277780654091719413894     
     4845521992626858557755626537997521104554521868462859788144498531239269     
     1250122655665924463961820112515184785108380210038262335455456678948286     
     9130136279616780180450187786815225047940440319927502639808713890270934     
     0411659697873202993007627624921776766813667901489586880692047208401088     
     0723885223208792151457784312242126744935881100794910079266371811402387     
     7210631689060020272499940995196406366789339378779633236272455549161444     
     7324113748557084475655311335830243428327209161353585161193601271134719     
     0596336481275643747186785965033691733057079386519338808555454300783905     
     0657911910631736986371891712508545666783454368001842140455258040504034     
     8829294275734121554176350719137297619819141460428124391493141163451765     
     0041073562609908237545911620422181182028361105423287022278638469235921     
     3106511959214193155437928726727589396055336137952024906373910018144388     
     5557797970631147963968144124301423006899595529132632900643191640629718     
     8309932500123177283570264557712549394347540209995552640628400977948824     
     7427492356704730371847831443389294199691462730993690442880331814289464     
     9774327028745839373546917546404564493784572238365913210953543542933363     
     9303687232106491634177057043803569124736179907106276680053905694909786     
     3183870122803670862283867218536827061241868857085748631277371479820366     
     3597890894563816976726408304385514420291547166465742633165448158583372     
     5384500047575234459807623125140129648093349055194989280677477972952039     
     3157418307407776267510200033198234032929671503013099432898553786095566     
     2586093819478896147451930554203333112118198606854993691752846353394228     
     8567509725149672755616079314315123858412568474081172222669304484329915     
     8121337971420140286818667558035012647485203490732134220796490692609189     
     5451123271097832119658153819043256829034658593076090004897984784495577     
     4652351246122977259236030075090520272457028147801929346955952472218005     
     2078420658387185572119595455043097077938139691479328355599092245254983     
     4309142303858828896319810008583424892859626577656739673987175721647475     
     8653432669253125221627612585388067173597707763270703466829538392370208     
     8446680131645235450757387019140866406945414340079680068347337504480338     
     8565648180209347912197694952017679408620440246359634947588391096463190     
     9371109322750717584883107174938910236583187643076952829242433759947918     
     8446966157932814864255691102688973175264001875322716201232271162451597     
     7745858418813103608387112668448074802863356978147660523141174616373913     
     2187037754726841720333134454068209186058905697133068998898442181139751     
     5962093357455604471840720507541825015467783143662090433053138588136006     
     6514450903000570483631666750513381953162238243219623886196470124829612     
     7541888177065117574437363412472211995286949150715796449904768399229310     
     0085409256430903859361889136345747027880100997657963699118519572916569     
     0783479267038046782563063589705518455958729737217544545337400719036784     
     1070969142602851275838772641662433734829521058307726184327088781652427     
     3294023719791957195072908171350280995632035455593466885097017328304372     
     1216834219478975700392457301390012927650827348888653617221770773570941     
     3672408602728420918369004772631457127465955271329222108544575758065869     
     0080388664360635322662268793516443385728553183131015320214693788792865     
     8513771110280598405022898450625052241906834408283176042694006416598423     
     4237613427995620120646671477755368282013698851454836443479189703358486     
     8189113755554829366858495117641618397773526769708056146454026986326167     
     4863541571864522354492086693033908351603659328109028599481812159618672     
     0891034826246296520095707846960754481920867833901734444171634411435299     
     8510365676504471214718525670078462034541535792184270819734468050450414     
     9401090522719131047756290918092270400056550815745276323567908517519925     
     9382944543676196182317869780514311783101422635571201193918736332219195     
     5257200390509421790973961096836237315197367421226893280424014302430745     
     5738129014624651120889630050050518203097843630268658071907225529683170     
     1049128549685246889439166484648282938347890694539509122245624765157676     
     8552931430657973724751838448570926373504722406252198852250170672216836     
     0752432957130803319613131634552756472592301182674471003486104537996277     
     4570743876750571929477296097779194742350109955597324406341562724335829     
     1646685976531765867739373938167680354041533374719967390873393892579514     
     1469958107247260486472879408298321449971526705705846438751092029832949     
     8907627728055548103413885141373319771835163774604545216511574157849817     
     8598501962109360721089280446351351575863568296143638602119518197097225     
     7758009644939537758720102104633855717007099522209953464159862777399201     
     1380963840607529755964003488891944082647023452912016907382710698604056     
     0780150057505056711344798644517136355818789771901851753194803338647732     
     8967020768917643944879105019127527069739648508556455378442413638945268     
     9295016215362106834205609325737615941156268040388955934391777552388883     
     1742501892574653289522804029317020609682882168275378944096187272636549     
     6802387763575803979357784653239812186896583415973799497755077450507719     
     8029366383006591954154847779771618144603850657661343991481456648304260     
     0691078442961303498795881224481007042102043878741741750604365253315877     
     4790555584535810272701155959485919250422143959170388803560349167479146     
     8228061152214294361217458904969771760218253689926783711159853018153493     
     7423509797167624547629992450566090974082752181991961821574312055235960     
     4801338194466551384418605322080194520879516348219594559526627977664210     
     3903385752670732940537840765456840366785781831431807747978692847311457     
     6511663655000185159989440943582397084313704923852229971179730774384187     
     3702773965729149371663482858607098663832828383223077101422676007530929     
     7897000974134356023164967074470078226079875461911396941320286849674823     
     2570983437615977191872414299819821192638964098298443949202454740575516     
     9210452122460391193743233605761693058887734543804044138982918386715652     
     2263413013792420988644806478623519369582171603456025735359928955128916     
     7451908570151725505082470805132512605657480388139231413406824821125685     
     5210141869478867644397125079001293703636159922834490921755228815686135     
     9062817706423278091148365607061218335639709097594922495815315625919461     
     7245581975931998957528462877577886983445490248534745318658588945171203     
     9264563214391006775922932254245313148926634878784777605623399745186067     
     6107672180556154587614823777813936914050352266053845485570698677478273     
     9292726299749608548029917621314078616291496719105959189666628514734852     
     5477399237011973821322865298919486233624997466844814617696823624711987     
     2654938438391045711971395801487338889388904594233098062610993709533562     
     4811975055248868598848615995444440860810718306114902167782438699095826     
     5682913688148339840814102978777012969988805675116861864499843149250833     
     1967799277367643207178091932841748440944448507468029663498537841167311     
     8122921881645554348885556906568599005664102845338673676818747337743898     
     1134120932996369844844094128978211214835308914049752145274712235849366     
     4636852620552286410975569103247244756722635440403944194187454544895562     
     6485248136948449996392026728592320684792973111123494251366551711293909     
     1267347544897453120942894666327948824764936084915433034374403115173669     
     6439835373908444556585393113710823143612890120502278545782850291596990     
     6415764951331495188525044485114638307154997605940800923254338354294358     
     9937924209857854264182848335035106849011329006646256413784277621840284     
     0479351122857495074257376836475705068899433341028007826794048674280525     
     0149378664060012142057432737501767179676546220615689194089890971954944     
     1034377706541716751683972898931850348099267330793804543810255124940551     
     9399856174738797543239371404500510688264608513597461222408242811257569     
     5692721315884183752322296244061600876564022639632579895326094494310973     
     1303179605007070076679842829256270625334104877343953818149246842006112     
     6893138753736148876469359936630727157446282585331380475958318040022939     
     7835861597402483899397944131674643585756372336569692056791761062611559     
     3476796607044968558587384533061808935988627437628225358459227658692024     
     8577760617644233951780464147010102300045385740362191631799704627980804     
     5725782529614573499852033335484166920519108672431761867707509599962394     
     9608107410377045269945734835929855997788772489629106563949832781523723     
     9270186805145154675250448037990321724346241288130058244721253366580681     
     4504285263118034649092844718987563420742462688100710039940988142782992     
     1341361293689619534357342821148444156671824186064839159067692518069965     
     4266995666413683629420069902829395774347487665779442065083803054472056     
     8603478824056807081753376986522277073417502394711137025931701832933477     
     2290625397145337388684409047472594070293933146375987198513351146062198     
     6936159783795170613358720165594664109435123154284134534306924385932091     
     8029183864551572825133352053176954247341928768834648278402779262590223     
     2326479784419114000279492388940906422967111307828671108288322716034267     
     1475578261358113630842571980800000000000000000000000000000000000000000     
     0000000000000000000000000000000000000000000000000000000000000000000000     
     0000000000000000000000000000000000000000000000000000000000000000000000     
     0000000000000000000000000000000000000000000000000000000000000000000000     
     0000000000000000000000000000000000000000000000000000000000000000000000     
     0000000000000000000000000000000000000000000000000000000000000000000000     
     0000000000000000000000000000000000000000000000000000000000000000000000     
     0000000000000000000000000000000000000000000000000000000000000000000000     
     0000000000000000000000000000000000000000000000000000000000000000000000     
     0000000000000000000000000000000000000000000000000000000000000000000000     
     0000000000000000000000000000000000000000000000000000000000000000000000     
     0000000000000000000000000000000000000000000000000000000000000000000000     
     0000000000000000000000000000000000000000000000000000000000000000000000     
     0000000000000000000000000000000000000000000000000000000000000000000000     
     0000000000000000000000000000000000000000000000000000000000000000000000     
     0000000000000000000000000000000000000000000000000000000000000000000000     
     0000000000000000000000000000000000000000000000000000000000000000000000     
     0000000000000000000000000000000000000000000000000000000000000000000000     
     0000000000000000000000000000000000000000000000000000000000000000000000     
     000000000000000000000000000000000000000000000000000000000000000000
