     3830687731140071411897081393769903879357396704506465598425093068211802     
     3359386124073568682925202041427781931562528653968011567482466477892977     
     0392496313391505906652089256044147671476664462266325174195159872876559     
     4444165800779401213716543271967819396302456197381603104509986931442322     
     5440756975841522596040294088596976372206493344235715194924746425668289     
     8228749808797885918310611537028849011318491145025207658992354681188381     
     3485187495221690892172253659918439885233730552482409671303548151267710     
     4156295810937240449887633379212887286827399856653289745180834415630125     
     3468174268564211502555134592954606770171529742351618500292144820054902     
     2548438394540504556343607714890572316033703877629703318243013790038100     
     2823203907586909589297804961716687343458926206945298949023615886164602     
     3327921482331274931321719414282013316421799662668833482997348570566568     
     5001621535690300080064547774840921491166710943263108349568832601046224     
     8541511892023500378372233532113901276901061444866070823179222229784860     
     6076770593344434029915040225676096346004854975340714805325448188640244     
     1785569354631817887471281599099552205204091452273360017403873356709981     
     7250686468533781192516571673979915286084106206354347326193755732151756     
     3227510082607888218066802856971638321638348104922184928326971075328081     
     9489141847486163611743645648353069379186347222751032502598633946364129     
     9786656871658612808587066933495519629415382190343548912203607139101969     
     0552694281063462824507929737127406078157877249429099762431226302169177     
     7337963485276699904885191657875580908511065784983890778179240457316910     
     5212635416927869312622341931320123017395505337125116506285563551068750     
     0626989270430447449696093395688063336042363293334656663696299474816531     
     7406800320435224190909204858687260517749713058521023891171385099885298     
     5734331984834272888178110630285553211726462958267896131795274908935358     
     3768773962314599638129141315055259018417862400037149202221700106330655     
     5709169348185848641102447880144696513433556001369346157418151513379625     
     8535287397915874294472684361394595633300937568320997258351311571853415     
     6324797587713718085003735903658129773672429917968020757887560425955340     
     2858308294084379350844995453830408747865694782546928428783513436197308     
     1206902641272979056369067434594924823838092750004403575235021025758032     
     3239345174416522389564614879381274814583610252795559685524107326718217     
     9190950580371037791400735933241408578760015585266406798924539383931740     
     0971946746904479842906383854290181075769264220064988084754034749192679     
     9247848481449682092073411821428117863550033840439611247056041361091636     
     2311072627990120879192688946713526085797494803617979387848938346834322     
     2001712085516095485236434651758948310547232030311343133192508419518553     
     5206561919861145416916827193289231681799614354429451172185247142793548     
     9861200869105105233608907887137746596937736384472190485579383968801265     
     1986270825913864378697105369688239191174736858203503720446501294411011     
     5618174188731692536286815729109649264908189927842271286001938753116427     
     1971732019606757292058780608479508018098292983353963489180831165530364     
     5165646169890247330782235942747513989191193223479606421218500269541658     
     0144341120143594615255675238194610057456625843900832333182543276318066     
     5215907675704970462459966832567255639069476366429170684695735831418412     
     9792888694131152701197755176338068799291884164806152217196378108487428     
     5871999456479699118365188576813779901222784950526002631809834653909025     
     5308321861212989231586201300021326942977437456564167372279528755159472     
     9315243332995639696433536283695001414318002608494785784034056470536983     
     8627995166914246413523424925306419931091618779290533900254424005300939     
     3900241603916112634035123345234557447547061073569726583122387745913794     
     0382570937586117983172416793050687362213495629920960703875131681321832     
     0483465418258068537757147813428920899315969537104273775186033008176263     
     3589328895624533029221588231792482898763729666713153658388550957929354     
     7281391635398766957208144435534960429077926427882400375662010132600476     
     5933047153609980227146390970746353462907592794980359284360676276468667     
     3785567266653119647997264778712134796320340157304395620902402197550947     
     8597133570774412021963493249739413537638094042372134198140067019688054     
     6950452845929601245387323331372268504893957271679294818272678383739814     
     9771846116953589767796376800872384383731207033138724790373591962600909     
     7368204639624050066636286561696138916130877273966796828737723779678419     
     7580686521852748700203782412633881065234855974301419799730261968279834     
     8894226064131739244592254076554321324427833186806681267749322239486859     
     1692122912132870790554393815825519947122827479179222880021507381589594     
     6953470699313868831085970584074179534637045620274840304271032462290596     
     8281622917060803148227745113342221013873080546470088420825220312970690     
     3482219381722807346154538658231002052963515340072334985980257214902429     
     2824121836554308124543548800898861475893700006758191232116677321834590     
     9467936584964719090492732990499541096120921281969645834053342924916914     
     0754367958722672856971796480179691526955364771288721517332248131710760     
     0649002279370098738834671059265976557700775468606000524816171275201693     
     2221829593521325237174914920681502414061573540977647411283134584282002     
     5577068179509353281190009347030205603018635717264180049171529252001916     
     3421395357239573647590528427687355961146100100570292512535272575669051     
     4918618445238529960209716826338764011618620139165890934660245990850859     
     2221177127994975038543058254561602567266527422773406887972839892212733     
     9907472868308813186185744391385221197500020481684569714074739658092698     
     5597852961886629969361848825035055002373488196066609229794054741421116     
     4603859346445910845293656751179333217140071697654232087436276978626375     
     2639689015459165167271719049145014668574022635035758476628514951087306     
     5406522356985114298100602975228682861689616373730145044727142135453815     
     8035818125596149508594853285794387306301973725025640636888893055330894     
     3098955844160141583839061817140150400489055875010853360559410775906396     
     0399265934320559622741454118260495578730993840309850146861685143972042     
     8283145526691289232281351278790344948678361789588193963573177472059142     
     6569603961931754249683565289954756572929442304332091926464858413793250     
     4075488833014372514766932033990149533256582248244643018456608804155432     
     0390119423264051916269707342736784248166645998971399275172417223567239     
     2753086479339092745139922980816921995369838577415365627028546681689461     
     2150610501075814071068568243734306387435654608063334492496043368638189     
     9066074672229295774335048403855544422277091624665387533691982581394410     
     9056766889084538255321795587273885568385626500417048323979786915737113     
     5135674356275862599377126677563096827444625062731979780189780989463155     
     5548852426606379993911584715721801014736948970055902475043791250897777     
     5944564488789888921457953410569675059920119861459346481676901856309966     
     0898265705371581228851038560287851986894586290604290274358707878248374     
     8023469436778184137401156429869323062158108238976192685367363532581462     
     1718414249999163753630321027843204654443173581628485985547269248803321     
     1795754354989990649541122149883292115754133007420722968819036370414463     
     1886232960373596029838435752081761103264903901846149001261870714650141     
     9097173437011299329314639886668031209342319658439393722127371051527464     
     1377128978170428992040484233234380007141254783597446543911448527970876     
     5808208574041449440334515011376556066652143269768453791587462718788555     
     6390661176240298284486300062099363285523531914363405753026842132725850     
     1693468325180637895438158012423714819234771187338254267737644171625919     
     5641973825706377984046354039800040042992712585689096824635056697734729     
     1709178060009179516719615949565964944022680707941493402342463538161411     
     6562879450248880616537559369237422156663818874044300342512173876532213     
     4081692894940866088795413522267028433051572607488945153204558191652222     
     1111247398379197456509682169065912620498230543810163775146269217475800     
     9100936805969248230262141021562995054174630396276232442946530683016726     
     9505374996440667049779396441039342777657551697314354929226282230742331     
     1698393420236124615397573042674235162919993701294264500543466713639243     
     4725930229685740027528220514886621506574614681861297568484748233987748     
     3921863167355847817328872090784894785229515300261722179741565903505002     
     3309672892154349573039629322984973714931288779173880569127086856886687     
     8156327253899939555879244388282560473114155722199031888181581181861931     
     0881221231042925248673241836874377941116139989527558841963977420955303     
     3040901738157806946323208953855128785206308886651535018550935700228062     
     5272796386193652978591214297684901364730023422585118281934367656973311     
     2100927249261996564293794762512999146577256388157530596164829421705475     
     2472553428181327506286640776929178203696296250078988090387908284616082     
     7012490899834449921323097241749572115713873079705624988145715890542991     
     8345333728293554815758338791820947171258449770417685389079809171459013     
     6570584883050871156905892760006163258546944902724370985593669638012210     
     9534393699929560247910407839873234167252465482392120167532608890335730     
     1071472951462408521508393767904817994290140477526671637847562785775215     
     8906016052194563576384494309809923595641516263915184519219294424434767     
     9210729880486309478945397117096944531574383334820919726659491430388153     
     5722420985997496211055647198219571727225944464603456159735514374426894     
     4531872616389044042261970827903119622586310768573278402466425751237953     
     7007491394610995679502990872245412156742347084625575467244387155608023     
     8543404109901758172401789803566158174863993244004813177841316537372702     
     6935801710137113673112125003462089318597783830269157222134193516536159     
     1259790371929173531392274700188051214485447590295312403379066257467774     
     4646346635513285775796002198748836557748698163039775245067099271235231     
     0553919938850291299085839250443207190355567545757877360055404347071145     
     8397518121192114200689400109854692782638959106819393098480201047862018     
     8906591793308138025523404971842495557708850069347049014505773680557297     
     5871034755828542260562187442345132767519961430343081973545423168802592     
     3479628595016268868008330600545899010857193791382737187699752398986067     
     3532562323129992481628203787897485418329833159959209477424147908103668     
     4820145118453578525218893777552619683503635914020086734452964243648549     
     5421104101325536440218085321290060898608866429967313691893358310995095     
     3230754734951839743300699602444394969143993663652702840236465065436776     
     7538206657392942645576405087706984035805397136774988495408572679278729     
     1971401272794867957267876453166534137138472778093605659382033229682899     
     4994018829170305400892775903277575378538859855068219615840528620598380     
     6763499850052268052519186197015596438006334818800535238671425794075071     
     2237275656874116259083982622978613628349300395423972061038636399821519     
     5815794541193042783115519499133600031229913543743367031736492757217078     
     6670551605477760643534272739943599914175615269141866949273907308116612     
     6068301302094481714105437458265945307369253657546791371535173337927668     
     4360025539598192467650703829113053544674932844103888125191511450206446     
     1655283420127704331472703033210632459153617686551615964589078697090699     
     5694962504702869495149013954523328306197887164808216757822674116390309     
     2654627189558119298300341615564335737324352577196127773811940018261481     
     0528666384977393603152221524170050184009140504208902551724966267043719     
     9059730002637400345936607497704497007735002223182678705531854360134656     
     6266603133132972925131841029054538707049675417150039248103884577841056     
     2951331535537545516184198779145496651465006725859189108979851258769890     
     3114132085010247872715786843726153695845934383883758218172316736139813     
     2452178303115444123494728608376792155557802960560601972779888382574916     
     2244523449194956494441426413541449681131200325998024333881218899601503     
     4894762043780466701842116004994291462215372328991053554586530080433428     
     2880548306681661704791880816225455199111188274097986402281808490324425     
     5512476732281674532286375479563569075204472813284644353816213989994080     
     8646221126315080800877458284223084824180615169715191931758557872329523     
     2077323336184058257998993618170453836278137263121883419997037667430583     
     4195931701426852279642842131682705893430860288603416602096251574044984     
     8336289070605420801216545381369555689248387702819886833074438841678513     
     9363570352548090849156115956458366962265805202303453022544982980523293     
     1369651472673953525628108105820582584211026984654200287407821547640595     
     2699097824318858688416208157696936344095447415301659037086772012841373     
     8125906735772290170232967558725155220272762206770635780572332612753805     
     8638191657598608939632572828656850117676571522584234921482755260444104     
     1921266063241801863191911412469483453802882441796101142180743994891704     
     5032418226657227698480116021880637577684486040353726602754600443686031     
     8549406788659532021484112722868392237872652959111354100105346898549204     
     3893230853157200223489528456455311923021949163891150401522606469103899     
     7159594339282955547860245238765085542743853377762114739664316729829335     
     7722324679356628266698568197967450550240973393360751098301160116583075     
     0750256393793921147290815964860779403182910869888619554100699782825788     
     1148088033089378587231042802848039737790934428628001385902571501234753     
     0313866216922183653592840301142580270048247837354013514218072930883766     
     7249500023157720283910160473568920785359404514559784992122492835211420     
     1118628034711972546719445468323292880985230735320921022563897970767305     
     3268320051493321936314791215876226918441540654296243316084665244307829     
     9496893717011998872804967485793248183284322858572883879238823512419272     
     6577036713664008445030113482491209193907132677953590356014240242973081     
     9684100288953968543419707962016540700907476538914714983916433502941980     
     5922834173530535003231217807151631057813982751664771648425865109549826     
     3429379799144758502323999173829160586917976658415745895640729951095043     
     7096419271491767796694134840815152359449258680545958956075112494362207     
     6259317085492142820907592504385921959624307875688332474188221702695811     
     8790214996950859179343291273726824525334541610373728438958760903540218     
     6408738764430737601413544542194649541170590008182207621075804760535879     
     3165221546926768051805597747628683829235269503280196183911366897720704     
     7589261878968522200770289603466886853705423268256909098364535476053303     
     1474756090717980253465096764607662740766161973115927247012636200480722     
     9659192049428021660013773342038404639600417797095186913567865392507931     
     7280473443327545273521463866911352812695969310324192403084437912375693     
     1022656682369146954597959841857798137830930227796999212109730874216385     
     0487516101344081887122326681965171198978383830750952794405788372147110     
     9455731871299252686305050003190388532342582966125432034755203079233130     
     8130645897378781723879028215856129800526571805214948981696790633908046     
     4760520782336581754691369701200817245843661051190913052705522359667364     
     0792858388399545055059037760149005586569681300484719752434504006049625     
     0374406903687176345844809223436519979083613205529001630099978507572731     
     0270006834686737097358953069124416810785660092249246478521449875249466     
     6189270107494570015060169223217988095271836053124795344140197186070828     
     0232036974362316314861478867518197091208657749052148886837595046612963     
     1370206678235484651828797105020295104776114257605253568421473152238994     
     4738673132215227381355861748362529429816577881506403089662915856346852     
     1983179235672225538213360681022768918287541784136215956524655396851260     
     3185416466784067971851643015982211809272871629044577445685369117105637     
     6976393183548238911495282422541952773816689599044209939012981637809118     
     5800721147519498974730057597446660490545577315678967949208767467375045     
     7774554036390475505700274549965473942906254705393887128628948872647807     
     8029055460049244022625967722903974800936255166508418376800520147420783     
     3751944831407099297629047087611184728122045249517798851241757722195031     
     0746315214590691420354863465869440278747476310311136361632521745225452     
     0065066867736157524563188812528980447148961172396824514158630056844501     
     8678306956848414589196067302877695706294511524786521172085524295007009     
     7265473095474599737480451196186315292607690845019296879263542367026257     
     2609958728155551495749900358226192429541665504346855635633694850907156     
     0493073364495172388475959255490325537533432854686100351773780679266202     
     0547170048169387896605691381375544852480000000000000000000000000000000     
     0000000000000000000000000000000000000000000000000000000000000000000000     
     0000000000000000000000000000000000000000000000000000000000000000000000     
     0000000000000000000000000000000000000000000000000000000000000000000000     
     0000000000000000000000000000000000000000000000000000000000000000000000     
     0000000000000000000000000000000000000000000000000000000000000000000000     
     0000000000000000000000000000000000000000000000000000000000000000000000     
     0000000000000000000000000000000000000000000000000000000000000000000000     
     0000000000000000000000000000000000000000000000000000000000000000000000     
     0000000000000000000000000000000000000000000000000000000000000000000000     
     0000000000000000000000000000000000000000000000000000000000000000000000     
     0000000000000000000000000000000000000000000000000000000000000000000000     
     0000000000000000000000000000000000000000000000000000000000000000000000     
     0000000000000000000000000000000000000000000000000000000000000000000000     
     0000000000000000000000000000000000000000000000000000000000000000000000     
     0000000000000000000000000000000000000000000000000000000000000000000000     
     0000000000000000000000000000000000000000000000000000000000000000000000     
     0000000000000000000000000000000000000000000000000000000000000000000000     
     0000000000000000000000000000000000000000000000000000000000000000000000     
     00000000000000000000000
