     8915679718463005825605024912325696703310633388528285846600703510339443     
     6656238150875448999104903079965073832448743491078080789802223447777626     
     3617486071855646016258300355943446172955640678979761165537762833273013     
     7057549962815308212178112419467340654005608480059131609208978579593664     
     2813105012518103434873354629664696982196718530371495121339574964720193     
     7513348519147249424677776250427645721855034556368744335581026436019766     
     8111264466388392896621464218401105696445495428132196168053611391409067     
     5705502886439561922749511128259493480503415079283678921947702181968889     
     1614096290377407444065377329091279706646385119905754051520518092004845     
     0470887978233972492917582963955064710192534399371499909234346724964420     
     7828509681003605474330731634196303800873466735918253440712172255809614     
     9290827943626212691466399895613734273850043925086641016416684339116060     
     4778447357983285999040536324312503443739591061864669873525030158250858     
     8394818225066380114084243774812558933903271541404958766926802718921636     
     5786693597923138252276351636875876031252959035360453126603449080961476     
     0331339197439266063466388876815066488232036801979775713707140194268076     
     6839722072865624202231214098141313117951299083574496670209436413194982     
     1004863870778818653960919886252724962515726822793228191579681620200404     
     9451960266922499823164516797225448867080118267345681654490116123830068     
     4028783768223325829596858181361946447523097856017034328044609346437351     
     5462218907009357870758029316197917752765209863565078518973611526142939     
     3285437973735576576729080369267037583471945751761105067192785098287436     
     3144398215311495295676610323409276005457051371340453745711975363799908     
     4545538854395672574540924982370814639306546202648321427557673480181857     
     8008090082164903224383534378428079364110378241794788461331454499689464     
     6388673552637008312021206484926810237712605615301100672538371760009753     
     1622333251758667079112291166497483166319431511441185798330098653060798     
     9305910453023151606856225945012338247945671623262661285659608926213122     
     9407189932329093711276952650542127259910691170863848081506220210374639     
     4187959889187457331177930307870184467849005091317722000554332707521123     
     2740194473909654988781274651705428135351515367606688965261165461454170     
     6050340989187294776702092777922420635301977634140289446321670579897943     
     6124477708736631541774542174534681324223740529030508663521747357282748     
     8629575330557270992588247240534233106750867152384950455836232419169213     
     4747004974217373065964059327472546147375760358740147151488524899606053     
     9628558861835279830568442027208510178217171400459961706586288820337283     
     0315800933860158004690100664335160711734708772925419175659981383323000     
     2258870361905123998260044757930337546512434296834567496809822382260880     
     4670820055267722649282611194588051826785810678428847908201649770099325     
     6927144425904779017433961982424468624984824233063797740588064569504001     
     6322808968906028663868674585926666018159423974576089552674221531437573     
     1164848004954667735035411996300374119977352652438804707146737753856384     
     3440225072535646921933617827987098300170529728688326112648018075058800     
     0049197896036135458090424254078961510529540749105172179959258120238260     
     4619697741297834163832351289666929556380971009284830421869434167735905     
     3849378950897108194992617830983868619298447607265210557752885033361483     
     9475220787119714796384603676917220954111371931493701013762127220468414     
     3176763341434674655078664690646976379800334378591173915905575983396390     
     6415769779055522271412473367026688778496091169299693668876681108639028     
     1889668111231496285399936328388486902300441425026864661144314859689536     
     7633541150861814448247319183662830317745891878932841696134542849430091     
     1135610985488595784639512000344547315843858084273794348244448690664881     
     3212782133753736621928597738140789203839484073553490627358697464762484     
     7309635657962383855732276134586466341181563629369118947784722642333617     
     5468635703567873681722652938429353499796900095605081956846036712831055     
     0003586672225358472232775063134865993355920895953905506057111877259862     
     6404905563064649479425025767039647312265373979823023761681981134774925     
     3020877104546782042625424895832390542303974201484311553877796758103237     
     1526241015509754742920014672875703419768796720000287550603886730682859     
     4142880648601926203634684006443726417647318300564772667114317812184920     
     4256973269468052364827970439391289245852827305491882888622382977147224     
     8310752145670784656644517565548305033261870814237493897567478757820104     
     9216513324624027161698517374250348197584093623037318916146203422017902     
     1180716582921871097940392019390695581140615379514394139683923916952584     
     1807830520737052891961795908032514930151527234992182846538321202462664     
     3566029623176830402902920400054984153403934525900162070865150343769272     
     3149211231853847601251591728712613487419323573499733028330652930626868     
     6151188766610334244839021273743479609809927828332634901044873813800476     
     5520951063953173321071431037791852234172576672977031129009980481852885     
     5173104973968600485131498502008048081268519500367275359369081614435722     
     5672015713796073757797742278804453635070111000490082764288534905455070     
     7638552297666035133687213950668885479193144211454994472814448933101331     
     3262551508051701942327805207742159110309696292268560290735379929698447     
     7835680807434946603463338798204435347000829677962379938398364336965828     
     5077624587653284359697446230166942089260921574977420515680048319636321     
     2739310198746811721437056451397832614047179264615284807833954086140121     
     5901672153625882761744202224729217818224933885757292098443999097692555     
     6611608234619600158282127636912569637943856124286657691459830754764269     
     0536746903055574608634701413494842518930100372392442471587796058703760     
     1426600711700645498191097517108788444862132328013198122965837294863291     
     9908215800684039567755686807298015411231836806963032024354167586029507     
     4377103307579914272002879949435569778986131703732257320605570130024181     
     2683686707577434419857086614344592548519954228638712555388697096078516     
     2773746579687084086222304325665636453669821035333973090868499947514099     
     7989722473571603507778490150089830913233210046124025226197183992396181     
     8916392379388480087550783234776164236268188890115723306546414635670195     
     6723098500655360150068145657428314089171682852139693512071500408567007     
     3706836474609481340944022053920052206286194294152592346303065844515586     
     1585728528920533092157888370689165846940231471017622566897684705110027     
     3961064689713829154080896883269116599939225652247203733353793123978791     
     6197382236638237913162022746903099134912781726289624534536502748261148     
     7006006359959619995239333249013677904605172309673241075686110962156995     
     7411817669969096622106374218687652704478990587879899860938651707785249     
     6453371915390949085534416226208140538858336135672266508048753738956181     
     8629512669826644317924057674207120819295695969130935423928084758237905     
     6061464127372106200694403355700301625205065805964454176348235030317833     
     1946630666079990116295737411916245496071594786909998752867530077814527     
     6222798275966091101650891286082705302498848331914180941604534729254995     
     3498039540916808708900701337597891091353170467278743588897819551036102     
     0312680498066506775992202157221176121876736616463514808014209168013297     
     1873786817768509428876821055737626696083784097821414757101579741802736     
     3115039417238077127002204556606816890342632580977004415923174915023891     
     4005472681616908046993118114099553190385279459217793079583718432516646     
     5430564773216052647315959650090505458039126317969364261517386926188087     
     4870301496083877078469893387423221434703575413255251409167075509352214     
     0180219993536355576290839910030790646875881301473762229832785932567514     
     5457563220842424187196108880302822749993670859786262906986793836699528     
     1127799590584918028025631348387507010409441443088833569295383847772432     
     5960334305671203593875839630536893719076636551609750334392851015067766     
     4867633482153995962176585318762689018184462707825785217826461768676187     
     4868824319147285422608572198571211097746465121028123303137344500585525     
     3189787234509994944365846373899302843386904596212628424246425814187562     
     9186224062752727982300680546534860588230354096931601937344125665661565     
     8431510805774174923263793234695962652511344026912243705817989443016203     
     4274917981768625667801673453920121033845522185900437746915078181050234     
     9159158392150873190752838789096301563511322095749009936328225710711308     
     8812205669762299392373187828832096659671327096967050294898818511979903     
     9029228969539968971701007578462317065591701008568952834346217363467013     
     3712757825130161432851485412031677149555530624493528126267133606829365     
     1710804894991118077925966810858269116271192503826536399726031444763790     
     8236548216842920276509644542296955600955862082458282496974887745863344     
     7420967980417913131395256317331098313053288051727863161059728153398881     
     9916530703574417827849097740419682887728331507804247873776751386290516     
     4740754720267252993557621028102669776449619170625151597542668413463039     
     1590647881519154357029889183490919229994499765242800572774837791435883     
     6741354967351996338096292901329056976279101037971471017534706868350027     
     0122077039986001176219686853087746463716563556300195901622713537575846     
     5910394877380758240795243194149871204633887166392399678338469256166873     
     3427949984155612885394449571471854943747548171012829167204039136210328     
     3056938564501640019777813438645025193066222002448215193658079544798015     
     7746294962350387263529368146347495642463061370151305415000776796169492     
     0386538740499526470642132212186370459495267132941402911848307849808000     
     8879699675654508099061108741519250370951114857110607541433799426343255     
     1217403141651201427525055696986351869733912367549526341651173009973542     
     9768931796900372133220814273650870329769987653082666154651940188282645     
     2645071289401008752781507514286920872005081335469029770166291848718194     
     3817133033501632980056014428939523757499063861257366923745202627731209     
     8575753616660276640702044823673143982797702107384990315521288923757297     
     5332377185539872137203419435691971986193050971954011986680882828394532     
     2007030537032951044434819682297461392021775135547421433051835104345372     
     3979314701299236717834595012558895704369324536590186685441554918605073     
     8050570647770015061029689349888183715771334634554182436945518735225390     
     3481689425536710949199326845513232641339372678557522134508011851297834     
     4250564595813195107761922377670422984480082168379293893524919790425073     
     6178981631499907130373230207388459077205536278202029735172447928188850     
     7692212999813177966616856346005698910531987859564385554253307441797009     
     9311245368019374378177331274772612903656192711499690402248216511466339     
     0364204851921987825614710364093822634399441849337076213953365601876881     
     8541493724124318033511353831813842736116276191616985774490165371582904     
     3231675077239908787587667506276655882068329337663518650689780355772065     
     6625359875546319515076652422987110058495866849132476482019949703594024     
     5142776366293563376135798629684498097482180766653814044145806782274933     
     9924964789376593813640783973420640306765052881605142912476991382355049     
     1476380372666388986802704919446784189521700335130401189988636096711866     
     2705256503034608818191541487270237409305474790338415067626950351433213     
     8501092280313371118270152798516399889573339524392862238856980195087025     
     2965293345615222533137366711415705329254317389730956735255723936719457     
     2380002528960125487356807461227154106153129699720044070408847552602735     
     4457225570517515200347805839512369243764567821997255731260152308780492     
     2683536917343940022942683521861681231245679881077737453240023796316341     
     2317952115777445013501745830526932924298386413321615590123863458678145     
     0301208086107089707266652729971729365750904819154073033154811969457438     
     9833541648100011814318316711881356589306469434781573875303105584772850     
     6083957052819008502598523657153065719845175515648292966705890475269707     
     6970136730383504861766679911702496536040228686410791161541769939905906     
     2058688205844705496579611316575432889781293878346478133972179756669853     
     1011112825296269243294488753707711216440231332739964456089633784416796     
     3865141116938661536821210351665681985915454124980779297868346362747868     
     7729729978579332571225920271575883004066346569339671672993959261353461     
     8178356162040264735250873413908443660129991640992456487592320499839637     
     2441867911523948992456397528791263253043496729165156022140011130344548     
     2502349291757094313875108525982544826793051158110507760003484556148839     
     7068245873542557135667047309130942314866821963752682161754045616020266     
     8318138284430269766919651136798089270619349566330644209628726424847348     
     6830276613629557322443900771517165075396885354615376589884238594896100     
     3558478443134365769553569906390885459616187793748474413460471873804526     
     0963875841990000386017273796058882488880689795181675899743419892289376     
     6320926063993976105549592750166782319759364087503768391002394770369404     
     1212102613100229853151275163703701146253282894743818461792939747051649     
     6115103772506343701599295966448132906806289361671784434029865109738713     
     9981386409907062746849195251298780681940493678571958655449724132260007     
     7024406204870813210310957205187754597645655045953336391357842056097952     
     3199298503373996120097143189833266311162993509366465131635943442173632     
     6167631391287615674450112457713441650897775100993138398737067960147833     
     9024936644733272489021757077556386684186085746353632465336178486230361     
     4691377994003511564112348873178944362210473831517992544839855564326269     
     2041551297988075354965151011886345429760934872333790497646166860483691     
     5522675789799600351032150509508528134098239987325991408217036869310631     
     3744457389841389219088387285539850522027585740558008316536960434585636     
     5194258849932437630292636275045767951129024899626283511758988592455761     
     3753557509862509918527122513282810827256934474205152165883091883695225     
     4037332564100305026568828615323879139163824083431456308326303099353711     
     1065456650353003824065993658274262312753766419333737026580295675960295     
     1422077551587476690688969905019309487872566692858416728578408707766968     
     3622229515933000556367893218482560918441356446586349892298534714975807     
     2970517176495264324431639437283682963272421306299710188851831712289978     
     8542165455435277211524291126497811170962003310991960541338118795893994     
     4119744936383022414985096667625892770783655867923054320599259516534151     
     0442635376115813360406731390337242702821099924791424138147030628205277     
     8307640807977497425888630000962522396210442639043682311912873121615922     
     5963767789016218577504587685722160174556882592267393642906413172332467     
     7205920603029829455651381445054052424595920240973044611145913466304404     
     7018945779184309922387816202617979433311564583002251323251255461122423     
     1626945028728563084629927508917112552666335315816657883794270097613958     
     1983013446021046236884103765750693743851233103015837952706157139384050     
     5883727424055599071701088542206945900392057426283810244814058960402572     
     1071305354217683340097715517767750735869834507228708986711684860359397     
     8351585871520017602873584886534617131837944391708680302717364377385174     
     9079462781722293821135083814791015541508997403947932307307781855239645     
     0158880851553600795694744367791152067483706839419829276358057597940157     
     2356748457966577112348899051163374020015751834545377047710117636009102     
     5952180872729574627631361066525271046150549272371609654075219672602648     
     7131100290269993146116878293213117589561126975083633457990618185667609     
     8385156576106478950645764716858683486264881586637174568162604501771195     
     8335516632288930992252597196991709980094266672849952311567021112204081     
     5565291068296147536048697549578288945474302515730731566650515363407742     
     5415386655599357540238775546284566832026992460541529994057984871824207     
     5617683122850402838000218101315351617771839689870511816075752836560385     
     2319085192273873537960917503514250814592098298948759274631485616572739     
     7740338035559799363931093204502125425960878151467595292163048363982442     
     5776031468090170003652169617413116338912421031413798916814236670647137     
     7643589677780070699766512220362501014092868205986615199210916730011159     
     0983798719263694343449393363060399876410327007830320116452620858494793     
     9289746347760859789046162156547018167248595710908505701854934645102098     
     2721425699879349316378836659463432428493707239599579500084366249104385     
     1080513489071799237805901518688403529782855802158159459543012127044108     
     6809720329553603850617734743328810034358002195558308883251284291764881     
     8886980352478834270924108245283482100067761954202676314209322620132854     
     0495069757148918639486123809249150835017827043312675253168419064796205     
     2904883035413215366010823985648702678957420492777597264219578697734019     
     0153012110482726789884326071072446298297414429806305625709039272704769     
     5373236291576728280266464561017903099331224205578878918212036915949671     
     9839140500818708369624495662713943802952529326155996547880643111001112     
     0911199033966297095229005398504095628312171678299446706213310653610365     
     7263306542959941431443745449401454607766327152291649949825602493137655     
     2257596863577487833670249239099696677401575440414503315245082993205833     
     4489737638215684056297185471007825863249140277182879222867847791094720     
     1565680363335464112006078662034080904139157460099280065236103446611223     
     5920162806379975729756435590174276841263859634182725480733035010424553     
     2036549749855813920397604031397558142916716476908029492683139486528401     
     0910769911487303508044107614378731799669571918965343430983661050976688     
     8962726767868315252298284332511693166872750067529492391752334220058885     
     4766107900507048406994953105635261318713538237018907614959915143253922     
     1635655397658294187447189265956492214108492828581517094407919826850248     
     1168264983265042777700678816475032312927302962733025047926481815182497     
     4086304392489639534980337836897732336116651237910568244570094252713410     
     1872300361065865425614411262562440247410159055293087037365095100249131     
     3103728352256167599085820072856880532824868456699135090468191662417088     
     7549985034089465748571306684123715945178061226872613057618975445703842     
     5030542399242344598942734832671457613523090959673678295961000433446017     
     0813089629595245908304682494758080640881886844908800600788593696894723     
     5324327739128838678669337824283435769993232251079100289447627507090092     
     1587446269764956781617362378969688796348443328265107837713543061087344     
     1015156627040084584291413116783595096839180440930446611522948584550091     
     1317608324939369353155916001075493187571870956841213656955512520732874     
     2238915693875396283913212810325089890685968879396116667483314388526442     
     6757021554038249148065780538409106852725170866705104111967691516993797     
     9549094384143433090664024454804703397619624134308722654825409062333983     
     2417947792237663854067934550544600207309634550361916560557487219448052     
     5452187712373848790704243790073817091715976699866690328861191410197772     
     8075427394266677296915985277285020354505550379752547904023836322704884     
     6897095588287293253719449794352411500779748322757295619812390486343495     
     4894495184657883148685187445632836618835785803711389197586645701943122     
     0023555860703496495955261144397850913100792870743170553867815071611525     
     9211025512997831117827066747798473729899468139578062695313285639645727     
     6102452746858408795560575682172082445618282127204813069781455765407844     
     4897118424352939499275309809550836185605957978985192442055304778561888     
     0443477121797433059480816589371816237053135195646848090744372646806410     
     1772037840399956656779782534700880932465640386580216321547025964348653     
     2281940059141086112700419532193125484924261875737011643640613396459979     
     9786506149033553169063916055489225419251314289428609925692822097399494     
     6603266317215158753430960575887840628777905549064509643820754509203707     
     0583736479919361264412736715320870141444947864266135731691546464915708     
     0740614420014650141133436800788061286876913433067788591318681089345266     
     0435979846292436100349326912408447279199656389472845966934942117530603     
     2968311902397113029917053082368448813083743991757957561032989497804285     
     8513785197232224330476365646473676589347793784251746917021733118953297     
     7715841741549175395431311391450772285933671199279970943785458733667772     
     8682699868940248217387149765601501209695816253440000000000000000000000     
     0000000000000000000000000000000000000000000000000000000000000000000000     
     0000000000000000000000000000000000000000000000000000000000000000000000     
     0000000000000000000000000000000000000000000000000000000000000000000000     
     0000000000000000000000000000000000000000000000000000000000000000000000     
     0000000000000000000000000000000000000000000000000000000000000000000000     
     0000000000000000000000000000000000000000000000000000000000000000000000     
     0000000000000000000000000000000000000000000000000000000000000000000000     
     0000000000000000000000000000000000000000000000000000000000000000000000     
     0000000000000000000000000000000000000000000000000000000000000000000000     
     0000000000000000000000000000000000000000000000000000000000000000000000     
     0000000000000000000000000000000000000000000000000000000000000000000000     
     0000000000000000000000000000000000000000000000000000000000000000000000     
     0000000000000000000000000000000000000000000000000000000000000000000000     
     0000000000000000000000000000000000000000000000000000000000000000000000     
     0000000000000000000000000000000000000000000000000000000000000000000000     
     0000000000000000000000000000000000000000000000000000000000000000000000     
     0000000000000000000000000000000000000000000000000000000000000000000000     
     0000000000000000000000000000000000000000000000000000000000000000000000     
     0000000000000000000000000000000000000000000000000000000000000000000000     
     0000000000000000000000000000000000000000000000000000000000000000000000     
     0000000000000000000000000000000000000000000000000000000000000000000000     
     0000000000000000000000000000000000000000000000000000000000000000000000     
     000
