     3808735451911611762152076961482588415229860759813213848081087921361122     
     5793742990864744490363879112287351619985631861611199885312843753425163     
     1185363124396414713287500996379900618047169117605916519364168247169503     
     7496588361914703291155777974572546094153113961242069114058420249358917     
     3667614670729463777685365994840567944693131052066985406512384432345729     
     2763479817677573368285192466066288979788530117049594019259360349916376     
     1455562228895066322529880728148983845305447782783719637619189425677477     
     0292882906409206287934154531317959155012748171987001339274758976985503     
     8109017591715856098752461380885206887635739994644965714672735574466038     
     0618347390302583292351612752225864215052545421110872312740055317244960     
     8171621540469055319239666695923962365331657172722430336605293233838262     
     8984363072640863616920652928612071846926916595432602018569159782295066     
     0245334676326272575186929810326333276302578023120605199725523595785107     
     4404563578025839880002886333202177022566792230377912413460315564417992     
     9606167720393113930806434358835661724507561677878521531727891732827629     
     1551805865620677729197937941969059041770693314289731741293566881902224     
     5931840573587814784560301909594467068381556558227026216659209888468011     
     9361354949919900472342227818338194211946512165425384476604868274775038     
     9990851203601954882578599331016108274194762749916485096026896101380860     
     2640755554283364300069395904200351182694203779853677190111410128228024     
     7680341082858135298205699310778139799433929543097784435527954992454461     
     5799719380547868768910258944872140556320799255590409993955903689051144     
     0855402709156117875974311511432052311239373225391245761990396054460193     
     9763107302566874455085925429165257302106079929142219424322701308638840     
     8188310988750553848988822850012419529648539959832363818776862085727446     
     6960036052916250920481416138417097595468765142158070225153947869687384     
     1908407107935802831285007047557963136743305961108974633597336585012137     
     9377139572417247854550748130813097189533758650384497683103843030374205     
     2832399586153296240870295096161694959035128520698703532505256856834854     
     1050429556271208856737335939977499134511080463038520389569922770198882     
     3066495680425283251801986530251768966762942554522041750315877936183705     
     5511755211990981042677186906973633919618982777257118715958387165249384     
     3617814748388121886113275350809443118662419208815851483450459795760153     
     8577501307658142157856621643690199904384825107770063442974586119796312     
     3540443358466436475177277805050895322737143228542708655655832963301205     
     7622709236648849989668575676183641061310389962965500629209649973764175     
     7459338028495349733615337897349154421990453964249695395623503492640068     
     6764032753710240227903336245215912722551657994881887202832216880672895     
     3238931560347186753191766437129191749717991718350569697375595210884336     
     5316664590685409826225029357184859987409015900780301443196594353015661     
     4402382510599972374499695970854665381871060787520780117933231163814091     
     6301448799273607560371801516915648550726742382737139905137088081674321     
     9055133130644729795301462992340246468234929346507256138155779546739795     
     9233575092719894191365323143354042196413004953345120355216420136161905     
     8296488346018545085471181120154415391331563185470990680748822992409189     
     7656960903951094474271365508288367681297111879604594814721160058028083     
     2759504150698390062635351971097634481564512257796261739435773403815072     
     1410577254929209138940895984175282240034349198087014225157140397003526     
     8635112626594675804482055516703382147543484015546020535460654281506938     
     5172493039895627484493534746027070578875102124759167742598557308232057     
     0220062758289443827994716754365019592704736624692683340835425500374708     
     5338756689621050911605783747612185960299482334796903616981607802067300     
     7107802263742882165052432865593946120170209372666157009539663057716253     
     7159115354268923425075321768147340533945175525807453350102940570514497     
     3921840013912277937956411978942336576604867525503866218779835934332153     
     1468852535837430232509004945299056236968746612709579475385195522868990     
     2261244757312158658718508186450663983735500398342734196557926945704242     
     5462590867039246517796832352633750027507213537689051774027625133181685     
     1832386382370090220761443647550610107140657799451770766710030507805397     
     2705000456018231612643252839239801594560238589215354491466734928024600     
     0871686311715989767296359628249883292828212294734352187003249759397011     
     6607177418044528639992688238511440803571544766098310065025421367182525     
     6998806437302084546978266860682612020040141562394984720354926194344890     
     5989134302176250661418618358642877094490634667399539237264494723336888     
     8566910659060629889975901682390239068232770911454365997332783519150969     
     4040217260076467071287095126364285792333040771835364714125826465563469     
     0429192501935352860336188654167670661576671604319950744236873016468221     
     8926367162212860679119552969225711192497683900056312136731178186317832     
     0369322990306557747890023644600483624204517161611704150223476184810567     
     9524416062290152443805214671186234441864711839095328913689068786317105     
     9336580629501751172010092986856316802855732553187109137818375736610134     
     4905734353954650068916929799453133591828609056693079482354728018719703     
     0773882033593838494115917286647841264103157693016245503246143353461950     
     1199874540298992950026792513539195651650207187862550543909471910686798     
     8618857046973803821388710589159902787169512993180979695416012483155425     
     3565888094604697160778591397561442969538262176082629149054057177946891     
     4582736878655153484631485407995676892462486443111689104244047026179801     
     0103264798530699857312411659095711162738836634070496002110504301967651     
     8538842026720626698785392138867906595757178636082105410811428870047677     
     1632825539801379441224394596550000427211587924559784094742820363738851     
     8046411046183175087479003157969275058955867388493608207074445806213242     
     1657830428161289841450054575142281235470046444778633370645801016050974     
     4180381831872464317426517506446967704543732125782417860102109530248906     
     9025342389603908481947755498128545201002667139353907205252031022486395     
     6232357009326772992857815377578709223427146496075041932660703244638184     
     3733934727033878529123040528975242610897569816638476262317431183599017     
     8531954461348989049924745955266126483299788070630088405110369253930489     
     8030810714627727290367625958880160003121738364328457443868507769074309     
     1236472888560257802666135326528919960414251764117633001824569679602042     
     5628098787905287637038656674503515751047435887083465711884926185792918     
     9035493043975015964681040077269852681791442848702634886393279161178069     
     1163266040342554770115321741442404687380321304645737481797736022128535     
     1735358471233738999913819810873158203198612330016320484904274270377690     
     7374266145905298669464799279159172553518214476980173501779650564660865     
     7263457368240473627697580868109357516608863261104951600617731791021025     
     4425016387964916254142875141810097642101802450276374762526002178738242     
     4568239237987646874278861838593124558094576090041764714091217170569977     
     9497277443676107299112570571750372879298376064624461884077669761360474     
     2690695527346599148978239679853840978926593119086890264213077501295760     
     2240905786410767228887363001328024022508437907208860278458205087150289     
     2592859843909260489155558246890835862358373022584446878123279474147555     
     1335203679658002752121831218817028498791001125234832294570834303684769     
     6471971462744603900702990752847527979624377614523875244657965551842479     
     3916933498351336306918737952202110954602379205075605271835541866841126     
     4455022056427687372277062007953022437309039879743291100385584375053352     
     2149043749601304020091261979972060367871534827368022609604211410340436     
     6040226732331152081782626081208785143175884667218841026893460664770839     
     2140176279636939442302342445375449698325561339329999571579882015340080     
     9872452119456020827204014276559851087163177661702089154086621319676929     
     8388499801742394666481096074730617096998292169318776345298253503884756     
     3894832209281384190814211263009813451199501543527738499711111735830002     
     0429168831145818205768688901326860595764460719496424438784957194148892     
     9476469680853354005414609589870776354520595855295933486708082635731239     
     2910268113778938889815687722872984738047698621562482818006295676341025     
     4963958709943546146647668703457735037808620519413683356002263349447058     
     7467559566873886517615356897946298585882138820101224577064197719214153     
     1440033441396487203059866114193161140505697833883255250702519045615199     
     9939019623599491709817128763900790443425597796178655472846220476519031     
     6120026230815210321925295321872932065857114811258064212167822498771195     
     6951197049552043302164891103520209710861268506469930585277909085154240     
     7211584101890778580383701246900267374368893225328447742423017961823367     
     8472784060865507394289631348218715271639959923481465944580678970688503     
     3744841099617635745013257346454694384570309648437277784869393341012433     
     2072014235267648752958108661292701356472982327000584117320235479207744     
     4385705493042087348475488366022353091219152341726896664754074086540316     
     5461981533951022523867688141632323548132149149489077699658419740336264     
     3868820409503295222958331761402332875488783099397667891184010844544034     
     5936381394921413404205125844504377323566845876616590337229598741827637     
     3286227381790488713855367270269175052729093013992746423006215793395610     
     6006127841194146969669897378699487534545577580984273398730389723832706     
     2141463839026132984030957201300518473306347677889432640837415263901335     
     0096773492716385331973262200901372976085508247556318242417546004484338     
     7997757745387420807661194828648382642745810394450423553984046915124452     
     0085656176915880203693987012208913899501507124186338026314215549897976     
     9646359515073858291432490555719098888484670251135775549860634224491482     
     9115774797794701855218665014277636897179680089309385996111842732497309     
     9455647419922572155549895440327467569390491808100391766274455176628529     
     7539750183860479487979396236333674503271443284241097176736404728363216     
     1776551715075023306685954319892770466797265306454803065002373151142579     
     4073742237164250706899355602606180448520005259485637772507663592083839     
     7858340251688218484806940945401600199427044946563937004026133616360527     
     0327397360452393337012973392622598273788236566088286641978398379915382     
     5437968978198155626878501007707221649900066650537600624427204149410377     
     5406075879563303112183835505851479456835627801760592259174243713529247     
     0442331747113703323843794850917054013119729885335404516073104519788476     
     5579057196154219359828089771682987088475467949735326873185365805915866     
     0540951642986516662492602936732693545743379502415178450647377805295916     
     1659783724385008296570216720632805624546121055184682375440430114349540     
     0172306742423333102173345561545818023669698567494145040740239910898069     
     1925671054621192791842266341784770547649524975584515035755876156607135     
     4091335815382471854201366479565782406315871460362333211506170837241434     
     1485367074921685652845129439373255792359640019257612477495210252246127     
     6114940788997668549477640038313530963827654214644358342074726897757604     
     2879428743792413620589856953964795775637234492816777072871528894626186     
     0618358893741995239219945951289963480327667736473510432055590402598728     
     0059720798845480577320604294914619947544880782939823058440152375588955     
     5236509309428165825019522805467152014914386247893275626390164529451081     
     8921846576996819039224271928123624732617260543732954727958577720719596     
     7634265296381931705666158060027525292563559883607150250169567116062919     
     0994955789141531949136218585714771112182112300739671790850400694562611     
     8398404085845702103176495171829686168107398695201474628454121807269693     
     7987369993438122831001467818332259922888227443187278593641595587759221     
     9037936740082136080859215051308585112526814964173052087804394131747273     
     9297178419762382123888770328157050658817603652351949971689405339254386     
     7096070127307715094456108207723449272495680655294965569912538098197705     
     3553076755757589896725609575210099298423276025090931396435226447255824     
     1008430337559215680246248803080139268078897319579591304992916551253965     
     1205404475584162025085750916846807724248066097507197210073589764108654     
     6501087755943284804237905710015923512928418855260462127033214042326604     
     9008706882215662014407745948191058280174378426220296682342410883264607     
     4482868358991609958668354242553144710457796442389178647501968527780567     
     0818636403728341120389989318064789542268936524585540673738044354729546     
     7391944881742129801765969355529409189637702899662107077175551059940989     
     8466202995813533538198002870616435541890578720969305707997568934597791     
     4580895537391542425374320572303352705976921220706938092713205953305151     
     3434679265155966928326691489343787893720683937494480636314702331413850     
     2379965522312121583304572430473452284433177832239737086002125051102760     
     1582888196916592669108064823545718995229409906159521788076358389595492     
     0020892816223764480000000000000000000000000000000000000000000000000000     
     0000000000000000000000000000000000000000000000000000000000000000000000     
     0000000000000000000000000000000000000000000000000000000000000000000000     
     0000000000000000000000000000000000000000000000000000000000000000000000     
     0000000000000000000000000000000000000000000000000000000000000000000000     
     0000000000000000000000000000000000000000000000000000000000000000000000     
     0000000000000000000000000000000000000000000000000000000000000000000000     
     0000000000000000000000000000000000000000000000000000000000000000000000     
     0000000000000000000000000000000000000000000000000000000000000000000000     
     0000000000000000000000000000000000000000000000000000000000000000000000     
     0000000000000000000000000000000000000000000000000000000000000000000000     
     0000000000000000000000000000000000000000000000000000000000000000000000     
     0000000000000000000000000000000000000000000000000000000000000000000000     
     0000000000000000000000000000000000000000000000000000000000000000000000     
     0000000000000000000000000000000000000000000000000000000000000000000000     
     000000000000000000000000
