     3224132521443064639592313905191271214091574911061705684703604139786738     
     4501566803501212437747942359845319181294019853046940581399888492705388     
     2690998912835937061491059239698658290022321652840980294116553937750998     
     7845563274131281632120238003049480698480794884110961853016819191022331     
     2256966777832087472044370518761015984663652470154912616932508943141063     
     1171273881163483673871620252022597137129029627408263256840627278431625     
     9163714125114306487840534202782923098457138970050704117572384135021498     
     4947949217826689673174049886689881674144569314332162302791407559633366     
     0271068891367958121357997659405155058198287857327422803635173706471737     
     2422814513987229474103921933486863087535183392011711733860787573011042     
     2813604568835106458013052104776604243542203370759823070072601227054782     
     6426936738490870699396418750332820826284490017423777495124251430094153     
     7615184365269663080830631411993704672867266950574886987930614305583132     
     8896356237644994095995940700610789441309539376731717254723337546486055     
     7393194797149625320546598670503054885010107946783480532317713263169792     
     1475708397616594339732424542052969832523068000413172479704394510155276     
     6833152999853493828956026444041905462297412805647868807248134828904848     
     9347870889172232180561795607473690371308987485552636002650063666002662     
     1159304158318671564916756666325958560575386894180075375417351712969953     
     9669665981529940506281231392824487268173901205288798764567426956135891     
     3215699149723832548420467145359947720002317124721349352820328834285032     
     1639176861398005457827663912711585185754627194248747651066199757437010     
     1365436120883007885191630210866204086239500023509245199361192475851200     
     2851838021234409664103801379325643370290107536108535512700136494204832     
     8024877690845546697564098366109301077536442989373680776429955368499213     
     3857810884098185445163434727995619856398464569942535224003177720869925     
     1738871313007500075279615020245866748306993951792115388670195217019738     
     4484857430675490620827208273797547817986635085521239090440965409729695     
     2736795175754818912494896475649140026240910057647989407511531404194975     
     9259181016160089938442530247923073634032235087927215820601114906331296     
     4097424784877266418978451747942614304630954605693058524281280742290703     
     6601370581471498205801295538784387901773564622504282437723767523957294     
     1196032521702486261567721277596607848149314311703133108876102322857397     
     5848839115567604070326214225441954206977279938013745926567593995807432     
     4251680940804887780106877488744126214561478155684553148156172554335476     
     8990366104152853003274641591776597049730308003305470707196578678143973     
     9743073543167350582657039693010151567848932268207112006106513130366414     
     4271271917183982319794461523365015812828150557294245968226042459400960     
     4556332078023248400354505558883581483864168230095091558417343428703719     
     4000166959913679070128725518528090439739114530859852705090387861849733     
     4699527835152020647099849472905597518651434728396872208506710437561305     
     4784553303801914119508398335377290291040548181669555097967711986447429     
     7339255228342099987197491261397937127469761442912291047291001419775721     
     3313099507919113990975657830890484029808465232844775553490678513940266     
     6308491684979000658104126257168801207655212390417160727857507151123140     
     2889154172590579586374666997370647110845799522998835031426049547204944     
     6341802278814781107594987991411084228363378338931374852873890483661280     
     0858160114404824738207393124777983215483387664632732088812424053057580     
     4551465849236145719479978254918545815613473387535216520409091425024938     
     7209060102153897271795646773633002381782705093419795601602713584756327     
     1107357852926687289602749344216482281982801884185405575486364147464112     
     5914149263666907221530923248239200853472387959108098764342957048861913     
     0193235797151899921514768991443076670025209594839177707544342127799301     
     7989695819502718333039230386339979306705561574317643860432756795995007     
     6552543895216302053740796540183810712786983878406921797074263606802171     
     2596243609548313893815865887867826776998791899820003091951217947525961     
     3601081005365713267845185471536481303734274914129000772162324456405977     
     2031907101414667955931656528117138253900332317954036983370176595396014     
     8497779385466819506228663635417823428816684224724631778595995454018553     
     5935273378729693544684849449227643970621942873829907102480045525055269     
     5457476443399248323894790272586083522937332643673377814557425011292007     
     0589465179439246613320930544295648803906219457400751679813241612914652     
     7092702246744313898921388839968578421246510796107395437501233988238950     
     5606410442361141917204761469950764267816247602587945295672096626131735     
     7238679688431883263148207811849909793457790799766496628825169908869966     
     9958962840192844377734310932648294385495440773249048712747612203393417     
     0478900750404176178901588551142125808915737422553712368713417561950118     
     5097405802366980759051243118536213977473643295170149670381033309462987     
     3973694961585016193221519612518136473884436634571415545259867027617482     
     7352919526535489814922747069464395357299072341345356126350783076890263     
     5202751889823712224146725873747004442103255347277753798036074144565836     
     5523389887217824092451848565042431668572451858217439880843832130666697     
     5971540668554481623861193617896892201313260602282307231240344729653639     
     3120900941939235037132616770840781918914331738354885399407592474098682     
     9469540819274144348032983930499491115792719263376564755528328476107355     
     1974117873834070638907314442723369101241778199236524642743309546297488     
     4503329581554524574967269873760680361828585473395478471789748179472596     
     0474279472117197506860946278855312945706630136855503769311789545205642     
     3043233305239634749087062319126084727079551157214900018408650485740743     
     6598016554330139275008768265135547167045990577614302303834634276528189     
     2020255067383989249742233293830446639003068512898187741704027421171907     
     7174529125394523868860402148425914712796766507739790648743842594809472     
     4924640379295767650484832033948207739187706347945137641193571617421867     
     4045916832093078455639680597332646704088051950404293881856764646038821     
     0601752878938740092481922855678629790113455491992148626570550068815536     
     9646220333554511063906528031979531080847110695521878985191440058615193     
     6334113393957770479013165600039103755033224989274964257762023377904337     
     3189981118657877511169997040833981999991237566271867694653597426372286     
     2180539123082945359634040077742222573182030423732779932261232337035730     
     3089451543076300602489780610599279877024270751781412801265281540117687     
     3619154037179590757709293564518817350399361123765798262572264196429370     
     9269249697488242725533358970700257700117222175372907006831163424568678     
     6804625961319385199851227847031474563494433653474424244239047033389669     
     3952557847453150286782488179368873335347462421146977635337686081505225     
     4510306161018055715108382186955438074691778236238264027763676906605936     
     6065673661127949394192926954477043987838451075210880246432046958398812     
     5240020986710282480141413739393102524492141572461186582847125533320799     
     4088513085354597063021800081784603611159899053678314307226209282224925     
     9386386923529042087711540251334181816097416568910873542329030389911548     
     4548469671796490860696563395502430168573642397377588734873288584970236     
     2966447502179881638612797153025150199418711413972667383833701795614025     
     3808101196556493512968141813269366747461784016420169187013733435296875     
     9465583745756162463695418801722804740360435691414950026753969824770561     
     8669205062930217370048231621889188853194304389839193447637311045785599     
     7670858097155999158271890763289629220514611239233567585756858689841993     
     2773528705686009251913699697286017702620653981697141299739622229960547     
     1731167309022839548316982507220048071682920430830750813003613504408284     
     2164598709615766005006880130143062449543612948858749838158634439973505     
     3826498541176947028007146741828495698309633207825650124517555201347400     
     1096512514035170002151538301434134298634013817219271599375986832617394     
     7378234943652869442672652724764938545123782739611640937424865372789200     
     4110593501061419811836118797429662660085116698167330133981252357596373     
     9398849854305158168610893754022262470176351727989219838591715007775675     
     2693147554176631590568261942355111282494108263814403517615966427181875     
     9313947188001678167762833902907745312512708233966281787023576382633514     
     3417399177095191013435514023541409149848852252413246760343224633377841     
     3896961095972029456852824210602265748281305335664452474302399412143656     
     3409089493694857264245516146551180421945440581967523314000598658734129     
     2639137337828972534277641275025160514276726920600697629398728688899460     
     2658950945730683428408404386740435821067825782893265184500243402926457     
     6343690659987934711301922581385179703415596956677781595060556150850000     
     9547309238908151968992942882359191586536182300400252061326413156351993     
     6232610656131048836835209823691315609600000000000000000000000000000000     
     0000000000000000000000000000000000000000000000000000000000000000000000     
     0000000000000000000000000000000000000000000000000000000000000000000000     
     0000000000000000000000000000000000000000000000000000000000000000000000     
     0000000000000000000000000000000000000000000000000000000000000000000000     
     0000000000000000000000000000000000000000000000000000000000000000000000     
     0000000000000000000000000000000000000000000000000000000000000000000000     
     0000000000000000000000000000000000000000000000000000000000000000000000     
     0000000000000000000000000000000000000000000000000000000000000000000000     
     0000000000000000000000000000000000000000000000000000000000000000000000     
     0000000000000000000000000000000000000000000000000000000000000000000000     
     000000000000000000000000000000
