     7793490600392812532165408756389415922868049068307430729275480432489209     
     3896968121083068034762819937137842922608684797887372326144059669433160     
     7657347509499187830768462516460633293191530108743381705524446358020565     
     1454549562006651561506314368935234322688613342426103022292616574014022     
     6498143246955176317354619047190810274222440538321007150333716480403119     
     8571258188981447869791061798315658001996703240375893929330951798722218     
     1762610372625284232361710266980106184455568496534459223637636491522310     
     8888963176382935602941129760947019637301210006028398326485230497131530     
     5930203991283965609848818250512140649547313787863410199575158571294186     
     9078042891470885918441820711471869342929240268912205832040669712659473     
     8546997438624065082021667224688858585387255639199643743588031878773381     
     7254884939143138317147268577776168065104198058093818180676310987187761     
     9443891501349203604340759278536880628389858248500461713137292236042719     
     9033591964092311231547507769910672893528605741824614763286319407126292     
     1380190062155480257970054859251621429573057730258039508608842234435984     
     7979750618480067197414248573751030460484677796851813717257271059524823     
     2959872970514112175627862056680934936914242145563397867441911302956628     
     7712598595557327761024698142297595993514196102268774486585432308261031     
     7609209135039232878900446025256832138855503740268081093433131079526159     
     7035148116110594515956781528695149404577653591834256174708879098527048     
     3400411029118832301839630832079301986231536627482908250847604604480492     
     9335795985970854674289749510186995912996386887277851555119216931993305     
     2455356566033211092951497677248224908731971952108251643544635321937685     
     6728751349014383374776460275236040778886556739295097917817202709339482     
     4835191587454145349037223909084210046404478386007191685693320806150581     
     4873923451282252954686135126488077595548760487940903940616410089604053     
     3049142832143676785529989594293470541674434213665200685576200026251328     
     2594138615829205963282022595228012014310552000641776480718587840764602     
     6766074312372784844819660292037961500659068078657938649439282398212401     
     3292360572200883677809607666073768696299191521988460351781677507082162     
     3726658788944746215388865272364413276686720054331835528044653339851170     
     1601585109272864457188446566213880215272608156891359691009443611032305     
     8768628439547771599648453916470109775429219844310159786695100912598992     
     4274436047794505220146763748220541567541224951502709961501019893669852     
     9192790239461490512108311861691553872898019923370781473932856046624271     
     7844187481736438926339852814358176446181728253013406800905580895577233     
     7009800014195754548429236921147627564496424948079067665276739850364833     
     7223405177320532340567523708727728923885848872878217614207677305596154     
     2487734187640330477671190199140340912074270438897850580535535031116724     
     2816163622672239982691590045282771032453180005436562387493204293626068     
     9610448238728664645991055854427450534498374814500664657824937314033537     
     2496063084614882623085042706375242011316458040637601008631130142090907     
     2437638692373533027715371760105365205743731017588926311883615182728528     
     9560520375731729033823480783066283193605756055759118022843451270298008     
     0427446851149381796525956583917067225681355149722085157425749363216581     
     7386921748409114291023695567533808409212982502247866960274383460583316     
     6551044041488023547834823373551020446645402835442835839795492289194628     
     1081118378099018081006142564592284819145481035475295085654440682382072     
     8522712754307645145631437140096142341853348945922144264275860421170133     
     1128286863427737898401449233954672496218504710979841748758555656719142     
     4562366649613136174165151710942947683282384591950418020388351717822244     
     7425111935993370325994137759634866574675358957185151207325635355980138     
     4385760690569832545230749753854445696100444359425109466227424855054012     
     7259616260435656285589079517086843709239226274998301643994662580142172     
     6455382373462148022648014191893941040648501202309521910532826467125660     
     2799084592282580185655193116341079166174440185475659344910945431026143     
     7005530822016927296081143500681040172603707206153267456219823248698393     
     2482808611421064401932546510454306766051190223647680511102120248449091     
     8530746359524581064157876023207974442276422673912192731407952433606842     
     5797067143948748877669639888200169662310673054162162480948710582841951     
     5789808782317319678915946664401382025806707059944743727551075521357252     
     0882002244346145780282073328940750826010056614230928885026954983318404     
     0101335929956896386347567215593970025225105707389099834451678689768590     
     4175335522421586010809059367551687962366764163751373212315330339322721     
     0747459383008106352778705104969656228634433674884215688353290583646359     
     0081714616233782749151939595728312812034690789781187645685422138809625     
     4106429723455132076068953406568901843969154490010588669779857811080118     
     6534338839702245562292685905579167456836948435351718508857382388632415     
     5841858631018074822569056941276592729262336052264957896153479441816086     
     8403308962838562331657658366648856362589561933351752712461353902577326     
     7893528462044233884790944651825166460161706997322775587605853990749500     
     6749462497356165102948718067176192594299577489376809270394463972268981     
     1263937992194838888775323576749219465656417921522529192228749842717100     
     8809974917341904546602007765056519953203231451700697894716932754539720     
     4425927301598454673435412518730364107732291945119570014716544075772033     
     7872538296407334327782924897836424228062972856981378651504228599893267     
     6299251841222585178278853526284419361104305497163840198258684502410569     
     0943078220263401183009808625774105473711460495110829724824242715286060     
     2461162825216464722999012934721197817854813899845483929084656284602685     
     5073935457286338694196264776826924516936038080977361815465782551688021     
     3165446244258914640863367517176914893762994864811114148962992696423310     
     9243126900437965533526114758527332436779367818046847113642461221398910     
     2914717142587514909196119475042948252371961849163561020398868194551464     
     5450460042310199311609418918637774107797437408797538941594795995711420     
     2673017690554619189719330818113479252413464816287158176463514848630589     
     2695306489865349099990037529271176674643285664276331357287852532249093     
     4619539040158209316621449992452029291468661713004859037002251437739800     
     4915658766520993745872268248889247662259640528675404891867482824602985     
     9953752117085386641505552805672665972744928631971616898835632245878878     
     7639591119758144616057399097374584802997547333741401952120267825852458     
     3331280667433110584132619104141635249522753700959324321626347731891530     
     5736722071990662054663840505752005376503457349677117726615846739171960     
     5042655591303277774985678544379928522921978156910017919689786053468508     
     7155328624219336728859406002669157643664525957793038684785693038804247     
     1347324088396172181021503109143259229874612852389850961590471247096119     
     5431249822633868780312085927595142634956712737457889624502352938313082     
     4704000000000000000000000000000000000000000000000000000000000000000000     
     0000000000000000000000000000000000000000000000000000000000000000000000     
     0000000000000000000000000000000000000000000000000000000000000000000000     
     0000000000000000000000000000000000000000000000000000000000000000000000     
     0000000000000000000000000000000000000000000000000000000000000000000000     
     0000000000000000000000000000000000000000000000000000000000000000000000     
     0000000000000000000000000000000000000000000000000000000000000000000000     
     0000000000000000000000000000000000000000000000000000000000000000000000     
     000000000000000000000000000000000000000000000000000000000000
