     1718416206065652067076935516028757015578050363242258250108498808062029     
     9845909689128106355776164312646407651101747194680678759593991615356852     
     3262425441148381975338805626220935685388357389679842928730467270702124     
     5336475663325505739542167331239909623981693799690073039785047249838400     
     2466036045869605985709214861511391933631994859063894643429108809874078     
     2847065536757741456509891097441654651871650108831236045448583431341832     
     1066961647707659460238725336958728216735316526173227123374007918271220     
     2154412689632667278694359037405561219240103151369291590783877127651939     
     5126791946910492700686541554117496300744322474726419330133090933697389     
     2063062794441152572208584263058221982577320318872644096441224960870368     
     4489393056736638584450792887174580363571643004200814388525738869596788     
     0754306300142906963209815694177266914386090507742246094628282700732872     
     6816055861353291244989976102011533744788916494020042610693948520089664     
     6964547425500438049653759379679707948323923978583893375886721727984043     
     3323497301635663784289205150479251678274240982695759551098901864492171     
     9450917927670974445171355797493218525898687322188199867485144940972607     
     2264126920236765146645889853963862071805573008227395420979648991216047     
     4467781301675910504978864924124216406111426852638042541521609053282806     
     2535176281499231541528539812230405047356002189810418810661717678465166     
     8621898115645034828236087955876059022776071261924731140766755588699082     
     4516997443871175596598767840139086714549088283356609051419587518130279     
     7393366240357608737884975726407061440713957725255433188873086155117647     
     9143053792695067557872579725917301901168721341132055317887879838860329     
     1989597004394977630439528088334113051811722117556569453586198363258871     
     3287552255503300879970302243415154296880787045026993870459495676090394     
     1681128824819792282829683119235677538431326508750823195421229672480252     
     0425653511806428308884228856199998375747376432198483158723310269533096     
     9882179549419879176853191833007495991612538848836967670810392159906577     
     0596783967268156094711231168750428913921455165193978695153600240073549     
     4144393026523008123951526603014559642388735187405289409459345411615100     
     0599966462668163024780697483353396904617725050667075779360138288012073     
     8479573357058875633542841378341401449046632309577866289514316347823966     
     4617774865964910376656752926797141535889738417333507883808609031787718     
     6326525886990283224026561951680713137305417336462459195808767520340805     
     1512685271186175291107248962905995464745056488004372789474386152219430     
     9508885075706519181143245543301721767230123990837172159763050299411138     
     1769188637216175894676415230817938217084112962341141091204788566543919     
     4193180492210032246073193017727372294337130970648622290977227271766342     
     2734731342106085913574832978128527288970667225518783011622990991178125     
     1855779497698196404537131600780856416932009832937508180011456384733275     
     5572444970929919216903866953135352743868028561675611974747272203837593     
     3451785566121293076008841355794917608291936096662345239447241947366427     
     2254300313411576010250880934372420928869056768103984819966833736568884     
     0596957588971557743527384898084825826101814368037872858105924098967117     
     7161456815465874351150072626696985962073302936222024411953963038133895     
     9435093540049241322985571700145087649386780308442223203100194271497206     
     6174650008231443360870729858603307626802361677750493183612798755591275     
     7730179706000256151330889382483788936960464334309394407593038070440579     
     9521855860518887160061190664793624166762327182846756096234423513502426     
     2237409091588014438588664172931047644737144205648955864906154784678691     
     9146915712725423179490638779811332882433846903801556094489749976846508     
     1260734036769293225378385332631192899336784742274794097101528203881877     
     4459590214743958993358267362405661045693630708009434788128130824478931     
     8197440523739200229156179422112006100604739463989563311851862346917340     
     7032458051537532141291189003539076714452982561772125842867743439071278     
     3451098524162194588036177229843575824687203525650824413540972594237364     
     7124368837282788724569674309763128536622304559269796515761433498088416     
     0941316147047997478158703288644680208094158083876633263380172550857335     
     9327325733770880639600383469468904365723156487178016261000392786201006     
     6689733288524520532007669943755522710988413278425038426805038795927325     
     4799376399823110235092630186898691015761195420652861775204651332310646     
     5255839851351233681685332685270242012193056889301106378656229814617782     
     7897219352436501512399412520869039797796604343981113619940036833050483     
     1593016888339891171209919325769202131423359679062829624392932568963792     
     6503735265564848957024653374751706746257890488683675350876450488465497     
     0657258347843655634300296697505923857163529906849080209417120757013158     
     9928427548170564532353714839599330169535044328449460572681701928193955     
     3626012059007098623519093996804948255268190569827400575134399035899186     
     6987109577242170952331543666496176450993758343084505950561896735408519     
     5582778969199440980212312080966843509032602106005577426932452979137063     
     4284433341731961664936631072813062520670341851939690836017712742150256     
     1898677528945410352705163972955206301095412961754544255380494968478148     
     6527166740604560914691268086480467313646320809529162727845900016085012     
     8625335271424000000000000000000000000000000000000000000000000000000000     
     0000000000000000000000000000000000000000000000000000000000000000000000     
     0000000000000000000000000000000000000000000000000000000000000000000000     
     0000000000000000000000000000000000000000000000000000000000000000000000     
     0000000000000000000000000000000000000000000000000000000000000000000000     
     0000000000000000000000000000000000000000000000000000000000000000000000     
     0000000000000000000000000000000000000000000000000000000000000000000000     
     00000000000
