     2077692425750045308519379849365179983417011716890006422889400613767375     
     7213366316120512253163108870719460976117521142979254846235139261871877     
     7572084278617526260126088950742881374747238179005747678119371346971627     
     0741846434837785425631224571986698943225072816847128703085980287407016     
     6310704353822720470001376466072989028461151032284894186011677031742802     
     5383292807301618310305659922395968503454343705851010487602797150489886     
     6555615576105154066922389112714161796531234033196195744616683495918653     
     9360371691265415945490064176471315975843904632316259126944437770929604     
     5774194733339077882719119534575336652750725973298615924720207371827211     
     8958886503929439853295781206675849095513552846822069444154680836622706     
     0679978441756257073664207368299313280259793729582734095657207171463249     
     9833312138054119478451874898540433188528085294200098789155565952874427     
     9790065645497578282043878033587829927619950968754712990264063822955529     
     6967545443614666580786919548042697512778982385069468915519556319620482     
     2551695394886904022518205348726666572073336913789630425323031451220392     
     1991420086744032617272264692484568091435384209909382040711706893093065     
     8450718969312742354404309446943812624996191915571428656176513741132167     
     1498295215442423197507615529681577296145180421493628666266088923206735     
     2362947576994775668171450774154364390511901330113584205420865096049399     
     6935321837392573936867787198360667595079585742996190500118797150454762     
     6635461502701198406617778464586272052446878394464078727256204733563159     
     0777037042767012486604720092880912318174795447668550987459910908374864     
     2826552376616610699698583738971187311645600235607128960352943210352381     
     4705668539958810243549542521224810475805673899642658674755645489405703     
     2544989878877327212814752533270772698898821170519599350269453680691522     
     0261297921413855651506250580493488912801442345573164118719159309720077     
     3911601888901395875477764501367799403192791106244508674443077256550680     
     7071403530253828455775677925259445706048905821693506410016500507300132     
     5441128377637448839484842966801439271351344638688426143806646470814456     
     1750438763718335843540748942540830735065959425070106475872379517650996     
     8942700927561856312862811029086348056554618647682928996158984851013589     
     3439239050481807555076203007633158069828403472811525840571023609082817     
     2635879766266228391948868564020032338090870151114316305004903439388112     
     5481785171884717140677620977569964286625089346681129886258641937151246     
     4617887790620223512944448450321831268357905753988802307135655299047091     
     7927098615404040289450429473981639397884054263276711468645346238785016     
     0506378697251578852463316836470453760060190260285409219349665434672482     
     6910710636937316215480724731669136460599146016109623424941007212069224     
     4310221617760163620839617244434260152268441543750972557556526486433810     
     1269075897411784296561802149924533387934072112217329951518353532116726     
     2625353936115559081774786104734397651248958084885171639963002971047102     
     3874267453794953897033452196654669971735434671308709695241180097149710     
     6809620960945868341889359370683848781174957719157142179157908037014075     
     1647040005528094427242309990331581448673349362673153214117816015838081     
     5088103718902306574589000664408882706694167181050249643092894198601254     
     8339993019094326041603616050494449810335524640120180867916512335290906     
     4993700010821124853843142458185959781119302000045435143516272558247244     
     4770001623813023800450360393963899210463179969865023779140889331296434     
     0269623442354695900890459873531384596248274644849785194695251227240229     
     8872303229231315835033970250483642498476391474561714501391633318271420     
     0927619531687101423666836202576855870198657783216660464753276575676796     
     5378979626859461372178425623839910488353184696020006905884805208351595     
     5163377005094901568682595266616616825179489499178921494842165680496967     
     4864017861454070794291711101254430362702032368383642010410018290450954     
     4402978074111954176075895182288875758143476483018762753966552048782017     
     0809082559782283704053243984118496381654428230413501661396540873227652     
     5980344890309830541602163926849979837084574467601552491513759324989440     
     8574775783251203622317282502372958835676029694846858864344156894767135     
     9435152713582368107508235299477701902729807748418276494325035202180173     
     0701268603415721679437558807282871729453373899396307303728030455338787     
     3450855727963646620051992446096058281540849611139623285118661940033071     
     2863455826318927325226416371196807091820262094999111101469523659197851     
     0585933424633748288259147685004821148103050325453347029232172619007654     
     8151046278835133020242052887330299230911553370303884507522280764402389     
     8320329782068380679537179904817544617781836006110980411704148812928040     
     0020297896899529097906544032203558695784894707023924972813522738613217     
     8595563630669965289260956987455664627060257315570387898174786563888248     
     7781592432549979570002448773500471238933254346057888514816106341372970     
     0810716818842109230891503523257955762942414969569898499613464046294431     
     1871180021571152100838519524020153668078027638235825573319253983385281     
     0490762411236017920994159392192895124835586164377246233123169814911991     
     5780208325624821699454978429007377810103397842657595357383103507208384     
     9822604725096000412894795502536725209889455314022232187288517409412301     
     1661002905614994988883964331063426676927909747280047845504689861839882     
     0995119959375431841166240203346579814011533899485696250897711122875447     
     6329181775078614490133755873004892941729469371240423978168969646652635     
     7416330263847838631559431413456417201540007502952108240030408401863485     
     7331846425182386083995896709670314341573868657373008501450189616858724     
     0056310929410622592788837788164129642393390114724262527384142520501373     
     9501808356074981661836392004505336933199216558321359471778172965702328     
     5277727196034397927441160535320401207974100612430340743727667022704008     
     8692829949604264195255495803007009061277158028223213538967157202372550     
     2042455008353090392598868648425650731038487686095365943308811676643940     
     6479093812090720079146072956843308337573140795945375258192523174926848     
     5301304222844876324226383690336672481109016346335131849017966733151100     
     8365157859783082857960114973995097708215650491121527060957254496721670     
     6445481500748197175574999506639012791168976035854038395017001055270347     
     9949173129941648447533132549169074006974134482266572557458737201264422     
     1458105612757498362726429244846458122422120077365547037613176773158457     
     3610686603725080943041306243282054233759679015346165135874572504349186     
     3292878628453823953694870892498678366026955025398698775347562295324391     
     8846096413230453788120098559170880951148090227493245144823475534039658     
     2053898535907913881738907575031422668835044012568330945923943916146372     
     5938378818313730930200505179500059554301295355262616627826122793879780     
     6818367731620438087959625384952542567652314803691901301411967719577344     
     3537962185699604571298055667606759449703714964589104709180147953609304     
     7902588430726311755849807523593837287192992338793958319896098409531278     
     9038134977621684790740637451395536549616391179296242588041673166277544     
     6133985535124478610428697534909281514270933086923248105682588100204884     
     9621796858419272285202905672167845251523570016711823810756538754585994     
     6906691092008970618713824901949840920532753608501872771946728877152563     
     6376947516877698878910672141521300557448135921537325413961934527547500     
     4323391291067753010844155644483075888447576957546857789514219352458093     
     2812121773168290731570252681577929762571676376279528681409252972729244     
     5439707921380473738376914921585190319054049857655153371175375336985351     
     0405368890203074178391541146494869520927224843435024001364072571586804     
     1867621114748486934196545667207799538540090894737417222177025183376217     
     9027831354789577404032503278788222967822100146819098238942749270248006     
     4210056689597041331712112842545426502823739666272184215339962107993884     
     7890269808301122830829875916671321934778021702971759312687073357835871     
     3612349976246430041232882717431473826666137931358912946838867788120985     
     7777264877934153102088676904339728107780410325503706134496233225060911     
     2163751345417363850747800886871495239474693398121998270984896711561013     
     8593639321513964660316131430086550967617729424607004246183873287239556     
     6264858608059526430600050227398183048857588523253354924469302728720955     
     1605567893232887711531331650997336500109543772993257155277235659905190     
     6394187312614237973855322811502435916814637435175819625276918438914874     
     6261191435418830293006191072010014352168873347589764754909754373811767     
     1610147820971632492245959877558307389721721938517593965969352309494450     
     4422726677421872891113042961831317198432494055197134003900405117451407     
     1507564787164955279390342635127957776479917539348512209312078694038042     
     0676056036910737071793118390110565167915564155624350093824875686853390     
     4345617464460473484252143901717857120067849333206602268674740416338369     
     3233610906842228871367171269111266783078948232641528613997868215490579     
     9146873006123686668526496394679550013241209452036470812983395818399579     
     5076416404822743984478338175814933609446646433998922614036939269981902     
     1471387328962309795063963307714570438914579902787038063823542660908747     
     1559030185553548000208951839829981797910614276314768948951321691311381     
     3836668815120593303876263368886862869076873335047502964493906371195986     
     3136494031967443889043263450276405774517915145338898263035330446134437     
     4241952387823648546654432953049580165516465385147990650274578782482381     
     2357435007000564410451000178954651983381114046751629120042109108678843     
     6187589337650266125948019098775519463870055356750574950173281831797776     
     9650172948447169712721730096942565771141640445361028315517300889414018     
     3938086522901174587898284025642776400395011715567126194071148550047492     
     0244843267947754007733636533286735875525179040678356938044650750077560     
     6249229132005825815439596735904292624488837363614038241193384127656173     
     9865747555730716414208233844654009295872144494467806849991976984717313     
     7215581624261019119109101053293780736598298822724002743307247747373128     
     2938687085009459522626220457487552588490293850012113589219250349486586     
     9395817227728548344187991542319430696219459531936508502632962230370568     
     4669227098478646084506783534140827105236808999855087398393578377818489     
     2071316234698338217320137524925993692580367051302861183662333211050345     
     7057967589164420124012157247521040855979563093781581773733422238344932     
     3949073430305092712534955679348877170740407777738154338584069871901842     
     8460381607686323456400001315040225798670854592405234810878216756345643     
     4209865692383831590814293194451724992840302802155129323633789716934655     
     8308485322347196669173260704098287008580671739213731940737008806699006     
     6429136293818084349618262739554489050760160806212889982997193029775334     
     0317956588544730170236582147470480526315289978347662002270026349766295     
     8857670363293668419745762523556184231834262895606600599159285605420686     
     9704442876138815980953838020682761190538644064781071095106712357068339     
     6418861885223828495136590279095921194555127992577940099423372227185670     
     1515486825321291110958228469654198056596094443216897591571166547522053     
     7721643622534550734988178129380650186576309127175688482518977905469453     
     6802647211104904622792065300439255615258414901118496688523712626359227     
     4237569427694333264576570840697349806898434442441239640523958657635567     
     7844041226640248624580085703564081936076201686965179463233589378551115     
     3054581442712822167212544056908963498094431855113663771707371324057167     
     7438760444260509825808224234906212916915015983336757273129981850888298     
     0808430146038394941919269822637168222259160371778064934155249459597560     
     0532293265430370156080006414960840087230500296745934757230993058196019     
     2742243149124762766006691146199303106711925815461969772295599813042844     
     4516246005301045801934980843635232309716759417363032186154050553688175     
     0114251189648493843792824182884410162202556199914393938069065427529404     
     6653228083949473821306865664427108572250630879919236434698685719001109     
     4654913719732029504534029483291459615406826572793760432819751017558364     
     7851821637903208159508485040501582494612589963178910233951318169176770     
     4650457826349959292034784216354476862909751374856997162452685501214958     
     6685716495494802943023090328084003838641538087765888493636461014269875     
     7966740518409136928629686109055585730556720011887922135239567657703983     
     5122578606852414221131694305889719963827869178871222539271171448269511     
     7248142795414965487100837413223213158706232098614561269012103283455470     
     8203661188304309130192974973678406082873039357040496345337752196898894     
     4884441380995218534417339009733534000883897565251994142641652316150023     
     1040145054356896865777473372367472608287575503420713269953029292445179     
     5309200352029619665900019432583231743958434369496865214184442164283144     
     4599291798567298242532467769149915574534374456171744808463409240070620     
     7692653228275141982669005645241478564473239879995256044049373154779693     
     0486632761102131704242108998773841160107269210847569725049511809604052     
     8201026932538123212332628772914214455867317399574941359968403007052401     
     7924243003442855367632705645108391771016577037867920594118410684293900     
     6614222319704443880697844956607837169964562207993204754376661877357578     
     9023309267834668461974823259864102370455299685850869346351928851004514     
     3988391614094204243632579701771796854610749726091814134853327258222992     
     3188228684597489990413044921098006827537424950952612928375262237756873     
     6473605110088683808106610142135165835830363963768858347632009512415147     
     1913461367244866881051116118883866788885023492605679661574916785418921     
     4334483851473637682384521520944518776674524643346416969203997746955233     
     3709026286699804817947261027901446379848643612505177589438881441018175     
     3985076383161877939625286599713465144799056074238036871857806880955814     
     5919350019488148978086024924314431302095933467303529255373724381167896     
     9582565193709451888641971306090567807885623432499142897833178389347840     
     7379662007414774105518378674217478074768458411243421685821561217407921     
     1842185726265939144485835704553699576080023037680221947182494693315804     
     0874408461861270417954897025560857349104327145548655218069109988979284     
     0879535335589575271613491182692109720566942171170346777075552046653323     
     2843550851355037577455571371164803220884412505955425365665740594813742     
     5276797807391703569928783342565555468786861159439874666945437955735923     
     3749738752261951724928164018954595734461323176495209294499253968663361     
     7447528264973510731480550593514649743939780935894418523998863404201039     
     3687365389954173895529467841746867284264901319833796067802280784506878     
     1263644148326807289897842560121922467025617510624932133359685676594219     
     1882824650018571909512908580996959435044338983134342822627650133281497     
     0946560710512760355444737798197182435412794057749535727429410031054561     
     9898189630011848617648849128735662950778797961900754625854860802520308     
     5595224335998796516250091036087705471722444319426453887074000294543066     
     0668927499418403791498261152794789260301987327987174215753630139470129     
     3074804521335699182352846569658521231066707238997600224536098290487273     
     2648097673853883794400427905495023953299500061454780864036125726539201     
     0206427730445227890556462552197119669393837119430603312454565558479459     
     3627426677576978250327762976331097019765536414589726696413410474246973     
     5118125213776708510624288891886678268068490761547382143595009691101441     
     7905639874249809466333732076067541350451025051010126640843078633766707     
     4473554327948926038161443111702397769329141280026537952433774110772937     
     3324077768682135538107770977079773280495285325061180992423333921054629     
     0843076442302554284787247117715687840718297719291198339670239417523693     
     5260312503173761991276692358074374109263072038559807838732072532054634     
     5541475465242779192495211363848135086963414021146045130176480747964678     
     6749575838323226754338389690899566003420964382693123802718174150090854     
     9090101608158931837144520985950221948585357758645931896315495140180922     
     0427198157907807076976337084849617973977781990473980119133783290068724     
     6279906809846678087621833134514910082065839120987501252410388736033812     
     0559146577795519688596357986165913947553433030909456142662064331391934     
     3516779933865172681204481814982279873254229090979872437833771597463340     
     3208250353743251567832538110140625509098226934734098027485029684796104     
     9424307965718808859462432639072559471626157654374591440235482035809819     
     6970966370786843365838565552656827876556822106476061976885316979506892     
     7108727201067039171572812102116328501236996812687151184323172567367089     
     8015810328768679093399856240596073938720350810834169448973021072365369     
     3556069201019692862557745833798427171822452252957863239483670787027148     
     8752654384683326715660524958432744065897904873181506926046701040373387     
     2930814140383093502499066991746997498613263423612723969616208906109752     
     6089542003044530013982111972594758839139698749659753343129168866581895     
     8093924935783592504670376670077947463834285724368430850995771450348628     
     7970625025738706327079849620895091540691724185818956610980215542752833     
     8057300493948610386767846616770945018184462029448573832807881924177321     
     8919955569908851554424978643295906175450322600582798440148036578058165     
     2570293464731081954682884585677604313593468992821713310634823002372111     
     2648202809375603634235987396318697822094267037576370799048294549873205     
     9809922628626561379602167135829398535496844840775303056873909836708034     
     3780425153763094280411713674329801148802756688543864938471109379599177     
     6968818609229948597164083955430624595568279842411913902112532459762783     
     0418507662310674317120133598960715555643757676784976774035669272415792     
     1809108422420028529157650233195108458508270147798799547592555219693432     
     9540966708989426899919501153610106482907773295633726910334910046188104     
     2379909707334037629300325970474298320290481564406535016424304267508006     
     6170788328122965308866175343194057817841837793829107057729806228762557     
     9761512259163565058431495823698257400303087568797277042972746563258385     
     4441088298379494109547978125826678611134174577832101801424451584917312     
     6755831566235219785556492942930892223103337055773078307712294856477629     
     3056573918704939634804541749573871242994005122174292575860510092931301     
     6789923568007833901477363032309786506959400631296702982687858005465835     
     7624187503394198625625259871712849484488453855515707395974886043850936     
     0616500619765908569864321028607213846270512185748010946030755327347592     
     9328736449197338549700185525531418222029826060179069802663980120654652     
     8381360927337079975500256090859860359118705714098357994057024427798844     
     7589787506881450147625952962203857939816669896381381724364746911384267     
     7067779986022264898664201466686313892156595223688834623489989088804578     
     6319856587701937326019881793250240422381050572267060815985574376843700     
     5384338407408460136752202733566682508486777735925055609257028327296729     
     0880000000000000000000000000000000000000000000000000000000000000000000     
     0000000000000000000000000000000000000000000000000000000000000000000000     
     0000000000000000000000000000000000000000000000000000000000000000000000     
     0000000000000000000000000000000000000000000000000000000000000000000000     
     0000000000000000000000000000000000000000000000000000000000000000000000     
     0000000000000000000000000000000000000000000000000000000000000000000000     
     0000000000000000000000000000000000000000000000000000000000000000000000     
     0000000000000000000000000000000000000000000000000000000000000000000000     
     0000000000000000000000000000000000000000000000000000000000000000000000     
     0000000000000000000000000000000000000000000000000000000000000000000000     
     0000000000000000000000000000000000000000000000000000000000000000000000     
     0000000000000000000000000000000000000000000000000000000000000000000000     
     0000000000000000000000000000000000000000000000000000000000000000000000     
     0000000000000000000000000000000000000000000000000000000000000000000000     
     0000000000000000000000000000000000000000000000000000000000000000000000     
     0000000000000000000000000000000000000000000000000000000000000000000000     
     0000000000000000000000000000000000000000000000000000000000000000000000     
     0000000000000000000000000000000000000000000000000000000000000000000000     
     0000000000000000000000000000000000000000000000000000000000000000000000     
     0000000000000000000000000000000000000000000000000000000000000000000000     
     0000000000000000000000000000000000000000000000000000000000000000000000     
     000000000
