     1634369565225882732124238242943187052638686225652383058010129265953573     
     2536755807346856309320068478548284748157103678251891290081638988684598     
     6022838068474150736796299275567453962476296271842614893310476915001171     
     7939226005457518021694622734371696939497864440017411534920038223981297     
     9409702777175788665588047355646873305020538887245788775431469253449874     
     3068940894524862608559611363452458661781924494270040926812091471921759     
     0016704366464390431310138627452689683236138414055551016698784051426780     
     2704993504505944742730388645154264272070032932681713560789599155777000     
     8013454811442277131017892053805063093781451376241175050352176465477681     
     2716044186447218777510004374215366303821664070699504008236619470033832     
     3175018365687793510644305257564745048184642337051095438490695227989667     
     9448733810173305712705655542661922408431756105272597789184428867367392     
     9990729366831617211638508932809090617519657578827255168731566999479149     
     7294850252523538832467905425346179724328095515070711454139337302012584     
     3828018619874229953590532572218646635672803072611596282814937304499253     
     7764288306278176430947338694839139764347344060445543420640045656209566     
     1292015123403101803626475084220707864880886705810447624438981788125265     
     7564424125850870312592065112497359392946158656786652590122641773530447     
     5546659424622937596276368161481525449503204990123975105585632226388855     
     0282717791245598780812683536612679794889490161963256046393157298359545     
     0438789426550708322260213643308020013534763630818897081931958716579028     
     5094910564242147491048727017104197134810219736870870545949383990607702     
     2838217318301199121005489858614625168156194072091160419040642668987095     
     3770781370166973478056630636167938367436063309698866721090237958122002     
     4121189672073614539786226766700747806852491176178848445337785261918825     
     3106619450583500467778507043749095876074355884269601655195743077072463     
     1023849646291661189695532771840835335918061473805531107372528177695061     
     6594050
