     1308022125436712389731636722820248451523629156224563648035570724018753     
     4075035284553494106757872124064692796859318865719968821988307197185431     
     0300719238099955840682541196898126601749525728047968260844373692722675     
     3362080263716397646714469183161642860653971349070770839906268589594448     
     3154869410780238127859816399452788298972133916060815731474853559295430     
     1962435961505375009657214033855456272736327291690015889382360506503457     
     4676152829785107524155086399920546488973513110123776877824888945650721     
     2450562690755280174552869993606481336254110814714297031435121686339217     
     3989787318388842304419965054809339533013224591172260459237618276855992     
     4733092438174653210543067160311157245944774455572146253490888564741538     
     5441193507401582485662669753554342706033529042527062410707128284738615     
     3770372233150923515857358648608261242336881386134628419784866630986441     
     4208741030336793130204184712091193064973199666693572125993304301609409     
     5621605322185346644881810976814282307038023774227204184963149525365002     
     6110183570115455058582527820173033019814250980340741104200915458132356     
     6130525265207326460043925980935
