     4458474358357400809709851136192454358846225081274639948493946234034569     
     1735890336390632434664436991399199388191894774273577434079930019763567     
     8072444741547263884743014649386647914819737316818703537250404515388919     
     7732754351753545338918648794495470497398969255803281926966230273493987     
     1198631791936979822392031955976880583822655687095874777737396239805437     
     9394109967363089158763336362038437631155214180373151156068425029963495     
     4968065138759726248588855802028999067249237711858347372205386574336762     
     2787965750058901117445254130146248049407670736093775693376815979153647     
     3671963905182463086686808886113756705498868479196589423068992556721931     
     14647005710436676913402829609091641
