     6767899186720781873994791356102792565445640615989528274481161583908773     
     3617560556213509838738813525916550341730503212669091892934904377468721     
     7555175869651041992568352873574127487497094902033208066975025110299151     
     0797230166475118732001262714134345915007599995482337651975033203419016     
     1062883633708616264890057724421305132769196221752572752895109437228935     
     9338971900079869908608940207409640259601332255513606965114984796889388     
     3258619882991684068886808102251422628191260676515953575532547725740110     
     1603693900985572130908220938602729365485151150334213467621185275606900     
     0217186914663564597646175333090307759320912365566017948827267458897414     
     6050836594794905398494862329369022461750418929449404193473528300949594     
     3344782499793781311264451742387637639032415583802637120607597711412234     
     7679720813367777749195213884225473776391425429941623253793938133408565     
     4429300917181623284392415396406450929826075750522900578775362097615057     
     5394515397413445508673253817688356668732595238666900758387656835597242     
     8078894224757912975490876425950765896428296249947825139239320849565935     
     1595211443492441199887752035441197463648777895732770643067816636869675     
     0256648136205470775841936528393127824638402681337204830413344995091179     
     6284154303300581733910335620449611064771448122700396296355743347814017     
     7908115874270603643251170085190494760048786670308688299919624418868789     
     7119585233095568238294338136231260083074238326256572205553028545548321     
     1216276489336790468729308312251215037777717746342449777294275293843450     
     2522163439270937764827588200541176812357337598380888244044609662593811     
     4399449385262831916506672615920721074383129500986482739194982039200599     
     5235822727259149443417300501973
