     1470320077411080943093995986971784748699990826167498998087844976646403     
     2277010666558375301013319045463750971122998326750346954320897045522792     
     9028771192198885012592904107061645796856275652251271528118658388038511     
     8083798078882069928784829971768410646827168922811574988306900708055105     
     4863432490099200891870659581522132939757474454621144675380388050766370     
     9415694608011339850934497808790286695014576958464586736087359103168291     
     9044446974609730585381562117625811204358106476632422481611833958725206     
     4784132923192057264140493566518510896501681503158373185967683732716581     
     8401341183874017745564604563163583493833770594395239201208372458128874     
     1872837348964317996433133343980761158141245429465579117312264262609774     
     5702722608921263831846445779991888513303449737200859990521675778186802     
     7526418212240296493777846624800052986510615995245857307371330042852278     
     3727601357876416046199763832344102598602719253541973361842446442182164     
     8804639073805529966503491245015581861110516042894493969106733289952967     
     0364395459430662498867188441716145871950458484744731780485150520557511     
     2821502979135302333752088396379660826953503615704032766985854530735941     
     5662119111849277118096402502479569829028752068502295728425679539492303     
     4965781374631109159034543145678720434461720551551882470671747014232523     
     4656332023649689840244907006968118933047876088268000122122845928851138     
     8448122170030173242306808930447279586650089641579763421947635072879370     
     2594839165745031856589729304251884126124569775452854897192974015755862     
     1816558222408515470850011461983013203574445811662660193170753447960375     
     8558294862552436058118818631585492289324066114831685015847844288416804     
     5413960403434961966808145406395882081583039053489788809495106312060839     
     3835218448754185111488374645923036468569607646294190171157874348319347     
     1943395628268852414820625690602727630691055880627712592601271193428219     
     9981161763550031509118987598174839670685108473104911385468324707746136     
     2218991801193110884378115762359796433235092986547300967975649321520851     
     3184054539827784373619894509767703770931132396293711226850644479840820     
     6634103194781613390634836070855659809096291306282720
