     2320278116974941494013756412355983028889356796836519682158056887813578     
     8631592603014298013551583441598024961927221148109619237942500700028538     
     5919498126148757321890743214275289404173128352519425244949542996264365     
     3754979639093261968664798930542138798932065456765984205909400447571991     
     0869615472704279386845629149774958647929926100464646876475441689495641     
     0819188386266023423246049696917912466473877991701195814289992831614587     
     5412430055869070530419388374603091112131550933255830188427497485410475     
     2497311699440138489836929695379796464805091610911751964276167549719330     
     7553937547613695801524709708930887266699370777888658129947332817888418     
     8483131749143585057248635900450325379245704808560323556537525378933216     
     9322462297231595557376576620945791046101607815436622619716290962339748     
     7832952163522278037580633793605542609156900281376987801279163308673660     
     3903387310354873419436618617920129093831995012998898628071250269693623     
     5592354159856473563480492309919052349364048305009625593159718720673940     
     2083757963126625082912946913498934729508395554278805735583329215604536     
     3516153280466758217918306983159150347159338459237699074807659971502710     
     1772950206860845168993317917831046187440542834106463053279512520332748     
     2710246802090818211509438351271016994242078938407704709119251153301726     
     5774467633319371000398679863879269829825402433587859665879622848344561     
     9242688202754730286832584300716584945116090960125291342729500203575540     
     8812262911468034509529898515237105565526070223707659617638654219551629     
     9854749981218336541837776975604357234448979024750398617343645637493415     
     1851399509572098099294804539519323742389923726354431465049328902018865     
     7528380974193671034946213183411970971167740261890839777647437253978240     
     9171057380370797199642408814879487207720573804709183079836484286199127     
     5607225442433794184317910330826611828637479743114625493926757521772012     
     5844043008360280964780639804463606702153684759139336732967344792853368     
     0357448296840257229864874889241858274186727722997627417017175564920899     
     9008791794829394371347470862381262648018022252326193
