     2469465610644887996361165350869729157083361865788710462773687369904786     
     3582771311890306857254849727687005513613390197605174209415264419262006     
     6855020897639195244307918561215073061890839849420238288267451003984010     
     6450732451121677951116178604103923128681399976685761288327896369379611     
     0150652974473791302099337728177894037364841800544176395947024984535245     
     7042336185365765082606159499642977456751024401690444032633826296022741     
     3567029657800864089359966045333074180958788322226639549536075070579506     
     4122535548043641819792530776257589042343313629754379839404526922616483     
     2552168773195672469358330686378310533650013842082655527925680453841882     
     9506620332025717111959120319080007516933629595179303346240855690238816     
     1552806758612353238072657913527126282351482807108500026100269136038761     
     8158724601913530355525238960599639658260422118610980038988618796650401     
     8313896305071471629253642547070442944811944188076653952650003693896570     
     5780990756594626327112353943353737710787495022166873237671107186898181     
     8341546377982215676041869792762664358987447629114141856052852120471638     
     0803671800899163745782028329125930745678833230802993747219830551202133     
     7186208569060343253222717539300808701825143342929729113280845728195737     
     3995965192584343309342391446754832871371987021646758309338516523103401     
     7492860117715322846395164937874375962420015958446512190705901596601025     
     7651082581831048630756036535049505513221135526573704152954391643152402     
     3586197341166591814731002405185006508977923017219495074523325828335685     
     8061131399573037897896347767969477634210031987299012499110324550465035     
     6151294896414069221362926446369052580246193175284897372138359676126144     
     4165687666728121540154838563670956314605625800763254489068994028536283     
     8290062506830618470522608751250679598437165297248627624092538682278083     
     1516147447865479251988931817476556914062123464962213248269748786814576     
     6281550085756752884733088455962688595090092219205664684064006642594862     
     6764264745150451972126044400534190469210619003007349064378450684706518     
     9113940615247830449052447683391280
