     2832890812907464304425184370379208292493970557290532686844629137747928     
     8283578521251977297307864254738209671431802991199194817855705265394620     
     1289946703448268729831955372101154541209080804447929379370586815886724     
     8607234780129286446818195428278988532503243140852082347893576042035298     
     3275849925235651758378078756445458246986416005595513391099601604499513     
     0512667144695968639598515788205993719083901603068273664136581251480201     
     9654313292642647058810653967140674772890257986755989278454552302086680     
     7858469621272443171288274868194740167209718572854970419707108944923484     
     5808930341354549306162268186518600814720292655904436326514387316920019     
     4073690686974676760823564657629210085827072659807329827993005026783880     
     7834149525023191009733280447168063118873270496508947636162204302063776     
     4462907887086867921148363300942493909924397189316693617239023694849603     
     6520303605680163681963713943297907680099743733619726401392354130491348     
     1070852361423720473408418
