     1415914049686514673470107005009790223061816037266519036734429303327277     
     4945578194451168175272549574653108086545426123803668352872270345139126     
     3426578891126947355260943734064170114514728903869653495162844652280380     
     6265158349554716285556132294846268388654115674831821679978237097397182     
     1262555602401981500519895731032374109015536218737494855982428668494958     
     1908607895798908436890701851338623454232496884151285954263070795011527     
     6781127250789497954075188610593726517922415878286477299864918890506136     
     6095702683411200482488100158335467761683653012120159848498721908936862     
     9315420243808504150388013099629116505739458850089563455731643036969002     
     4787054649353451945391002314425140722457723670911756701901336701083809     
     5326534027277147724875083403372238813606260633202161592350420096179440     
     4543431065268455568347461336777569714201495016869501238642620319593796     
     3137756346968558511760842034605459910794757476075812947206023450463876     
     7410929539475225900781389966491784896674454626592303740742126491551881     
     5778855145476035285901246544502780317584091045316696542342449156220729     
     7370158906164182299285793496989288295889550009235411501044743327709507     
     2647765897601014497319686952518179773532611897099200733965343303078881     
     5078244655554975185923470233693089827383951685011213971857867820235632     
     1230782894756634823647964068765619894215559403984157817547537393554876     
     9859610591139809213884623836799480489433118213578944289363402107798361     
     7585566686753598240407215012249214263100322820331545643310265670559716     
     3736389745628459604078103880276064199537925823922204885558711440136623     
     6502480087830503260688089006960428821869812734084622092411960781561484     
     3902978738313632837698160070182052129822863587709514658334097556377586     
     6413265457861754904114521102208414188750837519184111028322364875135216     
     0294781351572581454677760810432137
