     6562872292644496006005650916224148278760452591084735433423014454968421     
     6689877062056697421830394554705589921057487781851738325265671425793514     
     1889355816992200615161856369394073197211173960674132310296036635897035     
     3163855535013264680601805631250908992587308480189718826454496831144659     
     1272881728992290043769535894732797363132348769809593167647000966228463     
     3241485451523912186675646040152618374407908995337195098207563375041154     
     1033935758677032626964121626641610884996968460239200038610797717306231     
     0385639464506247784341062729704423911722042528936480110374891269911896     
     8255900158223860647804135610630561812335152897687427749364923418380103     
     1145337646512453782130268391582764769157461814062944396988379559228291     
     1591080165111380989843537597771221007032298804664826961919813662729130     
     0628733631221537386051997899148905082416649108839315355041561851990000     
     7746605931055335756719978949481220474640247675903223977821646110658189     
     9511675119345174611196139156870612785679643089084457614102810888368214     
     2040652403291108750044838319009903707005912799460372649742753347339864     
     7610145475303018307105201468906416494162164367222143282118327609309846     
     4006941890213477281156035364297734467991360557952376257745740241610436     
     9773665609180818156661347560503571972446705600739264201698166806000067     
     7601880104358938105949947644941425534460497709933549177963332997720945     
     9103715289844313647806426173786576339105536998068550292777604965260839     
     6724153965102535067047262082591165371476073411426444242847974970975803     
     7224141412854339375370043197402781492103117212075561625806759988343389     
     3347753502776689805744046490068211062133434180311817401627383101735727     
     8998954648922730006641229458152182609155654240114657670170005406119145     
     2802561082768080868532600523823299999624778982752264840395427812305651     
     5302408686664108335831075927916510985556033149508109944857207858375639     
     6106023887529481118149382274305241113842594240307750150192869407990452     
     1961658819637197736390779128597502251914131311800691983768436148904475     
     9114080909427444808447641720863570522984645082446045222337915445139876     
     792737
