     3244887132440842694988846061934610277742822626790999215532251608050421     
     1220734529115189307794949145732248447372925116391780135844437456145119     
     1883038479290368032788167281106589864210362213892717152497910221110670     
     0498767787893498348373336053078676191850035197376895835264402625739498     
     4583127143684414860557517494996980928761730146040008515605043451143625     
     5261231130402163847629532121715200927463512883677333467557946340262246     
     3588053295836322550894465911484670959973707654821287826700742574827574     
     5059310503700298277076287932985193648856118660238072504220830963911413     
     4258700498361328563422162239720745727370706993383204197069343339892697     
     3308164547960429859200486729645042230659185074210260029794256282232681     
     4847645826679258722375354387975799916297974877653276200501344609116940     
     2469437945244173434511754207717426032456763782908688018165381320
