     2973662727694851735762993382572971360253790887312152387906342702437859     
     4575010983927591320761078210611613655675225711470290379922441930911943     
     4337598198176820384286084648789452900996797751270336226895732370926904     
     7413792678617878292844528961863242633978201736210635372686613968979410     
     9048347766476480347509072729365968936456469778896693897813118091622444     
     8915545983463326265851943096110574224978133932642562634572155365746959     
     2235021094046754772122604315474247871054081722548234235757323262996381     
     9369737708064367634365161500740175365001036224329078530462871296322188     
     1512630736131995910981181921060297449114482950020058070512927177345977     
     8158225531391448433843309556423100868010520552296461358650159782480697     
     6916828517055420098903685388950540533960010226338716497209552007289956     
     8169730991494520741098833739998580087811672617784983225611321044175909     
     2119466538337533131083778099247557190243115059869060019034712712329186     
     0409591913665077516306317845759544285693161063332674448705583943981880     
     7633073507576910259075836583354455651615601215282325704430068686592805     
     4208637119211533462224366015362870129688803173780323134595651829536417     
     1336247052690630434291438765669561980803187370758741062691328835602401     
     7731291953440342800531138176068528487279841257816571064094274025798765     
     0482433798065801688694220897706371567740780804283006656293404249851055     
     3519799964407883786868423749163772631605500674464644681962918052326459     
     8913184500147014956002164589002806294413559756390925052452930581429553     
     8031981635419616725128969572207066035878595497257099446393407276308551     
     4765619878064210606803320780408121275665491304780237137220334309761177     
     7748748329737082089420491318036349632175437962796844608800544760485180     
     5349080939689193712323077565862964347007025624003491315831379396699936     
     0468688226241349579759097500726807590500295528656377331721314315009439     
     1125607395439052399347215650969428029378807082680691520147727334293702     
     1441138362148327766570083194091214207302662417317574332343840690032560     
     7635783859611020370329691388169190202874577786095341158853110839731064     
     093
