     6161520977981009338686230486749824367695398342019241097757308719129865     
     8977941636776592779905655243297997537216565637305580955451734526918869     
     9007725940987452049175204263829394668776203043870496459613791457854629     
     8571395566194307619432623519485797289791269628569582348632912862950382     
     3458977814559707929823979940443342420196451766748185433183275794390216     
     3966847790823978143644562278074212425155221236851468455770535099777342     
     2389952196173837746469158023724947955247246277690077988484819223574348     
     3783338611531610260235225762236120472925295955966435708425835164514011     
     9857566472156011055755465905737890970196849578424159575654282723303828     
     9774276639200584612742631211718959817250031056004960311849168385938166     
     5698244327604300605871292718401602231520353117469196008407546278034040     
     6478768055305771940090364968121299982203146101781949451142951811498902     
     7933975901983815604203732910142292300808806970414339496558204108293195     
     2830004775944760129633352934806884041974174627241881695688025963956897     
     5416997076612315338205259497300932414184239092476592686441334041841574     
     7806801022718255846210777094338376204609557154260590578760353307633556     
     5396082583435452887534564035980988854539602379012306141822443654330673     
     9193776527981040017169197128093945417881913274513141722692728100769967     
     8634557524369662099490
