     1204660207005226347005223758143372622762431852523851570043042504021741     
     6381133518994485075690985941157579120141790847248167236128735532905925     
     3195464696379882582385896778195296831379698932698034817631576451354302     
     6495916819782517551864568863479066187934006348713709605585249228225081     
     8211782787833061638115342412733631356122751599873760608742226127811117     
     0516926402692176006236402036555802931883350960396432676111124154608054     
     6974063309908045421767454941381233576124127308292601748900666966610585     
     0358132292391693973657915566986802185228225861405156002589333695268680     
     2781376167102162083804786029418646650440308239178121217788311470417580     
     9921938982093642684402349018281967269262044648887637967224306112433001     
     8679626943430077954937407114361374770685196900223125444335018936793105     
     4352864906247181206726252034016363027201422570626614091755433026611401     
     8391461793440912537281148071370410817863899575570048111413001893954177     
     8135852250453823351683559118977439858713764504608866738530215834648051     
     676235060883978142645532931819737499446722621136071161875337981
