     5496388087158209588547017317255355667916022198167664427585652375664440     
     7860358403285432743724468046659209049184352401768760067467074040994948     
     9040072567733233171166166088191651752185617237422822437964998793567458     
     1489079267610675662135143379284093093824000884028555856165749923556584     
     3515146482646760185475840943653981152068104115066041011724315837715824     
     8642578724363256698057312487880257453280335586330181927308732067762620     
     4967739211987425196434968783289436369406008567914223661896461220945015     
     8372581590220289503779211272445450516286007401551428827555910495745656     
     4740683487860261135198738660290806311051603433226511491097249452579078     
     2741495233270391217101329098931333395597632179238969028969835310843851     
     0648002390598406643293979016933485391463947992133152911140363853122011     
     4111062291114005328830841626243037539895039922621640969553156763849691     
     8464602765569356210447674023591211529058623634425489656366366991586604     
     1670947575459668596035071770896474550150514647697083267290546996989426     
     0150210274477079468576006594290413331635639064086294840024834822323014     
     8200443682065492018735590097399049170338649370242046391591928048323057     
     4350207132469713634143178160268437438870197347502032554393522587331309     
     3073259188262165721562754168644994723193512810472888555237056814034417     
     2357126349235684806130067354884870780778264233764751328768512149816987     
     6096515107662683953839714311164547974203706748919074013194089323690316     
     6674053430989889354553035316572134732235329932271032664986557787978890     
     5699850773572502855359375040090630050501788206919247876095374588217767     
     6106093124354362475539681341524580972491950860754657122013128198717477     
     9401388360035808543525660288497839554805828486039607823328091851314921     
     7941614747560192562651781630950383289373226522184581
