     2379027859592505465007518293134894722995742199804967987252836842046060     
     4666362872667623894297355670153571396628393786651792888805563425800998     
     5177771845943496544555273190121754954654887666485926876662649499098541     
     8795475631887799931595141631566692884793186936772977347340574388912694     
     7898359372350871124897535124954482543213626673577543783973472197513066     
     0055565258434933839828453675201921961282818857995877348002854880025226     
     7374329098113973344343755219641808502214413796023646276507020591633085     
     9946225585451391739090976888502747195461109316670916826526832676026130     
     1328129189637710418403080492447618964364570576001995233013474347670407     
     8054978371436734381340418236367504657474580827620627854294256581323661     
     2967345352488556285439307783973074766334074837240093226662642002051078     
     3826685602453604468148861532511608850463214828419111821191355349944439     
     7200617166697737413780390501441945962672429397970705018635219162178213     
     1399037912971131012707065872476889549150819959016859108058060882255214     
     3169039135379088884436206764000282600866006432804519794481081506030725     
     8545404127464438582244067233393652475139251113312939723231883783850082     
     1773299979753350811862941689320929451166045804276160870482774027718807     
     7291192965229045854409515972798184377504738594915556607792060838684601     
     6736317080568761020916700846984455227499508684338821437984020427862710     
     3259327827409017923525050054815057979634114500733042330090399379784450     
     5617219681513065817290820339234054416893244806355684513144577608145130     
     3618448649508142782173288847192841707842134391500151753557261067665083     
     0764349499841095441766006379597522031508806432813608962287935101632646     
     2195841833595502331725166846050609209974929551234378411497168529018412     
     1152858335817426659959454837719299403205746884265998685903135642604142     
     4664091556045675565896442215262491773546340206155099404247357983868544     
     5054610226699247109343054606743705809762873419438817970871381086451979     
     6898034122564863237845479691231386178420820945844345978543764315243888     
     8979242648383923442658733534657925926733529678952793899054043883646051     
     8477888866159469131974543804329444582077209321765361
