     5470946882732523112936657213717942491284875448010005204701247348425873     
     0237888426333919795961569096771313975142785622334185729815949557367554     
     9912843000882738963008068164519472375902808651306352733566528195097681     
     5756933440752782678452561850820733699939077200547122685444264305149179     
     9774140417840015285971088598124855813101097277008117890649358137129448     
     2470719193125125652099726723905421324259620284396539137345743852074896     
     1828810795656598325783235952007432522763542407575131816348621440601230     
     8336485854351157689737584215260506200798191044357642960978124312566940     
     7815038404776029457284708978734231635241881884018538731247385296417745     
     0404758272336445300188567073422254302672181046880056457310074686642573     
     7673148599899808177827726886355877505770095496170350034728405462581331     
     2097235758458730874732454230234270613530153629853610246292776636167746     
     6287822959841
