     1898858628913275473579590518757884891722667413262189218341193479744300     
     5251240442652643855128006727459409256312093820498562435495242660949460     
     0835041860526357239851520907118292746281856570938737225133176757800049     
     8178058581888909424715617845511213378064344283693959809219882479389560     
     8086122208567537502952044073078473681191304320118620526602158807075684     
     3055779256082474830858782214456182752143362775670479155437199767171056     
     3625019135531205632974087014338290136951909652628850972951402429732182     
     6980097866196767611715832765552694280565761809260419568862235888479925     
     6821056819634339189661741011351701338114306295196837045236664128988109     
     4775991677492175082704862639418293630006719880017523256285647130803189     
     3966852116111304868140671781964193394772636082027272654526084214254573     
     4166000731380729770408574189194874439943783379841396455335632755891655     
     0515397456786493605787693840728566716001693375638869771814161081432169     
     8230761960680086218721385826972202981598292380178715992023203598276229     
     3238166022531573661897522324160036464140210274569275867885788955422215     
     7493726885573401
