     2094533907042814301125362965268101516740771059810256986083441238738738     
     1976129688810492693941010619253025380390422393483867920065318155605786     
     9603106812707614019487814269316327938395746747304480523742951339561584     
     1795277876394543339029354897997144758229872201502480736490820922136465     
     8923223576044338665028333073935060118187283937948247965969690938784427     
     7799911917054474333054046232796740505196120036489077807916968395496284     
     8823400217503930281697131533476026020261512239492504887455187547605118     
     1143923920440892821485317976381717432684282304322386576878412332862413     
     4212043868254389830316109102206804057795686787886652149175507662209792     
     9333262210592495810624516899224461295
