     2332754018388135698954061631561916033330768290040021691151897566572575     
     0301585132878532158328609847122207553564439865295116259937323477677203     
     5519654071545075978061852416903218124995811495715291650429746955110652     
     1353268732037682761940203292058590539428151201606410480641979333836148     
     5243442761454269256960185827037760487558492191142147216594425154733123     
     8089851429509852577108906173131371020801525940961182006585525905503754     
     4447241527691435978918181045060512207679914430521223536231509670131087     
     8726172857906030592275730345354086846703398962668268827549698288845965     
     1808782735899648800735677033909076629685146663024300847077782914755914     
     5278531788155093666644754039582346848666863545515881357646394619748473     
     3524728693790961064290647688573025085289517463776416547096933931785445     
     6451616807250478830997852001459980893468246629826498623872598143022838     
     8997927746388063906867213573150143780802548139303845563347341285295408     
     3448528613717150644676098305498512430570531823106342290820359060503634     
     6797970076967005476125455180120253989242245263200493087336819748848703     
     2742353588411050909231672337891081543262317655829449370305166392514067     
     90478912119801147832742678946884306864647
