     4350090891137886344535558724449159162183747074932176926820984512774562     
     0039927812302800507148986382399044828977703986892158485705907385981588     
     5129835795749003284615758784245395560635995753806898954373525157297481     
     1892450261979295479795847114591349443603498006156763123417090307065049     
     6527905814980617585211164069643299231915670083388921654515972056932471     
     1311879604021614845734510186839708050827415189273906464109187461244008     
     1043327574254578205873129491061286679243186264346708578746594900984593     
     1080477521822379495802214226245290128095404398127609817413454769340683     
     4746660003034477259259521816298972809642801733134435038912095619786271     
     1723960128205444154270034258855382670739749337762479178719177859657620     
     9865347849886758214259764750128105536914160118634526195564304633791215     
     4188813010573551420658828442711672592312186014528783532715781950299010     
     0758593594910080801454394062478326934722445790966591199676937429517949     
     6437055958953683710313854002458755022575252022378588865237984309521421     
     7
