     3161113014157025502880137109007092241588365925521748835648832609176892     
     7202190852911098548990717079045317735230317965321944900371059855002091     
     9748833030352733169107694007786090094654610191323525988856465555836888     
     8495330409459913445142767132697507665052677597221850063437258788279773     
     3201679391335674253474983531400526386699478014073283027090177081249841     
     7115484790756360334920094080791793334557082997675216726389100205590103     
     8246041790345559862606290872737684140344616538944883177901879605198765     
     4647925761728867241610054122877446550474899694209318181991123613744127     
     0092122396872487777822848352903974714453781481934786762923523539256127     
     4199942654227549812514896956897550747216205114538005980863552304745843     
     4958222214871994520800637590645944560854017246983279400480968468481409     
     7492471441676311174438627773118460106825877736466615943314266746744000     
     52495872120549325
