     8917070756554286360233627854428053140650588383064012466957579902656861     
     9819774847971651512089328911047066221372040015473396070978094151897028     
     7723104575780550235209443902395312262198525107995550090460572671458460     
     9665090864630132313213334986202904438744204709309409439705097819344462     
     2189339581462155677850845413699893227251479420609283159617414011951891     
     3314559013563428284442892875585825263666939419269268706353388782973175     
     3201724979485649278525013844154031923714519794138509821351833909949261     
     4926293374554561072422256809380061194081786956943775388380406771286474     
     5186543555484749330713972575399468672938774626202750085172129855883514     
     141313724165864836899821540491221464434095144216445
