     1162338813968320367443262777907317031464173425459788909865115271789023     
     2220142782349924255349555391441166487885293875697439689761498090417425     
     9883710905809209414271374724347284035528665329091321617615559493814363     
     8099621179347496179628220934603762717052183928584774029070093637590960     
     0269242494257171381883209429021004390774913284234707695599749086686710     
     1096299321212759990477227138780526738506052176420619710206723785876628     
     7586045070109119482973061167440772503097217672659465965313017950143657     
     0003484960290768583086127817283667541439319442843702199801360454315087     
     8871306708076140239764182558668265247867970979893617739208353514598366     
     3631633441927085591233428800365237078791104864264702542442387057997499     
     0688736697813707365710613168912919115773463494075303650576031667116135     
     8655120893102533323722327909262233522905824897338015107475940533050183     
     0199116911157356221673199630451196006018315957597789611207951419099790     
     4295671147139486449540734205176330988728690984835525592501266018478444     
     3050173970293637118868156577196668450255203300202721528123304614659860     
     3310980435471661161486514079951198338709155268099334513781487919376675     
     6489010552892306452772243270510305757756038601973962663712678275181524     
     3499297475977627574934998945486049940263879270557578459111047220039310     
     2951632704321718471502514920112997809947196587161763534601615263208720     
     2914706906738012854119328150536597715104900262307512627911909048306747     
     411293672423670876078789
