     1223353015098899288458114193744335930320397972585516176340468280428354     
     0886633175371100360492859846785957391734237210620955326781148260187220     
     0271012309997033015074553261800876671805032177043701296947353069022354     
     9139862690450185408135446962607685426950437901997159768976975074467709     
     9478107459075185676250886143339993888221038250222295289865696881681837     
     7754606905270524889021161567777442661083325971532079444369963336491053     
     6813925234811697145829802221389585411965963586898625250568625780003132     
     9844603738922737828373014038573623374359687972300306883187611721750352     
     2843316002239107769516810220673863258799068311613596437205632279506960     
     3727178355729877212381827740190665855942855977080227745078922140099794     
     1664340884109198086839232144261308308750791544576090269481312886808224     
     9747782031355361805115843496571764681950539383673437211878990734450911     
     7354764271340733589462373517996166268104545526861358081120333737822302     
     6856226186270898411525368757241000506915957190809294806843883685232738     
     0714991924053608222293315913165091683328574875296524896528066550900326     
     7496968369415927621057064450857634835883571294549259567077770165921824     
     2056167591396440138665454039350412988442698865293756632144588151892396     
     3245395836378591722861901702592117624560204114199511391633822922866527     
     1357023881850591910506169100572533310281414520678015065807692758893820     
     8348027177518102279347285662746075567418755722176943826193781144355129     
     5904535573397713714161441838324939732073937560508643221114749920398622     
     7
