     4767208021473965708069652933936466872780307320382699694762326245101831     
     3461695212925663568503061032580808127215396891894540798971390952788575     
     2823753429422576301548935749219971033887615589094640631875056446549471     
     2756145398084602826220599372577915555104547473771932886578463108037375     
     7795705678219730538591570416141989677633829343208300783368520709974981     
     8472869934468549413299503721276077327443551388172751777495031337906801     
     6341921868111422440590616243044500248926621120115986653354406603540847     
     8968074655464077970595386769294893262047240129431326116776680998624671     
     4599013376201835212201909723386990653679716396984826548294641631112568     
     7149049448495921538162278559332919094384679311575089125769202512322753     
     3859150603353065055481518800561317602855920894648941562570492173583223     
     2335945527006304807135338866917777826023399975979127477927492471797614     
     5289302446337629410224447003661410919966914636133806334421734876690607     
     3514634604211564958729535958142651998669268094323763512509476372201536     
     4685831847783203211780116428743229488509886801467061075322367644765270     
     3104421706255927261240656711208948166485536433867642702215080218518165     
     9005021716618399516735881318329205584143740669477699388016528572322961     
     1405155387723272559023466180159216054606290967893926035237092612477806     
     1526210066671020348868913484665724978005176854630786181853894975674871     
     2036769290523539005146039553304182981215178372809554091089490279249053     
     0789295683606905298665000205845513258922008159407238153437470039753027     
     09473705372208274487796111362154656731772628259178464776
