     2661747761391993379271989762907477744814873537977455138125580732533877     
     7735010417242022882591823329968651653914447171572735629465195951875168     
     4441912267483643702055739371295683116419881845929729874625655266872748     
     8728157311166532687364941055862250782270770516862838359314603212607461     
     1284270010339732544791187243180454543689285718909216215372825016098753     
     3738329380064765485390438492226003195152289433248098150971951231105683     
     5820924506650837180104440144419793478064361795024104190309272274196792     
     0334363842035858331544341199062810207234425107796289937601578409711392     
     5610582609221103904710834150277289702660207591980842236165923520575657     
     6744606188180980784397647070361059256316125207649828268282889206093527     
     9925859915548740991839654782419586200670923711878220029797260596765095     
     7996115454659375231352296991212052767699757716923192766658949064752611     
     6339117067212254001811723892934531520365751412539832939158159755798664     
     2871297373826840208260640716107302784779041
