     1840607397821003162320531539320361769253617180822922287319195206747664     
     2330431369712375102998089240498091402053744523640629129157338045883598     
     0959402244064675230617572880298738641472000176062259513049413435773539     
     7512750952233896821055902369807459479572569742910534826949553801293695     
     9149121861295514890743923474070372306161217783662581974548563620560151     
     4939322153187249148968623669734330668157871856243070807978802990161548     
     6365643400954666665658726128200064084226291614284487562485575973484357     
     0204018698690284138736063928671398382281332026949180222605655994899696     
     6259701197678554927886964509153866139685731937509601450778255428221244     
     1305250410335016340787561965114627446044450915523348813127344654594431     
     4783537142136031386482180859938335762771089514717785938471169522948017     
     3073971197535982033114795644772820762262198808377280235967699361985008     
     8474810815157567638431350668149558520125116829880760026976437988700347     
     7218485998862305999378668373453025343217912482906470989135687824826638     
     0671285304823598695464423520765832112090055072272766273308039534495849     
     6476602702909919193489096
