     4908705041463072316905277044286576145343188639312418454080702349774658     
     6139662647895288229243517885043888586354701018447155951981659776169976     
     8035438640464966001371949408094831376362990499259427054604537839674669     
     9312298103145881687970589714458903359508279045215380568329837505070513     
     4427356873395079615906145916334453677499386145151252874214479099594851     
     1102542131351788940295372880964742877669554047615489120121946343061120     
     6727731710125133578570735051680757083947625242768823554602548934427851     
     6143316816629775423737260443698549974483505291991753441322384207288369     
     7930176803002183217740156348200854866376732900636380742699140731803772     
     0572194352619822060487153886810148015784273006563089633534777489146139     
     2594100389674787107755030366033081632409510374361743391932812532517380     
     8094738366677428586419308858536838515490334166448825771651118470562156     
     4318203997979700058305758465520583547269387242373539684372389174807625     
     8968498739317729643019510420445477891197519099449472221035634810687675     
     8561714614104080861902940952564542329872231827797087416138461367390507     
     5666936159266366806440058806073283301208477937943648893884973069343096     
     7180728882973069068313491589457876148549466801174872325863168922218090     
     4700124130285386290664550629123961177082694911930036161249848318966143     
     2107919597311064750788117715922912864534436441306537308113188187204724     
     6740856338628935810986067680339781726737433011878839170345188902853036     
     9304535468885944563188638054798245478924094462411128469612393655722153     
     0214283944881799081333352850131042350888530051791686247340352636081919     
     8036928338753391340219134164593964686568926487406688657207402491734715     
     2067434164598826675453083172269418337130224683484145828186133430738758     
     0644351476312192448715904140739422899070138402490664151977454807134062     
     8740253383299351052455588265966627269288579154118459667869083866203482     
     1239116073991574897676693293149749846606310114044420590654594119623318     
     8738422673870093989961084336205924808655931815553971319590427359823762     
     9405691525813619447507120743922067835269284990637855436220072437145697     
     57406340024877282479128671662615852515248336010166180041872
