     4257490133090538085022374208722781039551771451536020437020963531848957     
     1547278797063844611584595506434069081529045941395171864250645194062924     
     9511951751020473206601652723899143384004700431648616241844832381512853     
     2798147744007223334016487457427326717279519782657603593820594246644729     
     3424987111691602150987096816182499513783161707877678073311746307996288     
     4070960492090173440533005469587824010288523960153496306481305381624548     
     2416493630881171913275691461152356753979699697969153414525005999982358     
     4753402998836601887470350149197191473978407409862721589440697045102039     
     9427434180011956618107460577749502847847809456311751255820043216685245     
     3251501075196381476367024248067757651839357786264307209546660473003513     
     6249040959221230867037950753979867567076861508540591767683532699082380     
     3862611331701145224273758303756548335568743513602561496191903237386361     
     0158065188070046963937326159113983799852618115939060607660944984845588     
     1089603691646125284547839196614174518376178394266020627405651162043444     
     9978821423500786781641365583458134900475599407754793781175878747852885     
     1666657604958321513184288411508178484463901749003577943485288460520872     
     6284820658064081895022721136623577454170974281576578615081038355244528     
     8815340926434742153771863880579136189936326856294021521432689489011549     
     3558144924219372482753761719668720742687410274540206854385432966096981     
     9187779661305202207191363021858498745855116085750441379516035900366146     
     5347964628021120977439177805041322742788959605102290124901281981011431     
     2282258221097928246709625550866508202345146758702807559479496168951757     
     2911108111646020665395809274494479192663358672217837361684656628597110     
     8855509960319108948269082653625447933320236679562695818252400617834691     
     3124610634217994648920075236346249515280246065424706067970599290933579     
     4210835859402161514817061893350781241686309635731732070380109606599900     
     507589134281316122500608716731563636759747327296463607907362055
