     2050688611210898432410930429100378668109594223268100970816953545269496     
     7581745193427079544377196994969585060391242871843673178111664680889317     
     2691581280292933383579884037865963645275031567255904581988224872786873     
     6273734464867206707885571500412154806965217808623227799198722809656949     
     4629624204578529502729017339767142583386152982238627075639468408749262     
     0413221163331118444628844584068629441517446384590394577118718125238414     
     0076883669844479716392091543682348974348012440464680129592637793894894     
     5401852106530131643675327514051882637998083968788617792515234818474585     
     3170776870794734714084572071435752153241179416607775967992725724552694     
     2669203950140627943302206904648863290089729916055355309268981445073527     
     9053
