     2911317005994764147727433339660158384709993558295362913177239039591156     
     7160269371630781490314049435341000630356253935576373058247774964081352     
     8944013218262853930344225482264765710028074943473518946594769437252616     
     2728547102656820459665028987190237729380153523863786235852710919732240     
     4596460250580078266647493958210635426256162171949957872149118154509363     
     0122759837633518848346531020934258640567569856064704471902495044373429     
     7472073154819432103177629158124725372911940614165021476612271055346481     
     1207852127524375981686243824883025552784104484754556648160770032096492     
     3019813400367385423726018720279699566183837356674217913599223726955631     
     6748999270589365364131492781632355806241412204558891415641042703342442     
     9656613866632595640595782957785606104021922876361082902034204329714051     
     5892207358229079308464109800575141528203170439784
