     1339597983751827360478997081950431181055517264603675071113420779800757     
     6475477754949441160184053607627482998945012300856715431486376503823833     
     3407418218165641479403933724588408092233857275157079260932300653610675     
     0764414594851491375011417215555470031735167085775620550175836518795954     
     5721427953179711008595307614104861644258272105866146698599243941799892     
     0246609401801158736656953771689905384313425373045929325524854439570477     
     7203588465934159725939699449473724021779853828864057468698595929214590     
     2488649805677027440837563335313502203018053025944883030423349724591882     
     9166970772083974115170895928427154267009263067843727634732994192202191     
     3307937149181187245522124433034077366257484197560485775829969358394059     
     5308722938848825574933012587466947807324569802027798844946712610262693     
     8940002734518534106246655554837434618382193699932377229840903120078523     
     7737119010505969668080465437815593774840496593866899196664394647565077     
     5151739004196816169441155114678297709022879476611955678022413658685437     
     4330806097401544268366707610629810109691030068535640679313157692662657     
     2398252964502569083726181014497222502730406820000182836795857779543164     
     4501632592586960831051491192080003720446831468611609374557486068408839     
     707162614183779150769198898876840799809623786106638975
