     6332097490047368184548553194895120477103458064699938002820047389534499     
     8631410482500931934982458582219369927035401465787376492927612971320165     
     6803642187112695016160478894933255695695800439944651715240941019206480     
     9520984451836769684582172338837877567500346890629941626879534625939938     
     5421884267907336969924541600055020120750165588171367882302691033203020     
     8438090113764954681263278216105927284823499942401055298720865106079582     
     9399592798530836674109663020137751877373885241835461068791757080449683     
     3870764187027880006958175406695743490291404282840747294008799813356880     
     7194126773730149245260288832624229887702082646793833746607860354370606     
     0527513476053052573824629795335668947136642567582853647709783075622557     
     8902793274178065077767138078094804000785007726591325567551908745390145     
     5166452434580379539845936411843129463309326906545806450819441135591760     
     4773216875213772388228545797689498351125760283501584281515756030637065     
     7744720562248678114269260001973092784689429310117164218398923753445535     
     7674871676777673613408423805511775070851461891854235776471998816299279     
     7859069493200217246495894348744246883506678738318996352220377286555256     
     4176529669377964861021300208167423145202140560
