     4295338106304207586234171436365633699223100931580950176025986317200983     
     1156418305550838888073617648744131618497142720621831134025110337008122     
     4639106628999528966432805550028605802641940700184759300478659935911637     
     9773207205465512069570891972108880388547374359960629740694225940450075     
     5078403301852920011108310250651835183927172510065821627193490719606001     
     9635111034780104629080253401801056238402663068388715881576687049373915     
     8507133669320943478626162844215514605720150817385467694802997119947645     
     8582623881379636400708174985867571008574479342745845242612875160909232     
     0714832633970047065785136548940426557263515587129340484625742966320768     
     8235481454454797568794089928199314893278845505693078338318195521629844     
     8913573918287358785041437058863918926619272662432748877311512869983386     
     7280991699332634490511266508825561306665891053943868283694273065010885     
     7988858084294531244330682731124699404147896239234566484811043902126076     
     7858975789510632312603579841171279440455054728194332445620009655898084     
     8757928546848123446857499493322968236125426655970491643615053868197001     
     9519618661203362879377654417365269627507049870784621466867352272692917     
     0494559447944227211207349407049033974545289956593609619668300487537936     
     1900674241268341320898940539913738134550520717143746738150128084200877     
     0565030984231286466597282885124808564253199295995730452193570754694066     
     0198961824224059420767537786756000045952903563938906760217323196744276     
     4242018430299366267640112349094019052811598917756310431566658953277935     
     7962293545475625468959161236183203134351076539537363423307400498722218     
     1812699189364466618137752653770200109890555973582169345457583946895455     
     2367705255787475743975188748281565629913376678200239449117145406367844     
     1898470128060261890710267071306511617353624816194415248964234487537933     
     0313982295569417913760621095377351791405457910899460340740005361287439     
     1085752860582634828963812099426521022083889155338098418263338094981753     
     9285469565580171145740577449909102952123617382919376266906473533044984     
     16100536465336751835669880236552778954553689
