     1895987799536888567167944381471739163832737992277523173312734582283205     
     9780266223769561076878406155974379850549895639715610779214916540816011     
     2358155976246904012486665809167995757404117121955124545325860756572952     
     7215471682780508686335085670820854505223561634925451923707883518078571     
     2582516951140891237780084755540722589655522803137206932316305716038137     
     7595847254452733349685155242831191023685047833128757048204083642677098     
     4831073573968715618787644650276154524287634504929329775026864211074788     
     6480653540663807077529913167924071470034507169735687515162209103520481     
     8358306485652667689605549029165536276666443309577393402343371455578006     
     1353155478382934669165010412496722426627475636297617513121106108078503     
     0425953191653325041521235204506285078369324220440259760244006471622428     
     9424699405326674176397881717097363997334855835984827364535665742061321     
     3049873298852339851830010692007948284971262661252455237132453469102936     
     1565202656066891426772904062304824880777150292331879077085297226364936     
     7107707132528032320226199853246251308323313940104877042309326367923585     
     0365680740969823412441243822134139138709150938558462643385036435474094     
     0149989757016952056484522533211089395782676371588050347228671327082147     
     0538302553872349990973649366736764925454387121026496394139810449978887     
     5677004541132124304656413941857813473654892434574500995098668991679904     
     4972252754671442238465635777311904982924358549439390140742283586475414     
     6582425728247316742657925930238788430146382348236104939629490497995521     
     6818447197343709266242972391888008415581195037922234021336890076078093     
     2860718458472561622228798601253320213969824845274392819148444947125280     
     3521198195728279358023857835486710086533145888133493979100619913291345     
     0093356406511805604253236281677721729457399371388773358552391130390763     
     5475868152761263843773188226753003457755832720429734555577410744495555     
     7921573246423545694825553774008982062595579299171558922989784623892289     
     8160306250560914162683977466392874156945732603503030339279648616968567     
     3835010303716787503589584884210289586183824351365004098290729897
