     2407531383909323349844897675189339534402223291815141006332676886467482     
     5054291445601349832654366208675953277878835484544175272026334046412036     
     6088743137381386653690813525195302853894195331069571625550760174105565     
     4263553837903941333404087991121928158628070275402676748561241620889165     
     2635118854738525880516745731482330582676373577671391390659448474651253     
     5970820389507129910995309092695681969773714862989093209769094671193940     
     0696593232828092582571374943386539041030893120536683774474278981835800     
     5427150822106836924130690635705904886404691989208643543111408633360662     
     6421879837430435171605547398202539166878061562776539229724605794748412     
     5114667937679865601192230863794285554676196298062462534952965725490194     
     3239910977620910104970972083139894852094550020816597531283545727645126     
     5560759455245669930557427644211952267212308182449634578148413933763233     
     4090249459959232494818085491522318697367117295826102288717333331020278     
     0918658943546023767116798188762112103609909757409712463458864634313110     
     4882633695499338903986941283654155179917284232576766460535651673188466     
     1439070000582559590519935234129216995821854180937451218735882265035046     
     1651029859796771302828896282982130282370554914226486100149760322976171     
     6530721916534300541050217411672641831452946390625828492531053123156301     
     1840121079095204902682767128552045100025722158740006695200422067078494     
     9758916498618579612692723944965964651716498596918064487367737096263286     
     3280868577655778024673220914934446900527222193493860472641536718243388     
     59420798846315727325453946711423748641083474909132513178296767501529
