     1003107684011500397349688073963635522527561508757764515651556599688651     
     5518352422795645111478752881024807268398927765197431567987925876486622     
     8596738894579538124746310933856535226790790135552595210432658700801304     
     2106332732275040937310917405245732924464229191339068468157378551562079     
     1402986712455154006792672022593583892444774609162213865975809887346673     
     1707137435365714660383186901771873542635239444933247022308109734887085     
     0014439010503311926651539425323259646905556677652086274003329245169415     
     4405331034638659401608259177145478491666927034337311436872641135348232     
     7136884709089916625663351190389327805606621097577730502643541802162557     
     0224875887274414822856409233323672664639403867441176364090119994463417     
     2992953440354457023592696348186427453565516092851960450583402890747565     
     8772239885581497267883606889326219949849589412678906897813003833773568     
     1337592595732818363513055216214009924804699251358658865732172781693584     
     8784487715015877527820586916188373659338851278129406834600120399041812     
     1764396212551224086078150399145230226558308147800235180134715910768418     
     5767756543069206583686316087729354188196773142251754730906494639047624     
     3921090589645023148638678466761648774263898469901589076850716050317021     
     70561659188479
