     1335988642016038107180479337018811674961911280027994779631763232566314     
     1862684340095920700415505719522463846321146620732528639889146675685364     
     4291643614250700308777646902145004619387045569833509361237987665949603     
     9526748634215482068604290829130924718012738384363465487214545560095370     
     1272566550539867547700170109348775042577682257323754176395430524433029     
     8540232000380777099420194699785426892989075273633674680858227445171859     
     0632272418360079346575712807534365008834605618492186253075463873927916     
     1339902198905449116468906636922007621373102241510965115857665713550026     
     5645312194969592126946706070404748936862728226857724730882246749067246     
     1037123551418324945716330764382818707981743468802958769970869060532345     
     1054357046910216224589611848135386555614669689737323021866684869236448     
     1535141120370786471435422174526583334910216118452453182395322231983353     
     5010891452107170464969707296195065957659367048437645742307520077971933     
     4620371879593850665107957033523129469323348163358147978713387684314215     
     9115088348682707229155186427148379253091200283688354987968992513
