     1730777768527642807563416349551190752158868930736519688798450981958477     
     8499051297206157222379415151486586676798340406847153449319305037214007     
     2122979560890576064077675348671023231922408492191827398162405626117427     
     6976375928347598494753913771396857932097686389214304301814605453264461     
     0062112516600801591485610261413366233220081834502139432371681225111037     
     7309335656868362221144406612462611345592220840312334468244850459306349     
     5477881842271959065818513872942498575764846599213433826787494261333242     
     2189121682541044538164187582945356207165837771117998171846106657990718     
     3441122566084730186955868369221631899127882121176844330958381240463083     
     9186081484150967075965974595874472485226941060698197063814303241441687     
     0199809851216614099009623255469148408527237477658679425362881994730950     
     0847989588274703351510977946177891154497412561447606021926493395074494     
     0242712557905496893747931643323784500468280225019274322204938939189241     
     4555488507952139489785922741701139996947179567007685274054704970343930     
     4301538769999945342564060247484768326662529452039164532581496605536725     
     1460967367786616987265845498658948210048737833278496997905495827287753     
     9092314021822489813519722678383662528029281820267725503528318968046921     
     0766617499517175039024088477226410485837585413725035555624840960096698     
     5646463518745192654957072530738791154782671927887846627126492944267569     
     9372520058899658729576565986187591116375022790437376596382457330156233     
     6141923588100089566658138327239323743233022465321786562031085744174188     
     3050692574816713501307538608024442605867154718490931483972195798162763     
     8703502662215094508238659469153514264833910769131118845918688335664014     
     3363745362514317030090296051081983198932544139840673314927126472733721     
     9594032292400868542640629963795314846984877507170287605124525364286260     
     0095503878493866680676633438351614087108792743130726198302114470384506     
     474369516279535995069225940122723889826940536
