     1091687305522099226081014341751101657430915019591323269702934669390896     
     9616212175563363717844628187568890470325217965879062476678715741413427     
     2374339922685601515110288453910582648194467880323887041740357581470667     
     2359346297476198970378110949059956360866526398522375989348048172645566     
     4228635370057747985065464847103715845074789366576589426327140268608788     
     3785169590873979211847158090873768699127220918062521620114711828081757     
     1998133942849681745533752114636931937011023588029375796632947962905719     
     9615922994232267812589642306078874448066560989373391218752662457736677     
     6765347878758265853929924470386528795069553514591386480888028509944640     
     1166643815752574419107338892741240850181761816097277038819712210308401     
     4018513749386658015340244379237254068041395744156145674596239088794052     
     8974641918452076652488697663235221585358762199687059495109119791631906     
     1823852246689697165619742193483497543583941640491362002376009208666512     
     7790562292443007286404343513962301400753399919628907435880701414537526     
     2768282593229221389012162643984319186699673874131576996420711522060670     
     202775
