     8551029465868801425783674479121606299214496219914735225041848935889295     
     9601690551938081280880723957357181891191753375609476727758177525681956     
     5149527899570590473300985355665485689823410080323476553572946119415292     
     3572371758859218784869721541854846119988061883150263487896297396837085     
     7605161762967035338775965279520749882595982313795550980879216926784696     
     3836704813410747912538358759102134873514948624857612066143598426889203     
     0106536601451750959574259711155039816389502161772339460186347346516479     
     6815098155213968832427646072723696093691280722092444762190019125476500     
     9846865998976085594292644147019141561451861890249772643315755363783215     
     3976893044770472314110917756506042139191155937136581701543884904527503     
     7790319629332500319362781306508795950033908592355565456704471763673245     
     1590443214118361051202565532978657776100255781329846953123955441304522     
     0545559501153701300876298697906205132989520682822491185822668977166400     
     7238487177366430582471352768457080669930885614996772260706125994312828     
     7525574934443046165727543200328376631866587969783457190149348497002196     
     0635356361819516274913977205866065025703967819181859658339176298017147     
     429504400532524318361
