     8653770404730283557268506831184888469487228424173356248427472690628559     
     5197167830821380687582264863219346860472486988032360235714257411928559     
     4573546854844279103735920980628685732765782514503346601642469349917844     
     1687399818346023617938132993717017358446988946647066940554280187034348     
     7849325642086936183016604239533567397008411364071123513708496508227484     
     9163759860623887877647316394817000276738592042512419907488050889559845     
     1343123906352415559541843626946580795496444628024461332450069496711766     
     7988919958791429572429163165754907902902877059588650461816202484143875     
     7503627163204959026988058036885649942495652933185508477201419980248318     
     4313083673328578221317346196899797569631523119612074671445933552689815     
     9858952982572351993649028577748739834558159903298592120241267221436300     
     4981943593807706816477584971227002805358451948961667525025310161492113     
     2541457907157649453315520572013136433163685244163116094896352140954001     
     9736931594043095496800698558473715916594670410293712674445668965353839     
     9779732979332605898144832504173903232685770254484456403489803703818141     
     1667419882587333060014105449169404664338735920330411164155045378866292     
     3925920177870685918415351139711507906774108182509227471448748811707387     
     7767567148951122473439666362778017117651166683846044432569317653013755     
     4615719689213255499558491831188637033075157330525437894433876440527832     
     5244357265855683427886579346549655678500591944384268869586244699324131     
     8256477702521835685614912268116783435716651028079837066311317843694423     
     2357697363141790081977214263645366070450518997974586451276822813192478     
     4661087943156676995653741115926855492625105738644635736703182351756072     
     7079090417055907429730016248297880070885964584405639483996019432490572     
     1323765206058851923123477183579938970815382014168071715621111962168945     
     4222534620299641000149261699006307635982794016386452000564719035462704     
     5817494296263882903918616208
