     5031006502574040766012352628264886015410999820559728104410054358080742     
     6647537185358518770151633853570321512831735385996688760586787735251634     
     1172163240582909299330047292144171223498004428186986996316328221866605     
     4363119076150150157439754291521443101179430441747342799207429052188416     
     9890730121429324413993773043597227405314113285154571999460461002005687     
     7235460733509588268278269718127682521511282238770331114761008917962930     
     3376999928929599283359142753455543471405238594808315601892341858150738     
     7224479087277954001601175431740083855198855467030884395613258012584208     
     2299755758060233645083012864445251482700098737911819143229005433871449     
     8799669733990087702794903665962871596383667067468739849942486197135701     
     9345460886715590899980916574341114604896118953213467020990646051728350     
     9204236781156735227172575740463622999030612046414517728082628911330800     
     1420910925002243326815338837744406026712879411887416204509756010558989     
     8984855254712955001232266060659035119270885826199799201954255051038426     
     1753922449182809762385663896102603275954831742096376709312547265728462     
     5470014999794382788976542610616369013304386292032580883471084054112929     
     0531093470824332697859935986824036679284193558888570265117032052222105     
     8390105640019229349816477234287103638140500054792200664995923664157976     
     4336749535132013768398328957794614305869857086146448455240711847537007     
     3967173193343753769655958685111356782243089541436055362167470084859044     
     9515599113278184465285958413063838827443736899826352910982135329026521     
     1227576059986558459203787249885416246983890949401842649459299685463094     
     2996562712024027020507815256433398126998011311459587418198657892453783     
     2717115667716051668746615227481599734693236978469993367189943245727833     
     2764644268719650732968544058991920233051041947016414193399873334456504     
     81617379603975203347888
