     6517467653854722304912646939629382226879794363002553777821938636646085     
     5311960152667699476881522006333257807190314133275443025353040636134329     
     7126054005795454127135793615596763725059065933183114685436332237852571     
     4141325829141585561058711295034230971797531744198946712465201977635948     
     3416113652659663558639093947014607687839816953505554680121541726335411     
     2779846730921332831632134983782167888501090566557895580261891832660564     
     6750221924567808708928233270832801290990799947688984784362548535702133     
     8188058018957634398621391032642701624673805625157283735106870692349839     
     0020405444196025544084620259228185157022717440790408457299366946348360     
     4046462370371723212925049018757650179647317181067009612380581800904170     
     3306982412434654051843559479430001329007862050608499654675166239221241     
     5653829825617775480245955119439038447784896962416000914561120655027144     
     5353545862014534046653796947254082086753683820841394517597396343522683     
     3046894270133232317429344578397538671227760341295652001774615319871669     
     6216172559359637314547772107642840471454491321757441587598183751807964     
     7484330891770966733717264603433745198652056368444247457873154569327119     
     4740035969438252924753731684361598798629301907054214096978610290217357     
     9024745616069602607522977860768356031095691140896846432066484701190909     
     2937501084938229847208356923109836166249378702065665989076871119839879     
     4754393277893
