     6464928509953913638424982964343236501167089230191494998634054948897398     
     6695960419588819520918591952796223180873354748585727116705308679855232     
     3896099638659229351853497133075631493557025931644373378696212066781129     
     6164371309629208721435055593355426907582192541602070269874413476423182     
     2395286843735776212740080674661544226216918350678730832497789421237758     
     6285757842633131240896786718892331465121584714722899074382604959803135     
     8434154793583053457707472101463834687499824629808360450244843051784461     
     0778177861100411436456989911825322000320570634912600561470265639315428     
     5144327552219616539577658595726121249784018399590667371117233028754635     
     7152980140716487249182932421184653197619384720266046772348930689198970     
     8563279342426605794698086667092217298294467
