     8314386223109272159316155107113145810694755150291475356152660570953833     
     3722364080569844143129639249555486792135048277661865740129688750770590     
     9191110427555692416763210896625212313116908628106342477797421126894183     
     8786883133942635463843369140680463098083124642945410744381032656250476     
     5962362443373468108016233570794958867717236784858269279713555356567883     
     9130040579924023088859839393790165375729950450575723331914480969338805     
     5823200261641993067164578542446906758652121097436702858374716139301733     
     3854391414492217021432673733698490793743799263162495582291620136739438     
     0121147629302393600576795433904108801213444610210120600939104896540064     
     3713238155920802883100056312643287168254523391842001942600437723018450     
     4752036377631182308909601923360412078173376509527125719420909896871564     
     0240638895562807369276936696238854357525453539913204733785642255569696     
     5766326965989780567177573539804122768127589285965804944009600363693280     
     4951155304476986353558245576881551266491897684150140438160224359255760     
     8478076728512775478613355948511138273059499273694867948508005591387567     
     9907173295611712058080486269052149336128821946648524251024188900936023     
     6605593380037546826001007381575070319022717805838049311796977037153320     
     8533605445434031653259256875185359666928557227697090828050800426555503     
     3444521120710426144253328728257598649072395404977420801504050229428614     
     5625706120505533781790399318859418408123124572548446682091860469568373     
     2539648160324687951314507046902158270804097256038869620542761657603008     
     0668850050778999218630827378079664633885180711862295031422319898636947     
     2284806724335375870929558754046914028937968720767074048967909080189753     
     3311616091290963023324440301298029014172629049777388965351184264164755     
     71257040191151647457147607341127717743899556240965430371
