     1760991160199270344389596088400354537579477350161322594818785125904955     
     3102628829052074985518665591710023991575758775578670534829040580260209     
     6398133501554605375173753361348654606242204419630179510382749398827622     
     8315707553668213161687389374015271219552584547887815194351224094796949     
     9917069811112930331286221833872640603770259304645698017101815582716086     
     2748201864373328989983168207225598899614699203986013361039614714783469     
     1949359990586591519662414461208880916025112929954725609412395169472672     
     5286311328002274725949142183935460692542065374932298130345452999353916     
     7070973268525787266948660135926873546155480649449386644314912584989984     
     5484641718005421090926359153760071751090118071970243482650023548851556     
     3685032085898501068248036300153460766947347500598142630424331973119827     
     0356927748410374960026107696340683151241859460432267527226901977025755     
     8625822426716576069777276753217136704770634179214781407298670784370081     
     6534896757876871009743152361537472067455453704174421641425866205739727     
     5997372201742337248740798482240424326182549653358563890304104600891343     
     0703515291234334628326553697007063100998051310283918481900156175716317     
     7351828221538249573191633687855866304285539855939392091813901952168873     
     1067934959917115358201117377147094501055882339504291681134860143955770     
     3573967553204145596443870700523898536300582639221485384045758149435680     
     5850472028638768742010421068322282589030542528365593087226006248081505     
     9463805781385985716412864284472950701570164776413750048044490297286855     
     1110316367188883321221322508258747433875497107795968777590197036790726     
     4407109064624696927769228767520748249480632962968075653288667291412234     
     2066585365991969856166004573627368036199614595973555535409335229867933     
     11878499454970827568150056263634277239153
