     2741834726416015628028525553917508011291558633923918926852337312419282     
     9512363544382100018435462593328888736591164917634252635274605627595195     
     9680389096376447891478574396825179839754018114540330531652740244074010     
     4167535293629786442721623476585467266242774385927421131840886667297566     
     6851119694044715967476779287487309208663874061372965731434336452058592     
     0342932607010097527206812154720188592077809425667775531775666364514622     
     3973126243078243278759876391163780238863795975936369468260101662071841     
     7378482613179009140479349051096166573917636043452565194816086101399423     
     9074341848089843365352221079773009725271819787621651534388876856019723     
     8244791974746457037445933011615319149983021823358113446015118560859640     
     4725443530741638645484214727116667305987135417456549342881095691419837     
     2649158813529307209675012202521124595418014322151830800454612755786147     
     0052517352983106470285060466008706546375008195863993255149389859381806     
     3492218703098451048119975058251531412184593131936284369948539717021113     
     9820759862701743219257045613019616903997561878853769297971577099587397     
     2575883124715692724644477266133556132012759754524142391757929078573236     
     4816035638431830008695856880018396897993517793704747458505544420876199     
     3563191147515441345266006294311176403670666254937970083610492697141526     
     1445241654318114524348428721441388009704266982872107439843449017119729     
     6373600167828178933144579116306734124655261984556793708668318460552532     
     6544423152533074451786112276132882231424849093759641134108467112832575     
     8684774436770898344912191403776244839327905969185401475610323613827852     
     6078792404861271945916506211966009846101619477382412299215019921035773     
     8830475373262406046999197607105961968417309852478296585397009599505603     
     4487251007710609278740051477813335683901948399941090209576914283423166     
     1036632123567313431384826493563202932347067676884953202739178553299693     
     1751133534849692481611558567651951840757827434022003402204031875448194     
     654810053075
