     2169155430851879944189840545479194285279452482279839359428091416765437     
     1182095548872378912705017266393513752832835997763022620440299663217241     
     7525756288221462314800268349120178790973395811528173057166213916371275     
     9475495358555181185158121383324680002030638667124834403948920056994945     
     0119150819225798218952831004635740716556164252342069664432487524084134     
     1761205122375574075931670126161382464896249387154798720398084419740009     
     5929316435424141317309006666694976732842198523229089186277683669554791     
     8100642635557260656570665301516319691964829055563983479376795424163523     
     9889552930887280568115621632823190480812180750198435568556390472116015     
     3531349766707866865960679488197397263597760287561849506337979579060294     
     09075803452738962965645671245214599560957756222650744459584628441
