     9235066485410465814547084722643193629546678176859311032015287766800115     
     1488223756126138624327573538600700629096252719490471402742847811156453     
     8179649337968153026880571102609443043809312970388980071251233513107601     
     7900650776498602383569400798490187106231853615731934607830203125273299     
     8463056501448246598525178323336750870206735922764150675516392828890326     
     7152513697901717709075517751427659358488286230374178441887474651131602     
     5876059372322796579013038292018954412672796689022431930893864281530109     
     7900555972706484410647045895470758227152303339048582524059461132518395     
     2445893221701297917811127956729102594654064675865794564262322966268623     
     6264700358939798801828823165129893229023324039197251914158157141932299     
     7613027215050167385757921686334980459759038701870494642113025160827664     
     9172484259116168058512933380348955945303604865139603621728149979504566     
     2133681480641291985443540698733374021251227944864136903791168461592598     
     9461487443572971208857435986107236636885380606588436439281556031065736     
     6543508212529220561279083117296136529275286522343351234120909630757876     
     4157092301950293656510826712404890756389647730134857081588506768372800     
     8490245107619519885869399529279929367640469163196311658879209454898864     
     4153285502503769369307155015950393685940710727681262744987182493983059     
     9830566771441974474748580946684248179957405831354424055872722996495820     
     2780902586412263743922107619808502511091317539968449181189595099930792     
     2905979187356157242340731958518481573726943210041413383916103538184114     
     0579618357589642023027646098611008878860222791446850619778692450850162     
     0987505188961632854595716781193306292740728075216801204154680410184625     
     9357626341109386503266770553208949233945104272824177334500905165947946     
     0959072906482105790404107314449990558912942094672298627064308601372478     
     9688946664590611087742840435527076414031133378018350805159231380698961     
     8006228607295922418344225218005118109916058274803527757018326839570288     
     8301909793031186557766443042101480680381571242118007977252378615640922     
     8422744970559775470255279720721637268033337908771043167360674394075285     
