     3052469139224721944495851465993748279005175378293274640763574542487717     
     9400247795979124472251485183365926404590386147275456338438011648827120     
     4966936567926812300471018683189094257633774694192978266044162961197764     
     5526936203089010774331085822109596148931485300233710329648821661970276     
     9342034891862730781243297929290987709454373993632392890106581145695180     
     0517835451085117119303766295609681806262304236933352249412970862425192     
     4528891330701352691721629315694029327255329438975854065341427424307509     
     1123220904052249198316360869008111427333711254201445960515002959606567     
     9455107791129054912014274026942919385239293232998006087372529421639004     
     1997992098959405041952925031808165239760879296242205151643805915241318     
     3398626649991186003344693332457634258727151604247929455297559715972862     
     1793253519372442644876860778878923260209166772680529341995897582589274     
     2508813861380392475252343124392765205434011545304789984158303178082837     
     3354715355941382333725486688196906050533190937215762657674198953355828     
     5289069188278947306917570132673583441531668646637997856737235026241495     
     3336156408607025901138518451413805864507379564726998211882158038128953     
     1414573734500183581220258428299266935729594400858134358791843571255458     
     5661791690045219134907998300942915586042563450414572717202581682661749     
     0680286285780104748464414162993194708228741892253084606251911608606768     
     4996967814724944866536519543128005071152691586926099134437289666930667     
     2572703976921465220862085185747608714330843181503986698688029144838110     
     7504784440012472710193422903457056951204518031991997873814691398901416     
     8356937156525502228779053356349800289467239185700392578393197552812712     
     0191247952318166020854693533717444214815462972858682672546520915100807     
     9643307869180683456038656460178112119059133097159939642822110162792767     
     1152014911188512262895082789314179104194449251139207232756430563522095     
     9463553887435103965190637931971382206148716683027859134597715387212889     
     6570430758004566596944098929197104259505431386359624286167240075516029     
     94343217437762363743053956895470490539658383227197
