     1144578301572329154439412130932383233682921519346330101496025565028286     
     4560560347033231803507251736403487575699332219837134886554666875299927     
     9011577978577722528187109527754968647789360069987993964642253748051961     
     6198186699847387109940743458056375661486358977498909213323522583560968     
     7145860389443564412831835369502830945470205367579323551103383968532192     
     3383760245749721385895189901099047173345894054595384811101365887203548     
     6365522651461721762515080262328633760650374758563085427280275602542684     
     2588829723420488634777595895306220736594684417693616431544242281384606     
     1145499145922549393268843633557956621857871231999443892295155205346667     
     2427848422274769283873547892835370908184850996813871678998915303141926     
     2592334589207945125953549992633875102045473970702185129623674511408541     
     7276440223396274850870014417191963520958898744028274447930732183785407     
     2159158203899304041586348520981494381269610766513121009012880440993938     
     1340256994338559396980091473535870144916815433782151320482437460718758     
     5050044193985017
