     1529732592602787351134062941190893328683418644816861743310366568051227     
     4053761940847425086402949213837836604679964903867545872583047563575804     
     1652777418786635700734620324418440900243329116698017162249746891325629     
     8787454967748288047786879565656145357758767399210467517269822975939269     
     2424397800812460164052396449668546176384708270279500045201011445699497     
     6528423682408248099516879076038607493535149808601401880360273799853387     
     8494640999609947560580664482475078308837947866349196133234552053274476     
     1370953398871474647954918682464785175295800314504817515661517734261607     
     6843288218101994004066981654382016225021755406559615481314811765344105     
     6159180479699913917203972197859023890380336668767566841045250345427409     
     8975571037333602911480737679169604291594439284482109099431561107884790     
     4582937103141550282841437429009006568278658977513886177845301553092144     
     3579848633234384862725990147353717529788238598238340307595749545986330     
     3369279430658615935281504961100005469253818928801339419623014723901170     
     0299164160233464561220897612751035236796731342361623482097239809662996     
     3664846109095312178057115193546966062117920541643520481256599608502832     
     2013512135123139823997127342045362232494956806483173405973652174669278     
     1367221698479935803392071554890283868356562061106706993837835613295722     
     3401585407114373925374260993504895451594289194565932667095581051458401     
     3525743450389012964464755742752489537747898521430796159265714831546419     
     8509804893052375936623940503318872017748511664603595173807101766755443     
     0103240864343560380995404031695422987052327756944099335195784558661533     
     3087398378024514435443848032786762330246790406093873994435210959720179     
     9013386727437624649729867633029729131969542421090298032012526044848003     
     3435732413312046795235341894295816748408147463217963941058225159616030     
     6766348647588769206706146139240566479857311070350841290274
