     3648828051195304905765843576805953973041917049307980884144847325285585     
     6971641638923989155521698742927575265029263168544838286189322116478355     
     2539887574805120377823850910307255330910145983744515818914916280205058     
     2227430581686298062937982085023680738352091772638427780564123221675723     
     7723671517220740613506514745520756208859602727198064958818059006844489     
     5975363967639684680536064849313022511884667605612418039069838763592498     
     6373964180276668424075760992365218333983947476588019928258338359066387     
     3344078543661822145330419541584340746497726831417130062793445431393779     
     9678984119913040049732562441465370339341134950983041005537250517698846     
     3444033862151396076959667637267558664823501495696935127511550783363860     
     8731915363931606697732656202613114112553462925217600133533596199975440     
     0034592547098228735665672751425077749406325267893551888489531372578016     
     5139929351996787856513317271816263314108242763607627039963096917933620     
     033199887748125714813434689057404076708874234668566751696866
