     3969603187532739902714867519232383734592408421097058005654193582268650     
     9437134250727075304181979506271273253752571269673364690724220765888909     
     7605744865851428879912252966458411679506804618540332265916301173257985     
     8092823473553846708014916258006240625882637401290381392776568439059270     
     1055133871695178886646755394743046234028403411692851505300278883729774     
     1606092227028525481581424442431380476749382822953789129414443622879938     
     0687599137671486377710236470677252781395923328665491345481063612033404     
     7075436504645076881212850999434061367647653822376802506300559407808235     
     3715114429516711243646415139367444557404665792488384531561907773554373     
     7675096950630231872994358398195459532079680162260491394364668433139136     
     5958691385520679924707521828859439613131229332229477711339707735095786     
     4446126334508679410876638358227079799739173096930709106863168651943888     
     1375779830806540102102587328333989241051679506082399235659467977833025     
     1607286989885674029028834753056965484014112863769213839225157503254608     
     5372027660839219523976804103887364492857317420153767380431716292566068     
     4407529790807262550214597801952501159572273511978731803469276373949647     
     5314211053775929605614906249008465437423581706457414864352229312521648     
     3515665521537675502367081361297634241679341226605089963857171960892295     
     5623971996718730052809204521213745466196030062591445978854069825816993     
     6754701449271764473669458843581297459983159179314903134486711762634500     
     6571105747837294882461734365713073912571159234576443741537837806904272     
     6687597886551204580020811533656073998712335939199589014052439947093638     
     8971494910663602590338142101419935962357163411325805709072166468643426     
     8670689651053604653756676797522089014871973980091437022673164473491243     
     5098389
