     3524695973953116196824380605995992475536900130539157594623060872370360     
     1739041943364799492133753206929223604135713901001746932140823508987855     
     8930733564555663939356188531333030881944885203255946201895476731128109     
     6344703568406975199419102124201033244265370355704033569814360229415123     
     8690520855895288033798900626604683700346957209388373053064417656196410     
     9427158150693039268768145848030648730429822687327024935402892461294174     
     4613560668308536648588298618066147980256957309891413424220286229107594     
     3433204547753450912962647682675311770130856426318120757212329187974084     
     9578038316904061338947571762909694046702054663935082154631241287227694     
     6244380796867603668075957909751781165260884132019061139122208229267848     
     0430009776593607499845323949937231517465983968504798101615727538818351     
     5746345782135437129553102382450739573292996381689644409433110581977990     
     3347721613684320190099184946592096631945511812209062395768109097602387     
     4652140712356046095873018211278665234180761032557894884174375451296707     
     0776573796651789914348637791274310045674207128433473244251487142757404     
     9457651885106486387678288266315762116689134135935581888327598870140280     
     8267148802224286043792029383352421377851398743050914146192372480924570     
     48788629850395114726221835266261309606786052035147929563411122808181
