     3991080927672793636692847170810824258798389445941410912081241921393938     
     2038465134602829743589631582528704091594135564074658743986990617886081     
     5060688163893402241029809090007501751195628593078777677358113562066586     
     4280761242498829935032108967127005581419076902496204526234395724151130     
     4773545618574818453772827165272975231736363037435501518383053239814506     
     0150377213832426959346561750982781719394738659374991587810646791661034     
     4946815664774446033581731752528545451162812723500459891269445934334738     
     2418817350571848936256114872540652703086490980530895545997972710879015     
     6776862090378387621821896075710416605659869547771130283918628351578726     
     0063376115498674544364532200995170987743587287530059503926953154789215     
     5292917181089611321426134844637349008201836632505811578531468258134514     
     3462423717119786516476776910418057084972400027096016857954162364607975     
     5585378115916165517371802256631584437068632339048443457994147040790167     
     4784914558815643927624732781148810821698819534030929877367248497583285     
     8348079371048591909258752605420401498100102667154125732423403450664151     
     8760355042549166504041044856017397084567657191665927501654018043413770     
     4175766908086905308896606782402653152882819222578807335756519949972792     
     9649175352597485280609009719904359967339233166327641456518494611332349     
     2397630494358015868765152141157670963837647612402492599834607076115946     
     8642799487591766602945447413109714843101470369470079583082851732529485     
     6075689572079366137990289944921371743924175141812860487660625851176453     
     7019416175459408499568841629625561990382530172073690028122123702202946     
     2848127508972066142226651802731835509774865995637896010730038235309625     
     8325222069733668361148942880574726569972541280010663039392461303054965     
     7665961960776676125218734089256347235077900451849239960689588680453036     
     8968013232739233463927842522748293043587073440898801192397098990227064     
     2851009605600428183161334724295060256576947562006324066327506254263190     
     4053229161250295871322444512286953897605015683945939464957362718675032     
     7514908946658491411055042255680515774380715763490521945823371512675027     
     422309955318186980970164372254910143329547926450923535873
