     4310201970898501039117186251008933274336464583251067548151483279872195     
     5684582130773149538099172611653534735318155171523187988728779423706173     
     0583120468341998285415225325853434634336917604310841940568849933726157     
     3360689439872996972043971862845278335849766596704148829379193452406093     
     3660486659727483080634471820175286734626442016878755469045542994830844     
     9914864899275653581075479033349648917261326111722817098400256510306827     
     3630056160017034031703120692646190107733327896084356715223829960526056     
     3432994346574554512729450466221381622557748014485423644698292931645925     
     2370910809790753034614035083851467663462738922201880830507623655804132     
     2309020951108413263802583380877504245159057129453905704325859247940897     
     9784166882610277473824595576685006610273391521176208150521351940107954     
     7891625670376312831504009481579165259147648301748793202013971201916777     
     1067627279292741831052724766416328585198975319401474336712661965961406     
     3689609916491020537887677075937346620372354653976703356682986672384162     
     2719108292204834769877645058062012849625672754665859960684457220981773     
     1032461663232927996819536651903732458282001893922781495706876032926130     
     3641176574552491746023570440195175925483067181310706494700565008272252     
     1452293249025621057040060086161714142127496710209369178108983740186925     
     2626035962685777713507117773746157715403269215138013570267853667878285     
     4280857864393790367637859306539789050542289011279118159581300522508523     
     3741964843607368000929781502295530863019528286014610479155095846423290     
     6546880619897867627850955820262765045112270603038818675946955044254465     
     7999849760874282685776979903601013721160029897141014888380100713124168     
     4918800842482384865229426095401925279350583056550297080459247592491547     
     517323969955680557393148613231429237015557247
