     2300664783369638930100051738456144311263879357733358503501588982573439     
     3520334672275892038698083555816295351950395193373606871329955851034206     
     9617932741877232107024043017389671813550152907548692882463506019296104     
     9281085218715262575085123942201471705561072061465645608924102971376247     
     3479950174432232990600709069720060575358572697933074741041812337873970     
     4534292176358837087211835907516206159152724094123771321497614838521660     
     4807924382239403452890722941047647492258310119951844984426716833097507     
     9134435988507749776436509763200634574327332790827597440687684695578665     
     8622174045946137136517726766296229049458813444997857248076610991511611     
     9165744769382484015071081565480053961037625037412988385666767907033264     
     2567787034971713521183317000617290778681379136102949229004786817331906     
     3605618650611981266361374089388587774043233795865898443862868474681325     
     6571419513650460503881756443692403910500708277385926243674398511623354     
     1459397469491889682736480267499559113268607201750223500460730385873197     
     6685709535024862673194609497333705965641991696
