     4935098653382140399362060198889734267574917725839348704179641557947011     
     7578035524308336889578372962005128493090615948400911591196820230834191     
     1452513303855347148672405753704338254117758124573980860983263255494126     
     6674265404520500886713993146194919661535918006347466062737883638592295     
     4995368811539297116050964675050739552138977905933541215102294341710928     
     6108541604765602289144258240750895755430378049113526316508312591176231     
     6552602535331921279250762787177662640632687002400277705525383133212638     
     1762980358669353112767001239171305213528211719370630525074060041970397     
     1293579548614773595683235711601533424877605792260359097804338375770329     
     2949935642025352707575586732241434417373261169729707733478528567296834     
     4107184528887609931066405553084202768582777958065238840177400898943232     
     2070176660358795335377975812195897684446708954623150139432783116224873     
     4069870558137476011326419644877118446319755275250527017264572366422685     
     7559331558903044205115336278263098333162945330167896815021483547479535     
     8612936566520836339961387679570446648671612495001883008061628149703825     
     0824368729832701778251618159792909849282346423566435150128623891375587     
     2719882546754347374431295686855859576925161459563882080500218692763375     
     339418018038159416741445647930875754966054465293
