     4576783637806135775750246598093869157124571076962240230008185423574744     
     8422336119562745616934697596924166785469953239613808787277223138356862     
     8810938599056643320940222164816990251320753348079247062295478664873269     
     9814146457342621218573263703371948833653037003083586556973859599412339     
     8870062625980705167465368822993382172087195434665196847732101099854264     
     0202235755391663585289683242427780041169160906847920680763140735333106     
     0638208901052230604682767354129406890022897533962039221891214860888616     
     3662833021815533335793023562546491321597219324345155653242425657491946     
     5352159621893127809855457787820042665346123586832927120838404346974347     
     9140301210122698040263930163623030369362257763867073952340590110221896     
     7228140478172101505155744675076610595991332486454657123273886921490509     
     5058534025108002064486751974652001131124270237127903896426022686842618     
     8127981823059901370103076523860460444183526977501403342206062740088925     
     2523099833742813621083181242171681938051222601056435182090374005315372     
     1620122954422796398273669436601048065379216828702363217138960630989614     
     3885311044247207485491521752891931109546611973087041862373462436273458     
     3038942766871550952960800576923470697235812460430109062751286544785602     
     9581534776681583224978421063385011388000838676637562353791123016875343     
     1162277040717111452101839714407202495500423034323025455832874122751203     
     0495690851737860828696009211301060071228578238418815645630520493116070     
     8717488205463586253041247317464641350296056777596116915490307019621675     
     7154337187216260042212517876284274504347863257638094477527620778664528     
     2549639646958062167870055972701363582495740720119200253960703018738813     
     4748657933206472270954196172059076595376392151297458577543260394856147     
     1010371343180619165119600482155643053669899894054790535210466102566083     
     1334983623852263564473837159083087291917491399510195876877203373142840     
     2308486034122701071155128381991951227960544170049206610335453693997611     
     879
