     1614965692032511005027428541600468449461628061790955056003327993616359     
     3807505064722236728744778388881552784643885193154388430648613229142678     
     6346515427434050997740656205719766698903149621774286839885764158342011     
     3656212735751531837362903225262374410211352184132066064650828722843569     
     0421406276013269831618543139048450790031373753719916063471573970865970     
     9141388102425097822639308702335962909997797857441205545762316204419645     
     1896605428585909227419349228000135736458165888864879110215802313606109     
     9843149050305551592789239349839397073143252740424924601222452214975200     
     2435486181586412702106885151790601947900845865251059275271703364427600     
     1735908525394309290928398801441195501635195471545373521762811733304232     
     3475901981884008589573825504844984302413507128422725906547834315528902     
     2412889673897392649248244075406621496272076545301374740157561086675736     
     4613639902868290017900341985563199082028166907065128668386589841143290     
     0217383501181386758114385997813384783875518444420820970986822023782651     
     0759915680938400005340807355322215360029507856462304944355534986715030     
     6906904926302143461675771746403009217798858830609930161282256189878592     
     0715877817132269898835189001285287413114942292166180493720313954291379     
