     1742088841449938018468219047477162692064421858015209496328073305485170     
     1973207111444540288177990422907289822588440052936433237081650074186687     
     5334333740947334891106222242859747669598108560695142565575175278216335     
     6709685291712222825648274951028907531871556970307265402510418252585781     
     0333765341880655076470393192206490408614430277435536754577521089903013     
     4195027489352787258986490457426939459717167091951165165885951055904576     
     7132073543710766331951976684055311617129916750472623610439265454932173     
     7613087679892632214329976406581490031230927899876973706133000905009940     
     9807577123160459312520434928982024911462416608160831278403112383085425     
     4166698797567364679710641102794795926615304731425686065146033525802156     
     1087754251937441698216376371994949225223678914099376837877355117461111     
     8349218235480848645152203256617014629666354113970196936936442978708030     
     5294653311003931700903946406342738499452898245835897072031681019527468     
     26659666905
