     1236585464413454668072437303768840775616163880344325945690975275034491     
     7093211538039696315066579157155190076782382195653167255368495867208975     
     2881330306138612846011587077833552093716134190010399861524444481926183     
     5219903921241100481068948513986071894677919882151733287794069021958338     
     8555864714951318351747165685020280109927702864588751503419052696295476     
     8633398493697435359826429257196163407798692585694905963897642993274054     
     7716510553444146554867792613433524091161299023013445943254598405611522     
     4277517559724243542543755329342962773285595586242832465666339581825048     
     4900175224670534970735664005551223530840374888516400969866836704903813     
     7251303988995892951662841753203920261091974054475368432570956820611522     
     4365081287058852757658966390082945358253885060463847872526121495316581     
     2710013090433184055796951636347693211433919726128687742051628538022871     
     0133733471454917990319246243324132917490233420072963987270166819985835     
     7847993534010828829504733703599148250502902389772924503993292834867334     
     7129624716359766720055549639624074581864
