     2509598379527866694695446267949455761570948713157760558465152164347960     
     4332951040322444361984187847859458712309319788747637137134682148807952     
     6753273783766361870650518802545758272089786792466176463229321731477379     
     4166027942620925234795712142849346155734929732653511310185676246312621     
     2704720070144039752862865496731087385331366418208100989361549872302711     
     7308142623311907227344032930658841119192012727378701099150302429049690     
     7782636164898445061839602408972099357740461522959259828584090228966193     
     7878397470467660884572539049683665657325711268726451662624662385935499     
     1860182003683907789612127540765134302495447427419580905746702275215629     
     87630761765602348552417480365513105016039742967953227463199455
