     6872687174659270875231319470629530325057222563637661406666986551787219     
     7053803355264470942017378025750199450645785869588144954051128481562831     
     2632335232155414224264931904950022103818183687990478622032867621511184     
     5227485651242312016961334212820901557153364731401366736594251505886701     
     3441669724252019123074252779297749233970599743456393609597204272484390     
     9880316823991686237763109455021743321863242679301412571784815353156568     
     8265132930064175031415352124707688933790260471559903128946962762715919     
     4134882508572182165826922930967897118087912167363144087377473750617376     
     2975871545546582411749233120417365330263978513208234809226543750463634     
     9772191285397469109750118207390775063087514773499900719016605284971679     
     5212811265035092418655769531604218599570918182725903274375012271198521     
     108915973725346269336103108670004777542894134210
