     4861610356044913942723668622048007943440918183801453435102582035483197     
     7874018609817107533566832413109708351198887285459255956553345975071621     
     3251918314996756510945394915077402192037420552834894562381593953315763     
     2893329407363188561520664346953994939551969851449789877594541886649685     
     2301495922752789015771653842068178056386032195515962837629391374337188     
     6684496298755989503978644997315254583521801438834019486152121889985261     
     6183588024577420030701577713021596699229474797822531876479948856358607     
     2545332930081405131718458292222249608425197492855068982856195035709989     
     5336652437394501598114243728068809984038841094767153127019602260417012     
     5389960570240814917093716110876617220281387516160421377270677596153464     
     8713012482016714489121545437116291515435391927213024963544701433777395     
     9429365259666196176006315672841206357094362711207041336520100043454085     
     2981984606576987206199631729033388191558097040999782770724818037760919     
     5403862237937184836543497921911694630774130213641770130533075658832615     
     5417761473579394035652674806739033256114582905157985193711641632573209     
     6036390354310025069395888674556320936761819644498187264055122145289213     
     7465065977854632593239744368840385602831286351132658062240380523120964     
     718457
