     6718646736049975817527557361473761837622052005291242739644290162615582     
     5383553531555415671070057573799161884252668496374533915731080011168281     
     0260247629854615793355278183958833622123213724168295429316701887064945     
     7467039263601565028226167480623983912665178940668017706114782492653824     
     9443165879376287606449219292727791640800160901006300877876692902256584     
     4100377412106120031844433595144473268509447723779317018250059139321356     
     4818128418074722331207131694507818432599063758592745264813422892117425     
     0037235222214347482755063167599194158433898646595578192574892707440648     
     4171951491550290813244486472603838724873698027385514469420293849273600     
     6970974100231026852671260627667330863685367406389778418110182153428679     
     6526637149962016315273175684132945855562098807592133906151458564634996     
     2754731006020384563193481501580265662822939554558205645732662899840237     
     4935824237808826569662763077001754399472431442663089885101222282579535     
     3641072946954366496858463750672966296187115358967058010813050482137960     
     4449101291392576945880390110435042801070489324867157265592638191661026     
     2358787188267386857831656218902558186615630106971673540784154262823691     
     0184652466680096247497681184268096033334933306970054654560381840207947     
     9100706728075301106057665052603439185374258279634427986364234305866407     
     2256283034259175409822798969739872724122668759484102828506059940378411     
     2039017086968829771396567955929943221675750069354846307988617053361630     
     8681661612253091843768440811430204138763676074899117353883392454124091     
     7733377507810332031093172172232397496260154974565377305655533877975672     
     5484173824289108776077335609838647216050163460186234312557598963215107     
     7888263175289196509772003787787088641836003043999739384174351014936367     
     4208951408347810089452966141352980077426705199863298632922804850068085     
     592687333076295086437051645029198485876115509605637564601018032
