     2384433248616647703827274228924747255677071362669290085345164712813713     
     4160431596957532509519615728545134649305908390943158156434626785761109     
     1309947460699019809567511341147528938742788145890164336337814246924823     
     4762753586069735581958494792572870425599060367746046637853676573653910     
     0921233316259853199567962936522188808833290515536878090012290227345629     
     8820744907983214138985237893325771257368486717684378228504462644296185     
     0020641516173508349502029441079877093650643113642301478583973215127493     
     6427065490919386545344216049808253637519074962031608343295466588865095     
     4947757127914957287314588785925223443069386159138415104747722743624621     
     516967526500585
