     2200279313780297482783368595754061161192824393807930322104119480643156     
     4951303261389159259024347297840365795857115458124580287098410968889212     
     4292341456742466584922992686162278160880432584995031368374668936701964     
     9004193705051783096748480780855403759204301635081510991700211488718698     
     8422949912742843339187083800418314322925471336460417380856785060311375     
     4893068807037340122343741112556317328033018946807754862991565958255283     
     6370567138280748154469630369581622289645892156629417874796153597092614     
     1574561528185762897889082207717949341609856631379487466935506511587954     
     9775590774840273939658498152729194344543118103851427453143772939542180     
     6638451404485536167790989515706935249880370481842944952174445545717003     
     4724850459314418819659987432139967237191538634969256795977275591303431     
     8900742819947272825052538331698019347341768662998963882214978688551472     
     5547398079475878312022142122132906948244478522945948664117707436371952     
     8796585332235146105625133567664429906546729712699038757817389515694388     
     6654591467810216730265267438060990409723264473492528905772404040862803     
     0712857043795795740932633224574288655720643869479208212628319796111981     
     8184588456399948942423817754986649796669884126878471153878923899725217     
     2487324865878118773314827011757236119121143544432450714586645929546004     
     48622012001712892116758549
