     7133949508875567263647148886852328639552680711170018882018867601046610     
     7683506280846165926129235627427846922393693876913425320348157252150074     
     1368341283439618326318688997755579583257785587057278333462622641127836     
     8896134253846589247170759974336962071196290455074715182370848057569839     
     1034506687218100023428290338781474056027945652351136323467536694813504     
     2877191873348759254844165960826654004530471739631834904387924565448123     
     9092018878790690047715334337537162051705660838760714230098170210685527     
     0096003871745898586184254242606985667902817641401674702056016537061283     
     5999072484757107432394352830025250379282965689047336988548442220797517     
     8177730091907699240953798809790552494371863101682184685613355487122989     
     355622307686851763987008248617
