     1923887561973537251470739121464627780129191223805190446842583484250121     
     4544437334364717760755562817265324225068204620056734774845960239332942     
     2162665471594031054979499119564687824041969540517999036936315607624508     
     1256747982210109177285442228892356892879173281246756678680222846175060     
     2976540181289247518222471218838806306997699670722523965163544726040476     
     8973348355361424538227955158263515363789262540011212326767778761415971     
     8022597568685546584155916011425182149097093070052875929451907451688761     
     4223715811712242346544585221658358628222520526365919893581074754115944     
     6260189590891785784963450565831087756802067472612550704246450326767653     
     5712088139692630811322458806725922035521024389706497239379938130981712     
     5315904750713377929446189817498801564008234463086425944060729369584946     
     4379135587983678845432461149383773429948970996393315647743923027446494     
     0961058681983539063375677256243598680112956854226803519494755056697831     
     2554773941984312654315962193523087264072806182542376758323258424533936     
     9339352299629006516656536771054833189875946380877323511792278705156925     
     6517511972853471671715741634462392312743677463942682837523994898964053     
     7739084639790551470390717942670348518748284640235970491044062926038867     
     1902854012701341282145758099914911191884740783567987664684034472373383     
     4043340918614445521103613545296193135646874649324330903440137239790828     
     7123856848430695585439381919851042404056633971565101505582370605160149     
     3604536469081052546992131107939535814888203084597410762102510583850892     
     9887086562976594330370413115328063479646016176070315280000691785993799     
     4580572429452020428982035177306039667564591377423120412219123530793328     
     8229062102399913389398049010885066735406007121025523473377149227461442     
