     8356070422004212223583265639998133822311307888248064096233242027377511     
     5413175315162890760196043414285868492141518485081978565598457646616060     
     9798810082849531870942022091405922489274267898326298802233660467378187     
     5152204630955338201614206837894687926564899329705408486729758212241600     
     0703762822363336258278278676630526204176180791500497500452569083827281     
     4622793813704446696848182801895627219279386509738638494999793553368105     
     3009375746822502338859090844571342289644437832369204576629552416932607     
     9317081726115812340697958036985978543092583153149809898594407553194942     
     0093351678741474621719154741541513215826062930666837645476987984765016     
     1872805375491706280472932288622481489072444355647421475464579650449689     
     9384224363172098288382041256654179065876360325493232506887778039844302     
     3897033361946498025455529871221422217539656203610561544037378097744935     
     8870685734570007285147751263060778197627022930384282999953531089109874     
     3450118424023045041765262365814836285994058369234178934711803835804819     
     0390836771230275066463473726193172773902727681087131285597939400811025     
     5750982512685402466259781668525794301165177326576599520940088069034247     
     7952037115912418941524710120547137638585918163255386071821001996158600     
     8110386929913656794122241991837460803701027918809695699322292304485669     
     9358833420040740340125256968671367246246962441345004614925807504438194     
     4153253450234819988902456155235727343970394915948736455529159123114513     
     7198808966009925777807890408454954836858772207779405788357737985245172     
     3023398588238356832755778400500824560859346712820082990035548606537873     
     5281183262886570872547231370872969219327408706925952489152478061636233     
     5159782436648246071859783784249461844672192771980363296194919468242301     
     2803858695133737295451528663451120288200217294756152428666165518616625     
