     1846309159252163027361955026305104434454119624622787093124722765481819     
     6139584447522120045942141716048337091586983969581207857453645621711096     
     0729574229769095648822330798129843993270246689576583289354794234319272     
     2572675876920886574087273246881340575627601595747272291260580244632195     
     4540997658836505764000658580011890179802976432007676095984963807186729     
     0253402854827268381393713142476332083872187249562734630629501100768376     
     6643776039796455500513738189119185268510835169107864002337891492427400     
     7975192582107254796209956760912289912700380051076754856789479977650626     
     2605727168637110703038950495377922339686681180150727311000415520932697     
     3090580925331532728389246524489408993029871473404966997827043472355285     
     3301632896827442816924929520984880913603446121264937080806435129049524     
     8234367050008930371640013825126114268184569652746254360415467928956426     
     9070808159263274077383505192255848768847238061378984917358591531083230     
     9666631082826028560465111029120334925547329109986839993289496093396079     
     1634084537818215095454982378250850602492461496534111973520161957224483     
     6833106131151632801840851520737647149390530932441090632037823422392408     
     5332658528597103806189272011652952551185338017645497458336812627427381     
     7561602224739300607799979222087559479900132429346541248538825890962575     
     7441431738212897213236512728747344573939826738638138666289195005340284     
     6363144000739123123675761757275508438802180531940314233814831406251652     
     2836248221324313005670602039034737218681203985102123614892377903118207     
     3374536561204091450660539784951560425408018170355994031473408015674147     
     6058199456566419181262379821466206190943974304899168260703204240145908     
     476210245984989199831643728531428490448242815598353
