     8330265252913496444406103982821540509652756910912970580590512376695051     
     3182479581207353901350203491203764427870608625664483173548614447709770     
     8939497743804494176338382158920685376366043185369584939857011245754520     
     7243247064881790789803028317493571437708327975060018478781357557151654     
     8298373211863516221296076024832309886072054133617531092985051805228202     
     3496419860398166774548432853700845196343267186325130267194434057425293     
     1255002007687120965348001129371903180242636824232307422705126110043294     
     5265304951508532356117572471843339347084135626058360960945566824309079     
     0253753381711398629904598301031116787272883851605848002002145905846026     
     4176953882477504458795883719765299358759804629341240269202393854666293     
     9677700905698527954879900531247426024915051395822171992947511185513600     
     9350052593209782821061476288125177939841252206099032696242052982343852     
     4910971053043388607299646029060583390886586294008437664670261747243545     
     3785581018190019428349895820416008589996780880509000849000109030446928     
     6115683899816396820106094202093649178505703210998842640727333878486597     
     4228615198768073021423503938592807979037045987748415635566430208391069     
     53795416586735625693507781496398396685322754
