     1784143138055662787017974929497321145128305793679600635898518000909116     
     3513895288963661298873535286464563281685599189906905991252516952711392     
     7232706535855662867278541145485785004682505136467495430054979029176041     
     7348910586719995681237436845318954194249664774023004272533076604562429     
     2520674890074981966096626173797633745917951057466954354721518916399193     
     2493994088805023192311717777590451859405164412343568707994853457888128     
     6791625660618949547666665826399534069090427123333829288733254924056331     
     6040847577284426381210395585074167437294473456069783283008770550768602     
     0535286724453503887863325827262862943242451801100546932965479254215945     
     4879856682639312038992687487042278090911203869495209221770872563335956     
     3434164173257333367550829321792557242928969704000577740825117753183729     
     8004766844396881174994412750487928408558657630331330293053828471562072     
     6839677937109409126072051094998397495528129545247462734172615958476558     
     5989096954025622703473364906422075933623137361960014164487923394538094     
     2031389360977561291406189591419154444494122027592288182392201006198542     
     8362844249168452144271814498765185
