     7572439058503003118806330954142435834890177006903664387641874915007536     
     7073172719211800887411626054346628357208779337502460846187850181286977     
     2521433751122566811626527036997688994996894361145634368968662476302125     
     4852616359947145416286397020422466995857806772130149523525924288150700     
     1600404054299163052209510379627969465498292402982053275436683519412393     
     8688996684477650131665557951142775834942915917361247897764607569110246     
     2358603809722388536963054452129065503475761611928611164634352206257783     
     4192879306340928436520682791863270362919592047971471478470852470185619     
     1742936930638184373689103781950759146116224793050207723697843821541026     
     6312976281767177604774157599980590195743318544565928088064952938738234     
     3815196985892251562494210122938898892529660464824177621268007779397064     
     7639974426620734117954364243331911877220891541927491358609311297168492     
     4767262446925561669571095948759276199452922576134304498364681529477859     
     6873098376767892194968669174727790594824866858782452903288969364384305     
     0272323225851382126677995369959107621172990512741401727090952003158632     
     0089003159393584764398093977984887528169993605521034748404492272803105     
     6665709500215256993355890229718671114581975146107191327975086702547486     
     7462396986650506734015453253460904022563313823140247556481136821949674     
     0093254117397245725439030840939857475979721546093038940895352017142006     
     7489494293732400744132279054681842440599485569494402092830775339956769     
     7310986776546706138020623859757714630407632031540128988963350079432543     
     1299192344066103459537524073183197031542435797923471264388938928937727     
     7401757269569094712027397797987156480984595084478816866465941833931529     
     2998814969609364080888569238560181259086878122422933337852643417502967     
     8688853523988722946327186377526623255621611622043035617644982940117130     
     7681461360217
