     4800258615175070123106729152394481596333787271478730501562441244467522     
     2194480558259389623895918091925193330910541658874738926311425492331885     
     6765393130984409479209983636792148494493693781109373702184636231739100     
     5195385825473082002100988843024866569812438106122532395732186386593271     
     0505204251922435698257829458784953668762215738979106720216872527948482     
     0404071170961802011479277536469045726197593313455161170294808312855448     
     3095118873327442456039666052173747623968631744911670898503607810151072     
     9667165868656403660817808741419478812738956866674954553042699085991235     
     9755688277217032414723564841923614084638079999953602271574273824388772     
     8162587166508366689530736487907738295622512529787719609891536999604749     
     9153840249799299415178399012001420123431298120887089885360807097282601     
     2016171958181785482843746218062600379868814279305279644644221825778300     
     3395923369744484501196600746782647737308627310045665607472463491856160     
     7636171392554682374779275705077978061128749967063049604384
