     7719342142348750905107429236010466731021060788490881929121312227738416     
     7350366007087394891073139634310072977733947493052199929423788309363675     
     9098267826225376081585908600451012415800615819785609992374602379629550     
     4552916103388974435078993376945580069410638224242290605838092103245276     
     5758772862239409488346555860611643347514151892306840634852568754020745     
     8345800443473517523619201159599399589997317600937330706572267675568137     
     3017425730445006554360982456473041762848753541118677949259900115864893     
     5650023739677493810688532575356672418070392899513363927240442036012107     
     6487283834564560052873382513918133715629795689213088827113808954395194     
     9044935729193587047808491540248499211402026984551791024357191073425620     
     2738305099097679698324066546073350352998928835564024290489951438195246     
     6359463875647979907148591356199625366950182179748373585842470619204669     
     5031894014092063162854070129740823860796102631480982893859144512767891     
     3537260235007649292814751277203218332378165013069075558245151728213108     
     3858495641104908117299246907722661190880971556534559354502658357589
