     4032657450789774740358561960327043913823064852931176445545470658265201     
     7531738402170390610669292728057120305955902081545412335056732024878960     
     9810514000035967961625631704647620552387396800092531897861419331794322     
     1138321477646698692863735520908149757789342338052046283017577641490684     
     5604792400789786082072737040642993478466139478713436085160676627341059     
     8854173770497804972010754201033334326895435177925885475075944002172931     
     9509967418843540828373531025207409387439504235091517453336065742174272     
     1871943556294338272864089852206885674512399758390328833194496251513472     
     2636872088169626310133897244600349281665087693627019329453715857077358     
     5884950547081073208169340249808055826961165302883266370032064039437824     
     7525805388783296846712779027436270317220149118039864005018715319759136     
     3129926730330985122140320874075575852101021023142161788093086274434120     
     1753731227203561198401395003193380984091597898703336190118019068615043     
     3332308275276918224928340604028802138465818276505503861849022971328862     
     9024766827506398794397271373907890564948354960919563123204673730167362     
     2262072528938997586811420691108293666713326377629912306486660991317946     
     6159536564377824038276168322424376548618964532467419196740050094639232     
     752847918828834058817368669352644036726669324606171357200181
