     1913534287293426125913530684243121976823226975120014321293250049245946     
     7204354264320327053542969051924203574894890833811879729380015184574333     
     5767388784257827564598954980916685178158588205156760877714385115779599     
     4441786722915060451235777700728946642481860509200595294277072459976859     
     3539652694404547029098822283463017064650661249318640365199851290286966     
     1182873754144060940038422713038748127550281886460227587446082391639627     
     7147699561619792913019986507211333046430844328702206267935172576656575     
     1648733988092645599344356610578757276672821177352255540351542030100296     
     7178061385030437184729950635571670085516112549882398377778182909487495     
     0937973719808591547000798562443834497979088574452415196269511591262157     
     5317528294852595254043895390400272803007444416869630565263840339684822     
     1713061224729549472328713018165834451768444253105442844061087110131854     
     7730723604930809154459284794916849127296590296137047346902443825258013     
     3853945565915128430626729870388766001694308412634391666687590461602236     
     0380467286300091920305274247650871136270660983353553148337142123652801     
     6865375418917883414517912182416598775253214039411805922180001868649168     
     7838045178649080382827957275655007915594806018829894650154184000956838     
     6268211814101027899071574965651018005740592165893920713133374113546919     
     22450189374143359682
