     3114145277239896962547938468985112863778731101684478021601069321517416     
     9854049231446837686734869963751447781586337521450409334607069931863915     
     9374176051497289265160673491776946488729009335321527375129859556904400     
     1095320777872103723722328830573519112752958568224007498763960704777585     
     5074086982522447522020948064244174640257121885574198360306208281236907     
     1693873960132838875167237891294232734370238979779342622048558924613627     
     5753316733411752687580337047028764845535924566828120506055672244167352     
     9080213920134888653643664052174300867388782741353661540685479621037901     
     9298438327219409854366104955840425952709263573771987433425837670620121     
     3564553343169708454519253045959091670080786781965451774771020690405535     
     3241694111421892103081508887847180639662833901234125496264053109935021     
     5356076455023715826970536525107627431412890380659598697588520390532253     
     0351293868337915398667734137335868631239029219118543187032010933146660     
     5829392805084192308322101820029500475863660781605973617347090272605889     
     4135543673107368859046528861477269840201025508348421080698240437713365     
     9681127474512896355678742879253582967942280439349340227614165384028778     
     3352923744679182446260029817255852441495775524459138476323958928841288     
     5140756395454409773540393956162892848935499183095925965484956681933093     
     1618942088320245956899705001493931685433175187316461871740784688804013     
     9374489630603605260211750097417625979322256299837609555967793827299148     
     9728810868595757167821424791605938236844738843992440167867486214311889     
     9596768296452047192336521494127436586524250418192838718176881398213217     
     4975702793711088582775387755774962452814656836499846347249691271495346     
     8243710122757237260699937560209938287159035459141092048804389972681459     
     4410993951688888566126417946839950820996205881653805772722993786544068     
     1924885849465131067698255133543983763478913373612554213254018086963744     
     5532939187784982250843657892612968742416749959053068815770254673307109     
     4027219213683139652439543843584006259500864280335532469241219583030141     
     9778418489858232459143556555812875965455628102073008271425471332030182     
     654035634957603279178239992882123010
