     9006706408029405378745237762270627517766546918005168995513907629436326     
     3197352997518193360554066776474344949335474722478729446855574346457333     
     7141940225242690288063026797278210530516019247252885973329374825311814     
     9619233327215708819510742133568801895200570168471477469762278941290235     
     4443419168304795018058537591259663714775955452982920765770987766081333     
     2030900361341989592775600213029634051005104843551431417237200881313680     
     0754003813988851406714744157691013501520615823088035353504863804191180     
     6226192985879657373292545014495112260153382316231142412764615490140801     
     1971436706687402573502305251255924003121774150120378203932662922276524     
     7535714994196696134278796899542345790150690888301530456230247479464097     
     001078567
