     8774471549165059794588374680510298125068235995087864441862990119445466     
     2958912660116916877064165071345797388015303032960643847334257147387304     
     5667473470602577128545633811571989411199915332797092802939949602958612     
     1772837438619264257582030753322360145592314598720171280989017057359271     
     0087232525867878743909018306712079490869650198806621567599239174174309     
     8465778105135568633808708742674123572185149627854219828973721164313658     
     4284486532998342250700748481236373281432302956481709773988796580676549     
     3481268933845597543473207247055506072530689157807643284805928420462897     
     5593935216491497758252830860627505172225877377550223742474202951096630     
     4417128315807499104576549618066967943261452800544942277715451137213411     
     1182298911767117862370839429579432998654073989800286648515163406271354     
     8722529459432260653776867797474815926875944325037671998929709169499628     
     8931684407048170042525815794480087482246839250981898892959751952572816     
     3051017442676152792562552731722346888146276953266198427404888793737945     
     7049201800837539090026619787262307109959863652210959710697339167374924     
     4719901957984126216553420443922937482023542852624233406087145202163203     
     8992124788135810568814203720423132182515352067369190648992269643321251     
     5026329639281719421319405062540158608308400408279807860291017918170214     
     0142396176190725009453472355207945183293048137861818967165493865120676     
     3995800013565494035557088907362828778907214560354793100005931852767941     
     0222936848340204549984757018794407503151928948644326223951729835856320     
     5099789870918307924485031121367772500642898029690812527755682430200184     
     8879483652703979872435534229309958427203451971445935360775744472139594     
     3843892868606163507330247444156714195748953973572649703151557150443039     
     3474066535356119593745927021448129928091492822793383882385621437312562     
     8708642782054619880958852682207188937650397318375406858100478859193390     
     8145312883490741817221958453218327772814596165872768615262054273424498     
     2861375145546842212054116290598688654539212742940798100342786764812371     
     05568979229409835114695
