     1336516447581298003200797439390696663711275800198961867215541263017820     
     2325060958399481608925797613386259621625939803272511890632950502820441     
     5587832507367034916800812768102244622735367601884650188600194389418529     
     5220408898118889057445475594730904839728943884115010047676150985139708     
     5745307146984844685079128468230248026853464430506369605152978799649143     
     4707992969363549190184328798878702547954717549404958379563791071847284     
     0223661072240676077398146408040994263549528230578110142864942836970523     
     3810553359880016933639752702757402009724697630851200485493027164218466     
     5595327306543675704010791272800234677037547422833276979845815011626817     
     0854987447239268592926978504870290862703293792491342171802456570755292     
     1384621738574665435242177551937905922708726858639149909639381737674739     
     1972166797501589778325729416727355671518435502725821656247493274123783     
     3704184401795487839122087658842288132674867356416330689444303140206851     
     1039997640745011066964510403350321387609902249740955535747088766312963     
     1578070353330093097960971604346502313454947461110422132157817090068471     
     6977608343973509593042132519141776339078493380886543396207364305025395     
     7918933893401073149596159013593830697780646926174675548787740162663535     
     2366725134272014084393021898501370163965894553848550117340952649532647     
     6530002379298404759833973190360054148683062060044257216344618130110493     
     8060049223973611372243465339635339142920840316531373619250639177434812     
     471920164086665692475138974880
