     6233089392538748355765064045014436913129781601360693059218669116588119     
     9619602105423483303530424431989525782461055920527243925732870645249730     
     1029200388584691990043378332985956050487776282756608067646880390600049     
     5149721301040372089066905971098334673540506047177577016680184102397783     
     0548733537415807977515313486729642756861897769836154429499094142621729     
     4926042447427336511322894104930036349827621910585279887660603052485119     
     4118140161726866360533596174462861873844015734430906047600324984632032     
     1526595850770555336322023061192920844901563316158532704250508229505395     
     0540629645683489295904066662260197811021711794423978885404816433687045     
     7394418002475288527942115603965777454276262029821111025312110167508308     
     5197373240162853523991053825420379505169434599031711479873852149756583     
     3293836656643041210892100079425769758099937321754258667536177838249971     
     1844068614724527416320033595624549559937603399532164841246408655026414     
     4895480553952696056782885280246350425750909321853303705935666406683853     
     5769867235251237612060169842318634413055923640451450570350769529859042     
     3656311614824111399705276098641350379029804928493850914094437197790096     
     1736171807810552183256065093409615394909382859434228498162416049931210     
     9008562767193316341421815505446482962278723572378922972873349919567723     
     2620517940866171894915259214855885288544509970332362880201541538184485     
     6451306725740245425298028397109663876672935174006751932261270756276827     
     3185319334117095614637063849355548843559451533004121187865716254497416     
     4406401412096102804193129619588677990023622876184370036302179762184504     
     610444257165885361783227663504039449354407720368282708895109154
