     1108627104132326722687765503257038415785815134242955907413862732060825     
     3758057010722906237793010153320394781690037901880312963501164064047079     
     2540834077256000772565140702494273855156281691785721567486536357059287     
     2575200714430023696205094335076598505975599097903019695339907672874050     
     9620254898803229110569272810595951028619500093982993336091237271930651     
     5890541072820331218580327841007463869774229620624610659302127532771407     
     3752635840703414212800761704234221349808626934809985022179196154307396     
     4208218553815491760003040473320236077294117455259451010002298998277158     
     4797003946613017459500635103602334974255816237385492327762699818604888     
     3988955701742446856888498655169433264661938978765090496650229124978843     
     6836904482966119268262802956429670341198358529676408845604981007053231     
     4141918316626753503034758900184466979975569709352898001506005401566419     
     6403823657326964912184342792704908844575236103707292001179407484523987     
     2828647816750016465933818113393387094553709613045864795634466066300020     
     6936778226449222740631732125035363482155280507824588726381174577752826     
     9073918374373889880501713942226995826397440983473006352883923988112413     
     5903756865758678510743235932095188130467794337600731298963612454142598     
     2811675904496184806923401618481650939189757452788556329769133796160154     
     8724743019775504779299946211229040496711304869173198025979782060443334     
     6466673729586385403997024370849182736994870303725197399287321759662401     
     0829037432798792861429637278389101185368000325935260274076382273736725     
     84148425266424
