     1433962742335804788097455657911678445244100470117248485481969299089567     
     7470448723647537539544682134366983677077542602137315844349878482516252     
     4228466037550668118683688003314078783573201449011407695071536264725139     
     3429277982962717061721249666583529620441874687098747755819276553541666     
     3002346665149331697028964935714362433715426183750641114061365183578870     
     6047851944931562528817639288189114064565846373291151653746875375927796     
     4389649884483394566448525316358957767388181449766193324908927938936302     
     3801978111000483600018078329406006388340582422783805245900119350429273     
     4446015139469275123096524934775602812647376636106787625688108144876026     
     3779249676040899065711266549373853710252728607331710344455775314519209     
     7710688736657728024274300551958294503956400570137059953188386
