     9523573851341359558468965526131399089261271154197431346541221915733377     
     3718432238329333522931962334121788498779430542706855493243965555083465     
     8770575586192142706340317737388714370755668096870748993813895217909243     
     5543550128533199705753038121669531584564966337904885277766698475792355     
     7584799832383770794507729396199695081059114005872399893537242614847514     
     9077767279671776820554953114780085494604132828000666781101866261338030     
     7723148639726974134461133029111912802834522685609829586744624974947884     
     4553713194322830478518904627702105816253406837431850764861520762025505     
     3832297438865238191118638065113977398781924420367109801863913738741192     
     8244876817998989791115673109173628689283755709908369072282871814441118     
     8189832730330817259038706031402068559827636268371877368112586983284741     
     6758876571226887331006874807022319019503897136002915724159672598707736     
     9638572723850189582755993748152986759489771790552631050068562285551305     
     3430932645202436542735772805864014991283734504615305856891843242444490     
     1256554964219418411123229882551266436248358755579343228750322947592498     
     3977751367816261171077588392672579399505047613449186425878726797936657     
     9888115596084905336422327815413996344326705495606025837622790305767048     
     7821246525039905269252421309765539553720863778452396702116859802844325     
     5654954373701367025868587968762013508758922234136163305277120623186652     
     7532502529296994261631297690057372438894933280693399048236009039385115     
     0762197543829766212527823377993584993143105466180582653981653482767163     
     6542745974515661002857093864335498977334786928736322837944194793046152     
     2916970796667773204262699127637870986599962177089371744879574904604778     
     0397258171757401162857825
