     5290915815602662586387126844332173576496864657090873442828298063861664     
     1290747165769033693035382152350949842927802054412060787633080304941951     
     8956210858953049265823030220187584150976426030305194623623006928469658     
     2919836630297067475744498679806914907761519332482200303003172894618437     
     0413797304389416789028761909705204616157043979551071304667620588861062     
     5455556348051991784771221883787959240795735799650744707549434606319850     
     7831108947952564086844013953539304181838980164974305328281088689074748     
     7672603964153308675106704761432744366502394137924708358454339060635189     
     5478540520821839713144895389469266835265963655706978933585080408070938     
     4578849597073411994921105128496473544298961918659689025677782553747445     
     0105563794390397229348640434546035746741654866976213815669445213692778     
     8490674152328870395632712353072176520677425381380614907952648991902755     
     6354847904446988171663972181064931997421126189166352272453640926589469     
     4214412235336874529546829123323339756786426957291869471270740948847496     
     50461044486975225084119688280617945397273656332888053274973536479985
