     2334597572631133102254185769218002608065128282863575840750518516569769     
     3361662989371360913170649393767791218114299816962559826594568972213333     
     3169578144600616171331737116821266821466294935325892133866833784609817     
     6851752284408426232085731787359660298920193730016913242572434912487353     
     2881312092339682510345284286757832989811247759516129980200399556055207     
     4274991118117847747686842158824690998917390646376000269489784820478607     
     5711561527970590137320272392824639031996783596914256730944267486214561     
     8708179395407791596453264647115102036181596305613744058977062620446296     
     5140103017207439246543722566341602186916537262478851024143332361451367     
     6714345639503210516316216042351943877972011243142202855850415528751993     
     7568566700258064449918623689554912547740957907968693571697346104885234     
     0278320071355049054477403197797842458906017865513598448994994578308250     
     7598904755014691813902306804981830770454134711038484341560062074153773     
     7153660380520067034457741589765157717359937847629018841437790475451591     
     1925235971157457557492745325711390670204707570521771564986761638436562     
     5262562622044537269278185102743458547527680949559568877302952254087082     
     5741429641436093538139450769398708270084782343328629154061336554186187     
     6586245972431385360147317601611827955823212745708555342427090497680856     
     9382152411697018445351017110271600524611648407958874034685554816217576     
     7506853552323467182842670961718886118028641760603419969692998159148673     
     5126750419457787064509538584612873226032892497767007689018633664952686     
     6095484683636806307897304004094375072301168088732522751938818670922987     
     9429209729364308855667412765852545737025659257363116020090734599623006     
     3802011539278405083460101375892445031201687333738630546865069421813098     
     3020128721557547254769768049266278853315608629175069589894874805974015     
     3643526864750045756362644514209425369752103236199258500704291239359729     
     5272180190277890048213373158239480565311087170925195791437585142517289     
     1533609732803490742642551840943019367818501
