     3087821376768209163432796184051152319992686027457849266772479523832358     
     9801629551493341407946377120425579939126531652351025352249968981895601     
     0628763286246554790711407183390342138430094945230178263739285841912957     
     3937799540931472842044021661446282566712583312248142536858281534636132     
     0806020044161124750876832318184631594949312718569850152656003861950735     
     6017273001314055076544171995055814919010804966559612423371924048710217     
     4099547689724282834698170416465180502840924100128182379786832992642614     
     9335101010773914612724182076544050847677451916685623553921092853060104     
     0671524888364578050909212342596598904569364895278243266572998049770597     
     1301680410415084949870318554762718988542795832655615156086706153766837     
     5217775793261927740152786891814638253562301018216823153819934731194712     
     5686751448061901393662471360198520769160881293291487694812484732052143     
     2196213964402373831089981868084460838778871340307132701287436091711522     
     7737143533185404533969348340263055505901988382244798607066695336606912     
     4492858635685028056313562221494943701446221671870513959495679812837314     
     499034775477332320967416824253
