     2773589344769949235394351791287764467671490336201213345000240211341491     
     8820667093638057697158880636434149720755331062259964571396515951072783     
     1815991096164989928094047690197193266341160317023942959745554836579018     
     1593366780664133836033076483502299847804570991015817366468306867112209     
     3941040873512955109834776989541653214100174294244427279373746532454606     
     9423317022523256537408557213231544013604967139596783225810106941161584     
     5092522288897600746543182320802783308590196945381386312566187513671469     
     4814466409769850470817200632478240915219546287563686343178322797767871     
     8992003499961632141038219811997873819307726370747106524435467820833562     
     0990281993951711855158300477972135359095423387982649468869767749056494     
     7386171060613001020218336553887166867552974952977464810474069192691062     
     6627491952990472017654195665704865349586794085027029963216508265341870     
     3806685899854533219400240786655038383495995363072801116932700903978736     
     84130827640250109008195815644067787807935570584778136178566200
