     1144164590527776323253900364379398738365449604799238217583173251372073     
     7340260648663107585503453789545278349098694670004696809459394860986956     
     0825898879526275887745352313379326437426426694669387206546410610908737     
     7854903216991923236378983196180408657588997346799899591253095774443744     
     7863643399744171313023684782768468266459308167404822853650807229729697     
     6948992675728065011004760278675706728425264854146335283204458077056718     
     4909965096652243279087299828033467705490219610404910886631734169769318     
     0145114411730015274972753511059430084829455679058085893418745948401247     
     5612161506502427247410903249096083681377312762873380697627543223314360     
     5657682785159551021903164391208336142885396057230284635988776533502616     
     0722623557972622128439699205007838546197989871773715155625184288107527     
     2965478776646474614631558380986443766380933179953926238333285751937596     
     8561393354220507513174565863882312983743220618379574156058096140529858     
     9797515052096856915364867728837711959764856983690817973488762551330232     
     2661458349003969554307969861151507111127561647391980514431487595939375     
     0928713248212667088229989963734261614338626634777194570475954551855039     
     7925493047611153045889098136231369473982016150123553084462820938301338     
     1156493914241129249693245222699429933120356559357762129045303764797117     
     5590672823673194788209758159598338520074744719482808450490029904163771     
     6649521577750323204993881397990734284299272612603533986645137720405449     
     9011653964307130970603602346607220962510247869432014655426045325443598     
     5962722802007359074775716335501401751080738968888878701727059659681782     
     3719460737475666715528744869929315865058431655797368000083802835862882     
     4436656530103711276873624938496317936128156758694193200683726197510449     
     3420563809329363504805427700762849927944283967528611300248096116365118     
     3985305513408219003334254294636695297801471749998306362083245742054714     
     00785174599536950478850095565550925335951
