     1028100331638516929699905997289267839495963956760638889329133067814454     
     7477511823316638173125812991820244849290600178161743253529913678152156     
     8398521314428440515977443333551694789847143434916092628852022651464113     
     6171191118384375779674344870186091182173802595792188982999596180208361     
     4519405867967022004260390941323562695878137237958901589670005234544118     
     0381289184436053728911915747196662704466810407751301124736455743407913     
     1546887305939747624255926560438480868664208600113749349012230560803448     
     2877491814357162265270089921555859401812617131420093300572065211560716     
     0462489305296152412386706928070822460356774051085966168072347500259783     
     9542715356707275430260687980406891543763733338935429665646112771764796     
     4975369256440535152012860534791773655511551128311171493811210028006172     
     2872329655389763943447191916319348614623787642753312593132303240502991     
     281989808052345693514785565329008393747421011503
