     3593194302691797618339839446758047919248863809424082740816193130170144     
     9863579843300615937909644326624816772564205920194007288086344401275940     
     2918093454678469731121960852464570308301109254502286150451552597610185     
     9464801066939401013203936527673150323101842923300843271226193611797571     
     1706067168665483766619279630988775128987502679606106074811080958548512     
     2095645235275013261544024367880899055257196394167890072452089758433267     
     1104294592072473808627860180985875646579399590512892332962387596267467     
     2950578287254353098952825273463354709247852488057130455633542622375809     
     1044546541459278624900892820883456347038932084264342172967747101255953     
     7598483540856186957611291088260528821681909914348510189381293806344433     
     6200514465881235296209332334919210886704075749354381140128883310090634     
     2796443192090884928473703013026142938304456717912053080241089816754343     
     6142630424515267578411563668643725224945535754915719966482342975915792     
     3463747366501394402236455591930735051255641888773541023838349561806218     
     3137919972319595452249998635849258868122900108496301759444625189553704     
     3015214279785763635286302888850100864462183692183659390148566112987255     
     3540607348902144347413613114019178466001201967432193754176448708923645     
     4822610148211722073306490421191684184757577153699040826030452154914409     
     1558865121657129878441204430131218396364123043179580242483907742391829     
     2334436918446303465239857848027106872454914905097460842976532684321730     
     2105175946012902381771400379945700566887722488811476144118273813997779     
     8502570145631981042703977947213353017539104157389896140421261963273500     
     2016008124462299114863649820999532966533587062008652163970370423786759     
     5381491757539333304519446709799136928885266405061030565636466746937809     
     4924813742414214849763489371510048050830529727304103102561394226867055     
     7252895587365941554884978124574617943427721
