     5048416121462369153083639225809517297663589823856489014877380453913724     
     7420154628435761463267151970740153641777502110150772782529765025904063     
     4871207544793919599181349868778141866502752191766155049114579836726104     
     1011780171811244408218062519334344133271789688257288952005440413634044     
     1568071990741071371878509985402170534944227450568089094215337348689921     
     9800942861954798697715373126707226614754122197699809509832970775766109     
     5170269548175625834128039849025591657247576892391975379536671435573342     
     2860299051779405211634557720035721077706793335844414131411469855235547     
     3240193693020641104657217810922460590519187622144202014825828511654739     
     9634593378036769909855732453043367171166350426989451591974060423646042     
     8727668376685842368619038708939837430445380035718725889675604715626054     
     3969331096270576712522879610025057185101515810786403074430050472587893     
     8612205731970033246430684587276890428476125730676196695352270251331967     
     4398326742989182529568467893533466218012020376644565182984841734998818     
     4079186754226295028384610721148455581167587678342024709299815065797286     
     5367147701637976340520182965683979116951580446787509301338918328191140     
     5293286634640787960621125909833074925675732176795564892412744008256094     
     4132849347343119397583805384945266343014425554902995085245004918292046     
     4027520200949723122916483314659486130889089442299977784847118465677659     
     4793598278079290950219442128655879937466354288920810272762570166991355     
     3169849249123027715700586010120693417684409335333357876285903143059401     
     925490636591373884966274
