     4501663843316986387719388215979851352194209418428736087978314443293908     
     8443512576597618483571247064378638495057504009037194672888826587632831     
     1313285698982995146924029446831509405726443074185996486660156900852498     
     7719036630944806483873118248251166786297680972520206330866564814190576     
     5833492596757057185917099988988237163280402997633923495435835161129453     
     0921597097923225787282937013184872443001690021569134694044501637817507     
     2395603118466571185998965234832220204712036186886648662592836273223005     
     8291757733674964220871880322778373678938814925881277951737429719328038     
     6581231188071542794988516018125588343674330032520684106831836640561303     
     0097649463652687063940772118818657549615412048777773196743255338981098     
     8908721466454015152542729591949858391149224002030694770888668330795108     
     4042381486630684533246917537187118168919573645579646202746143698758189     
     3650662576296037382286374485986568643222914332172492512513891681178124     
     6681862574838027895990451388533240030589705625158047753987783792050744     
     7050669259854209799822648012970814906869779950966136519767161487355968     
     5160797172368269141853451572635720507215668281090762997495194571325538     
     5840163893606006268016587249114038932831230447674305254543976860486061     
     5375654453865945418006288106941340461499366929116297865686525460361305     
     6244398752568370540448234387982303131394066908814869340212165299272791     
     6011624910876088014533700151835469251252456297878191201803610024069656     
     2834678469563568606650587481944849821563236843391403928981704766288479     
     9366181880208674601974479126231686960479634893508242293702989748783494     
     533860133572083170
