     3183135247669233721996589844699444467901098630622681766352343670062837     
     2024490334784661044886983384446617318268912431877401586983805946090655     
     9645138089300726984358462042335299056569437504258871900337826805852112     
     5252013791285112613836138530711004808083867859658430444083962397012822     
     6279608221281326138932409678613614237164493775002983621794864776547525     
     1192326536542272196672010449618302038640112787487794069684296387600744     
     8534580183857879181479712884571118434978998864187262561269303725846680     
     2863364064147099768135300251663540253735637732150530401822841805622450     
     9766024992242142015554731572099340589862259311319759102666842150401539     
     5109805091868069753187153028896513126121842749297818864216650094392304     
     7691875543489442810920666154615293929978552173273151836625468800731546     
     5595310145402563769567988020261024742869345830497496972549628927582225     
     1333786216603819337029495243710097871302824744368030991129707799997079     
     8008381867550786648950984602442444502424049447890348454170979718130067     
     9511349739083499236511768405494123525213986509082204291556220020063178     
     0481199359462630182921781026894742848201721791315051041452542782162754     
     9093966129405321247402338700253094725126314289821798709776494528015224     
     5037922543344792776280334037929512237337743692194549967963024964673881     
     2495051951874753369556106274165536835440152680336566515173667455571835     
     2167469412478795001531309184470561255282737113638713118436744323687352     
     0555377564358025705244036324785072816201127116828307820972987906667198     
     0670323779194719976209674875926306598378183060949891063723084497758122     
     7047722912
