     2136926174525914595077772479079323851991884718426866615702468448413496     
     5319718593819979544268121420263597272261816478876126475468466696119551     
     5670296428409071565244789449318046128189928874868581175759985373200200     
     3789093572269239398465347623831485778880882723787363837236151752428721     
     7103256082414304808289422231886336330058078987884249255416829051230191     
     1052296363494498264375617866008897364227639418309983544379281882825350     
     0513596097878765807965216016149361068413832334092086952830414714427004     
     2669966229194277027010640684546324713726974841294645656631649840127933     
     8063064617075898732427948760445686371151928918969788063384070372187840     
     6202016600046706900110629992729650148949777411926804589364348765556692     
     5125291745954369826100236840277339892591623791803422776403142851755254     
     6421165142285051044913426937224878668568052681027707899636142626994917     
     7979443919201466013350095343972895086992691693680705257512577573400042     
     8614627298122051599705870607835358917511676479074152665638403274583884     
     7780778178409233763815670232008020388957450459427337755073911856335717     
     1434777989416590694879683670463389129494932112514919251581405920520752     
     8470188554004124433303383724825914485447718399606607249431210445971962     
     4991411563177794089607529038309897199766408845275071259477283763914232     
     3974135543329816059565216983676132714482718013197193753861692312229820     
     7202386903499387264026113944245741089437211210010486743622122690133093     
     8125775054328495691320205578882712465878437899070146900899266253470775     
     4228762810696359857533313626356236007060686112821378073305171204983194     
     1003755389024511357678778910114470240157733284582669641408551250443160     
     8236078988288327709112101494321006753765214592929580255820233267202019     
     3475497936461492725804411440818643314052284350985272418568804863785837     
     7291213156972950199381640563753855427654097474601589603894441993312576     
     2055935281659828632525813502640879825183247501019755459156336570239023     
     7986222540106201053188157285346678490275485242806704712621039925039238     
     42192343583408
