     1077095472706010957905545198707548655888739301703571686503287177385159     
     7905978506478848175275431913466316749649531281175805331195623711330171     
     2131891638590393229434258971437810238822055912818910045594418612317591     
     6141811887139075079077087741049626982540920151307448627755749854821372     
     3724095094741249103286463678261972239432787379200496254122327108644356     
     8664567430562739506713524276612368098601404481011576700936465471143100     
     7888500378157527998917298370871999450097597743677346332167348899364537     
     2238335415613506031116375242817482878619670778971042403909188564699269     
     3825566323562309360319485012810108088684919635160508680575402892378787     
     0271354312211349328381156830483239171028079601613426109060165160266548     
     7820739457202359300871797559324077929701755523491126196937113856226170     
     7661663603235025947820886623425676723307173324055083408022813734909365     
     1948718989348554630224673925222527080909000507657983250568861636875398     
     9640412982755973859058951452688961518324063434139221914279941660182832     
     7396517422669813695409547062479408520804658318080528985260286518429752     
     4916281912187225702238112000129018683249697757313252108656850415120570     
     1965847104527034738485399674063399264048149706995348406226132987348043     
     6978760889455343864022423171962723986968181419374729775551088148530878     
     53704968234738606526748613392308503658277556249
