     1858375259197026767219585903396348642442783488793524644474662650137823     
     0062425214662336444931450125104797798221848731119909249680062770348693     
     8440312246135857757929687723042010608023133736972163461083096634538239     
     8672612618168157041285746719056439609420954402190091689783938174428582     
     8769414238177497875793053635348458415622168724727585934514091230522178     
     3301609266796510689317958087958985188359941499502199431761946585876177     
     2057773040029774997559322665860155492882548479489769912894083862161498     
     6570730972490131820596792239272438232124435828219616705514715951080349     
     0956978325477921029337465104381886435946140557278599175176495627854557     
     4193334171120977290692903622077219656259613376828951533299705605344012     
     59234809251666754
