     3318194935505594583021062095686144893295977284340907889554983182612815     
     5975206985042171633635471222693190024852696668822771427255848881976520     
     9486089816435586046476554684970520994946906602385437793029688161444740     
     7946842229714450122378581992168145721697236026467637352513628968787513     
     1008066506606554532262886314213171389544214688206447991704231131004725     
     3629240216475896374256108503682629872320867862136988209309528177826333     
     1201676754197199591704955445783933332004272869637143593439329513963435     
     5664567100069854332903805993652367427946189751518966469042444712337254     
     7028828283020087628039029636624383990099890392964357466894039040417438     
     5177983555716820992020619036861429707566023869385045749111960311571693     
     6813564926296234896300254222511846448400042980787735503838027175103686     
     8257307309917428683047756120588613231177544102430576754692070969973334     
     2141458434202007430262774317656339053787757594618472179080778492832312     
     3766282945939146235335951237189656530190984461138094243367488758516306     
     0186237588873083905019042768697338693535642096017278223252177143011121     
     1996497142178597671223036812171395828497326062932631309467250324927157     
     7907921068426272666307055494838523352202155575233971784845105044681049     
     5894371061062065895316761949797202649524500800430513918025360130548037     
     5893435849579742831438891051991717714119675406865533088513394428643138     
     2777042700615185101041405685205957653844493335488466509818338508456245     
     2669076579244569782133116793718339440003636924631015460250946726699145     
     6533398963052721977208853898290694634606119613904279739620568511910081     
     0664351932761527563309409816411839319556408909855893707514765376325702     
     0844193220353988259381469194754095659599207457084847641814802018822777     
     1357332908265638898587232702089649939451455265218106083102437746990698     
     5790306562333087977435698866524687705518990086812295052088008958552476     
     3901297340882427956586289329808081230457060851924298143033526004898855     
     31435971273300406099074470541104300879068898726077710396941759672
