     4739681110789044936047234030457216390799148928846866174271691384138280     
     5836024123875377816348195651821940986910727184571246856801485942956558     
     1464706321466209227636316274257323876751272078818685949618216271370619     
     8866700019001592279466497671911940755230960282213473038912194882841711     
     6899968579688752890138986034635375725219949620108660661084530841477731     
     9470473478745594052162091775751349486316370017680693322140404413719025     
     0706625945167842968051002663321949759087725575836134113179961989525052     
     5251769892805996868449789711947030836402950567100180573610690774419600     
     1793163140534865110149831148662164824888535818583691921547810570579410     
     8591231877515775858858110396474724446139986329300050224731753981945810     
     8887821678867033396241499582889920223641
