     5598779273378226142809949568098749735953014187978575381902147970503030     
     6960764835711330915627780679930835704563998338090003089976684096540631     
     9088366607460723623741076215579577916251869009850347293587848055292165     
     9730917368868146360303011527470273089945308076344351160645781435985159     
     2233092552939044323301877342225807476701454872722494663799540938955385     
     9446195540562504249906045416152128726587743213258714426901148729100120     
     7869484472672547260645983316658469538723510718298390549105118450620121     
     3947669173874988996449738829197584593142545136667290458767873147245922     
     9136482936412294512429361571200550261070480670101447793862473239322393     
     7561900536381764244586221731027186766820292063297050828381202413500979     
     4524817100360415988973360840303886831056685868828011951310176205445792     
     6449442651922107019831399416246928716507345502001984627545758371225355     
     5382222940539341165519702082372477292712026595852199662556860756883212     
     3935881201217128650510359859861234400483525122102224700417876208488743     
     0350295984482978736460086694787783041385769727504187419667891785145346     
     7290586114015324350005041807040240257328980224580730814622813657320353     
     1514207655513089657457780683195789453789319089122707166093647991873125     
     2333067022402356458796304358949653196469925081845038059465107618803592     
     8840385207038536143735547209933430447715885899850272033067528473684891     
     1001153073607469479479044733023424069172646759677679712462628939794468     
     5123801467862585197218927572674644139626080859662843378465179517727229     
     6567259351246139281001697
