     3791900575386497635831804193986624194161130256099298926288749199597171     
     0019773648319807199094842178028799943586556698113219785716728077146062     
     0568222035878916462379668352354388684782957590642230389397203829719206     
     0788359998677398745348083140479739456754112111634521685985435955140549     
     4443208312264688204401492038772735438508528416188543002165622728950035     
     2260552319220063484900140357743034762404620781496843247756977363543468     
     1873265609415363674897665762264784818602491872942019747307878807789033     
     1115162523112273131044581987706665559410475245869405732548852157081600     
     0414402059982861244560108725530777057348883136785161635916481407455172     
     9893556666857061628739006029896911834873695510001892308725162164870135     
     0626662238965190878027710611478874439395940717850908177736034884517950     
     2191784460902733725
