     2005450537505622328487366935225978387069354473523702697162152184522600     
     6967613895492783005148944350437441547535698484599253743139047467756753     
     2448373286887480303177292341315969391700016452324013896820990227300381     
     9137509297711002729518553579732014570688016529391762050999611107272038     
     7538642945057600000361747784555396957050017550164055983492172909581114     
     4410464907218759285325151862977083174447542544484379373913391111732042     
     0414286331567520136281256725670261901803513610350732237220887948474971     
     3184848283192683323577756834655295768305324120484942186586669700602140     
     8626555074816814771122862815129389981029216232699588067978063669414281     
     4672144526941900200788564349475726985504923138625109478219326877708668     
     9370403833629888858923837591047852859100836490298563704718904320693336     
     1899210602106660427527230914754210018744756763420541679581751589
