     2459895388100438601350436386191397435798027110734905788671591206629192     
     0792446336788683627293564633940645515576307857800960114647102368054151     
     8971770567277100725852569675486313280212765530583710350278527096689963     
     7119314043187453456713625726783575669557443679499227509575903891075399     
     6571048646350560489371138316949281324115039084967044777065001694735753     
     0909330696035655861284883147698044813657295243111833062570648815497735     
     4262789391557248548235042813046383143442615751566875893258118480741260     
     4866806000054410890942710846456899784327419947093729746373586634910799     
     3223804891337658191866775755465778082253385256935749792132116278992810     
     958296
