     4439739204926573366276046223760408862996164998888874191841720494532907     
     9373556237628927353365776218257782910977539140515306275269807223391448     
     3460697278563123280501422725479292464870187057629855068957357028861465     
     0288684756792893376422367752055372015078549075156887294688065166418766     
     5409101324823438079870991456499546569926770013884982945232567660234779     
     8700983832227120396466502356347432831813974087277319969828709634055238     
     0330868897904593086436464625455333974214988037926224362901519084910177     
     8613581383501821094162824494325753849379819421824666273807011530890955     
     1034031609094032822658679620860202554589842274494901693612687462550945     
     1989445849815296276508295968695201828829726872996946016442351781559245     
     6958147573440948804631476022575949282605571954637234786796579710246483     
     9266244263444198146518482142142940035090717870608826115972333558884338     
     9543384816325313509616710345888953426419063287035307861808929656499432     
     3117351585447693847920756984110436328073364857341430921709941195809524     
     1276635652270709205831306337827686194315661517537820247150901450619156     
     2577411540548825662713602398154197783033286196272080733033836183994328     
     5438391351532087188219181764404732607609010897211343438936028621233348     
     7295165761069690999285225003630460418669851911224969366333244144971492     
     8321608270169337884040885843185648804652019667452108216766534922655992     
     7984036852329729650776374927501477481739043397107107899704192200752272     
     98994722183068777125709
