     3080718325422912589767728801857469415356899349698796759557393424339026     
     4822426136000739166275745932451539881459006424963151319536700907832199     
     3530325246340149353845522488638119423421099566867921565351024738732862     
     8363945576070080727726981400335617134408661012104976985480177075423714     
     6169544987069946878864924440864715122950660731488763241591561199975519     
     7973741111189127291769373673984890394891463171547186150756903590582863     
     9890855675640944853518176920832175552999167340190651759270629752573585     
     0842683797331194974473218414715767342792001372383362968695996656135485     
     5881218690257869208005689079974585039092467395383203087813276148441225     
     4256138633186631892370829433695043781741702622002617424371400521632421     
     2426375258576792057177493371585271787901976476216484056269038511059140     
     0362694727357330348910775353647038774651963762691559660919327075628017     
     3662546729778944085470394394968891513615789892346840435384448542159849     
     4515904934895431854995216439848305849478780633917454458929021645381348     
     6147404160046288150234469357629069702203156629558893445627782554869698     
     6662414891916897476300894456162985397277531811749521529244896748096406     
     2287625461495027975918822654145061349210289947683042328140659997511604     
     4938232697444621326845173395076697234024866202583781984748937179763701     
     712162
