     1474825412244920256043576801115693749495137618881181181557448750393760     
     4812259980665061006497687981074058614007175877316123075192450689848184     
     5129563673950280798583635024173280097525309021233119709212832219711226     
     2160791635057607276911307069743711300639966084587565733518307644870576     
     7534850489725422220526751302162120535051527331873173071325360822171527     
     4412243460749086858887401728810414388390901784024500304288465995986646     
     8566880820539231635103461551167280797929844013203293964964795791749455     
     6845707405562473904981322520286291841542562241608287178609790752704503     
     2144426450179190025456870368497127149316979992890026065395526289814784     
     7058598579312787637276496817198462513938274373348464287827663471479618     
     6267559348216306293572880144867658321253993195520442586599330136882280     
     0919337083527969155699323489047576188807473083734384583922817330507951     
     4787192859722215386416268481472817099854907954381819555101479798017954     
     9230942250701167143345986319696672476636123732287894265626429882467412     
     3453792544648840691785827177517277445761678387701869714790556273518605     
     5479145497094925736672248828463741203971999465967327602814981316296731     
     7464360993164530644284577223290916337484977819766802734162252173638904     
     9757613922941180559748748776575507381325866437611316755688054199865848     
     8051468455135246452466793395217846547785645211259663222392795367488536     
     2164397949643909724246193532755613875751033739776487005720476187011575     
     86782323538012439
