     2433572548330049478204907535471068862203460626208131491929226588810758     
     7220487249181718565157608888609788380911954154351885492037255111805536     
     8599722015626362250923770804983807644513538755667391814563252240169813     
     6490667402366337825605510571484236682599403405738726898505956394891743     
     0942683704931686181993925960876371882220384214518841800655883276822058     
     8876109899566013139688192705847410191684916994763919407720869498919914     
     0218352077237076968124856342295364390785831569740453273609037541301781     
     9586928545978648339251154130911157990950998048189999112320994466370059     
     5402305081941897691887880848351599863922237269925737188825372940368826     
     5016049248212459795839236275392827627160128022765920950641723667278809     
     1939585373516510114921816857594801633697820709785830565547871322470892     
     1864655746129579073615894849024182957535251344653320654353841820077298     
     1273734914958264384755407897762526275093433672917205862983574160666327     
     5383223866896271552884314614170688387744266399737233547565712473299485     
     8580841198556963716933101185223546835323002259886861421524066373370270     
     5610485686391033932113215020241693275
