     9697155698216060536074551738855552774207071957346977012072385214479855     
     0925498040789497303183886578463610087414549710712191594124716386907743     
     8207209648313277898270225227397969830543752939586630344474628628610473     
     5216069304101264824741926132852785816028657636804465272722717693539295     
     5811823309906595705370306799484773205352300652783364693688055856788146     
     1081392207350110938792679345180198804304114069833732642631404993453926     
     7507127703739838371559253942354186041031271693452311906448126383006062     
     2642343433233560903652244118640073849279594143318392339314571771213471     
     6868820654813701117362887048641604500936629362633700890054905802037774     
     2607931982065623261162822284109948471377888887584453313134869646234139     
     0970540813523457750472429909962711333441684182745191391316447285320055     
     9026599614047204311674835037608982714907258848294260628277203344893574     
     2817685818520122723462948023858028199384842452282761431517695700187008     
     6274641691441582131080140536129179295604047918680193593594764454342779     
     32149338104826776825488152746333
