     7436641326452152446874589644219701635172926191023791559248163862713875     
     8670729351785097018800464181359389247046405362992009120731848880142958     
     3097728837429220190248331369546423545022768387489372360843617642250257     
     9579256219389025668882338946673746002605613575685638244670257115805901     
     8724275746657169579011146684424094435031146126195287160449541926613028     
     9026891994024087564404432005235685901728627943626111985245883917142468     
     7780018817992307164829714084034441006255265186654732090571134665496680     
     2933955969819065210230844752166225276194018012443197785816371181834748     
     8270920670122770468702971678676276575931397255280665096006492580620563     
     5207612216840670909223985259950732367570636126144201115577541658425894     
     4121335104650041073373053095142753653271206959001919042330109047876024     
     3092374316215603983730821886540342213394271570285115561633617511874607     
     3817558332564310719038317305305601687499192677046562041906557947414054     
     3673683422927667400157148790340434951057668616205074263657485168061402     
     4233241289957628600981567640551735183619726400662134713070461366556186     
     5322787303727861390313800842105674121066538417499118759490735481218720     
     802323759269109
