     3572446406187549498988286935141726155449638677823279693736832673654875     
     1600051998508105716698219994998802523951155681375098517820538483316077     
     5438740485828750601190089245420090426902997019078267023926569226549263     
     0525697689730117607991444693066362318116273224593011392971207471555374     
     2987139003601773828105910710757590580398123604637314877366594441067329     
     9687524067958318971680367206616828582697018226506637967516379049874694     
     9998224678004746255948608652892679408333018437819671386302931625132548     
     5368315403283500671136033520117084872332321421999290314447858424772215     
     9894314157166197204314286808015329959046910029513132896836615924896022     
     4243298318752219391910533948843644728937506454022596340920412120383830     
     3625887432032535767355653328213568129828579403339410110808543003487682     
     7010840196095176338313481265902481962757306995006157604113960456863636     
     3793918987894630264345795144543756830035519851561679557346449163946690     
     1493816308881043391723390213917287215084734834121835015976419971757086     
     935649942393048446631432984
