     6460039592296072819988228214124658414640733444988139903673688230132922     
     4202728209712998170271108184617868019645187914433892919696969901826737     
     5393050524930846231548633756567976501438487860021134576021642591553219     
     3586013639982610028170917026750591552798915714978889449004996951322313     
     1516798106551761566802519633422315600149607901222393905043552089550129     
     2798125755955242774338918243222949075951804103140317589282711256237907     
     9519321380042526564833306614517901298756092926345477971887652602655053     
     9740576551422772480861240581683763533765800024126431391661565762206722     
     0497744254826138227982522397730831702314716798974402661883103549639858     
     0340666599829720137934553627187755370320098506552391983136270274638554     
     1654465126047678836317670678391130485007522846254514208156219753994479     
     7362592471807632444048599956728025819202941670615926623590866923256731     
     5856482084042886524089943782793441339715209803522612095441051041619322     
     1560723757892365436369309820514492971691062810381936442502911432217115     
     9020876739220487701914422563667970608575982677055377371853258685129112     
     3512237951663119494533059332136363371273972881887840611066103551036184     
     3144697228482781210237662218684515917068887725576230721521206113852803     
     48277006145732433406551570465451
