     2193484423733728648807310248303172768571653707099519257425027329187016     
     7910230890966204306917158481093878812478383659823540954372412981448034     
     0665319670823720111896519059476470459511025924024875259636269232528459     
     6626169743373098309619317312795897607066333812591437661903837112371167     
     8714973880853705314298988189726891843325378564428617174058378874811171     
     2790103041399702915323716847965588956047877288950967841592934725145598     
     5528159257863055963078794757730486644137285615790907158938359877569536     
     1215844779110654547398076275507092398015264451295888143165236569957284     
     0954929720839256706722971613953433798312266453923869355272602468531522     
     7417842816725641912580474349593748580959546992762628150927576849038576     
