     4914196168831161219901925175354495502155293124534144604755963690294781     
     0198912969841222873914738155834548170438184720445037219176801378984417     
     6387608489268296335046831060675478784299409638389130896044397510358371     
     2238693940207996656551445239567627538635357075764826057895411919498625     
     0934534999496265259834923368003797709573782419058335654683934045213131     
     1857817731857562405378688198241311490502297947686098121713861959834456     
     8726941204821986203830180002209272782562027498649567799762503782686057     
     9525908354486561194910348123350274372293650113113881053121193113561706     
     8790758047686327178566403587883407288911301825613736008352281863981218     
     8286378283059441250926121502971204583735193433915266441671850148793660     
     111865309402580227815895663591340573679681065
