     1623062327106797110221959171193663783902365764322480915502696287204449     
     8787117337287281427959154459625674973319172606350120514664051251173899     
     6701301522717835149639200247466871767092638970285975766852455690460140     
     2161673271430934817065792602316134958722013334682606664060927640470136     
     4201257239474412154430736052183814099784615401655258728006188076876428     
     4407067407582281315187261385996970508962223716880403205433596240862004     
     9869272710096684849694462209951951845005405294873854726079820733819357     
     4249138702724974099327385846065378332358801643080546037087026596266535     
     3436978028215659256180374644298045272838391389787087152757117724589863     
     8208689189828472695249403570506280300494812126324001795056476816090946     
     3333802729075595004829179116331821873033512615963280030995303980771353     
     4689275190738851156866283702970129579882822140082125903832015562887773     
     1569839889102067137524762948803743769837651122036569165450368801543228     
     3541902082636421933637627980938999224211238511884710842369785549744813     
     3201140552049576759558537557402725768160958243835993749965322821340966     
     0129857842391965184268669658818844907169933870372213643540852122329005     
     5816191907117407143563651432966437553279501298758451924726861972368734     
     86491699779841
