     4059147755309346858228163628684796908352889516159680792626731577030262     
     0540723823774945006855441812589552307767361899686726911350316439361856     
     5172414734010790582245109208401276897382416415955343540330780067438117     
     1091467619968039902972700902005866997999740014895687785626365938073454     
     7988241910095824510386204852780397398164148834786035478331278418796277     
     9328993682341619428098955391085320616611947502429366798638373698765903     
     4398979514974261841726568029967259862504766463700508690213364946009378     
     6045674157070546555931404455188191373880221365072400066027371742815364     
     0518780211233206922686490373659596336923338335369027172241959885254356     
     0597753833356576504676611649292816283203337710360691466616239977869759     
     6623719177026337087228922955930625874665556702043560794115476155055113     
     6408183310624659150900451443841022760305492531993400381414224781732175     
     3439057767058568179847148801543126541628393895535718970125634311329801     
     7584813558345065062749543486780427644461066140350128257004092696715899     
     7043434365677557865912334078198878471151379232415109806040630370338063     
     0406744411499061041050917920739341830370861096811308816433969965435444     
     2961683896918380079661779875390128990078850216483656683901651506532329     
     6325095462826123346892685585290613430733870864769050082251234386726440     
     3625383088466515759419547005219542401220565100882809507409458610606477     
     2805267885147526883747321703159248762020500442083459387467825403969898     
     0660485368499116900375933232257819645054081744529792520697602653375608     
     5531967233126326972121106796683801725967655862660510704784017375272454     
     91056885467365975
