     6371175645616765692386925167413486016819789751410130610182968460407840     
     3085707624325399200357377489582161489966676180490411537195881419787532     
     9127349658462026836701851236229977531267419795583542943201547348410199     
     3009857689327259389324068229667493936172854899392657180193909665112652     
     9245505569591463782993878452697933923835572964815816102625902155088105     
     6437836071477068506729895185173920764873232534102281373276945220702558     
     3295073867169299241057284008707415297736134602135454445545773256907983     
     3514165457008981446246679274525744894616690454808007626491657658300878     
     4497543854340877159752186193677593845158616659874103919837792706964377     
     2770632015167181857815244794245627480086582563214828284236154864781674     
     7847674222409901493218867331816754100938791151635533465176543159186504     
     9270743002189806848271736177548148641167549108309808879235046623757240     
     4450625407977516937481168007832540097904441153734955755159839520000136     
     9758351646770983107506481823271304552956601743471678582748536570135530     
     2515648238499724645087629506543599533057834595346467676167403918808734     
     8926842629525787472191719113345053976
