     7805921378378878251008269956405485511275125916824177421311736990239253     
     2370700247656516217530220231208818089135119595718889145622958602886267     
     4782363894988185734672718288453297703516468925201384969070110712630661     
     8889432044864035138257973417149292372256944720493197539371128411558290     
     9591829455855798609879190857727851963141764000013373933224857084004866     
     4863412479358187262256668075728325410072098961408330378048629634698258     
     2214201626639264894393732118242371660812807010606492345549177124863975     
     1021634915119891876409641903338924270971098040374181671393661002661293     
     2610993694966985445752781334860061470751413965070102047998334208247913     
     2437455164434133959853904146686271729380802719826853313723603205352921     
     7146280618658270268601377949113763221343723297206612825329378980533825     
     8398866508136790295290352750336676462984209043069172244260661038773562     
     0480532982607275011093870674672454538303900778184939502081087529234182     
     1108491845089719141758343568744647348744290263289038577084024515637585     
     25
