     7046704504585511652302828735244523098737806980411724393889732465669629     
     4643939763998395192925211074882740383294496393041339827630812744114112     
     4358200406212816470456812299678940045097311167839399307573576491836612     
     1357100615398587896956716883830198049504180565202176795059856883634772     
     6624140016958834626892531681247114789886925934302960654720930798156127     
     1591413111611518490599141940851145497450088707584470708507310352048986     
     1436290751419368557151478021971067047476347061855878193416062311899322     
     8742174006981038291394122657276031261475587737072454719769491332517353     
     2301918353182620130951192475029153867349786225021033204916324161017212     
     7501752808046114288491559403369377541884358456335341210574527248994464     
     9876959171719000598685363255410013409893527618374687256761900474690179     
     1374210504655486298291643535741818741489540953950694011065567015876324     
     580011418567188096841817653756091656111181304625
