     6128363157122254927219144548877973061441015743582136635901566694938446     
     7229356073633423974114969550271184290663816349522581774885275299025615     
     9631339201819211604819338931706349657894512202920273420100714754701201     
     8199961387672998652812375381999603957557255170155472847444439309218156     
     4507603217931872006563488524182661494237205855340237125758721828527089     
     1762233930851700449054841696976485372993696277886019561855803934446705     
     9715881642262926450219908874861871362614682489276588632950096359062222     
     2894401101423660696795407019168558366945919163611188515486324782867049     
     1463638818469766174710435310371382672105906519057345823075981186934308     
     6478062422185308253710706140597720679710637595939660781323399189990149     
     6019356410649372763899093659070828136078501782505620540681573564497891     
     6784978884808168110682544110292371441585878908787667435169515889673224     
     351204445047567666493373063799606018438146
