     4109403923010927551585036716845180387688929888389264949188971924539155     
     8964842505475760024357244182103852163968279643539083955484601020912401     
     8284012949772789293483965848641432398765362280117824190873799091410042     
     1979471747270903413433414370045295959443972577148706385181547602154071     
     3772415503010430942791087078449710584157705380968130743743322841329740     
     6109891729500749301311393728739211811079493029837765943306348218879233     
     8204353109823602049928295543738927440067907258552615838650344165692262     
     2994984351009530965591392179107831694248484861301462623811889717596280     
     3831117185940189919776548499039668671805592936092804922285801101971639     
     0228176283551759304128123461119900635540423448927983567922430181777246     
     7629530092460506000751084936187720640994346256033095216050108699249373     
     0575783017563364381610963499218836102705079890821481323933318448532362     
     7394648092991044750736685057873751319450012054478802353747753711749615     
     0764727800806809464090917215215148827794702376849869559252600383996259     
     4801334395929802460958595653603788582866431542108284128092027233293220     
     1183193213713735719906075990256463178072827531047905748734017622967127     
     0228710957130400350458209231071259681655344571678890436113323101795878     
     0600381955512986920224192063167742210644540902203742338189862996526150     
     0009283597998348814310532867508873844589379094332572239281696178281057     
     846053582136933336175097781056919513992090804933383205902604095333967
