     4414103171422717935355962509499454349778622162400781459697552399266028     
     9980730523018619835920980911703253829223748544277093656994485953386431     
     0917512823151274918013723963055235066873615930133161978391327898869891     
     4397585103122958242938481707043703775239751032229629764002510837997551     
     5522255375742102119454271542755705353417444876105181953892862511361629     
     1327687491964983419534355117584736940191466812450258041418841192194016     
     7995410000017796803115148941554642484534655371013695818145603303564888     
     5470793143322138828531248110244757300894664301174620783293715538610380     
     1049607227584398812094647190243497071965603448280207725530258108914925     
     1082976
