     4429526277530712896368947941596026041468027581770471915369233443488021     
     0595966741015798874369927225404856162555119987171727347122691121217727     
     1006485062495433600576420442625389864722278061394915322647381831097091     
     1842035012463124853800266780464358298168164690964845276626084237947373     
     7214192286807430322990557947200830484589495586683158952042299982179185     
     2541022383402082981633277150929438197291476277597877972708303044217828     
     7381778183768472600978185934053356757849889023166827606701944551446651     
     1533495194930782664470372128272882635118408680047370554628479997218222     
     9391707161470847924605291638447423432731998554313250542564896419716156     
     0434834447971446547238080018961171142406249702375974815538139843343415     
     1864943238291436567893292400706188193515296923615679382864606865845526     
     5984956237198045050305260115568522311026895679141008781132578119328168     
     2478733636873927067407965049790598525567181092725608439219688861339469     
     0328170391567818459694301548398635119875007831450633428345493610449979     
     7526075268490506165487709419775991749841325878372539264604063032417394     
     6006336103748926169210785607844277395733740477090862190096266574501314     
     6909199164390567883170329190396358136994441078952743893504547241278590     
     1846327242113699210740481497011808831472530083407637441783438475749652     
     5846174192027130730132421801432855183322123787847253428133377413008387     
     3178592477561178665623123587429860123113545363850384713375802202831101     
     3146766777279210196908380149754504625338150481387605242784680904396926     
     5478694740483834215464754246546867706248515991644791978849323275907519     
     404134649211632347457505817854186920078857271348421399334452631049301
