     1178550894773035154523497263412130945387200227823790744459615218410476     
     8236394717562930695742235120363625113330485766149044068773795545663259     
     8071799111203600319364737874592994999283640032120269773612302354356525     
     9149132459285585765612956146349315098433396532885045021596559583565696     
     8212684558977026517359218406842502457249233077054392179769979698731250     
     3598273232824721943549761534210237476413663300612833754048847173230083     
     6891654769831257032043184097116311772950138941517929669654564160930000     
     2727948359069631790538551692832753539271852323459277067583786470510920     
     7792157669321067540542387145459972162029172485126115922120761446316447     
     4946584368216411789633953974191436595466413808102942414086478868090825     
     2309515019632096613835567539818824433448129353932067762019284718316838     
     4123835553145227296945999462556332769439700132914694813476825811240593     
     5856050385371086855754151663959594100321214514155919491193863105728972     
     0172453896574577383083016447992203263242245594821792672550831971326625     
     4227260876293449663685713151528809632728445545716025714751543247453227     
     9402620753638748098963999244726766015536815475277220996981618528475510     
     9204365980131398389843636244520430380516277616828286679549237286739440     
     6590320348930798055375420278975329746851303143299775545242999088467392     
     3430794441844709372035380034885837898964898526493631647469981895032138     
     7708633012598077937546256682883540502849679638332496631243874257066050     
     4298337372823526071529904611770176592896549742770824606576638444541756     
     0006271223320508050457606786413606213176640384037464017772345369434253     
     4886247724380889437
