     4144298171445007417517088659466867004485853888782409780916029052090156     
     2612711507227714025071195097708638932519011139886035582755731811171495     
     1950614031960381394319188057612534848992158281170624431299738286336198     
     2663899149421861947801454482926647428066348027084625763732790301659770     
     9800594655136458254636910874792699267774012725618111599380761870231388     
     6262568356733942604759204564017770702834045706699250738253245623669738     
     1395419759511364705633870925104275501172109729250815660555829485024912     
     4693293869749273197380802896335079675891259389291812775590417957306427     
     8422706800389037737060986152540131791709830682443448416863054206787345     
     4547781364060037035934556290348220979290012516574272057811620949943810     
     0418653883184120269569178838631460670458666918865315692013199879302361     
     0158704717772233851381468479135106213693235205757906320684070400032817     
     4304830920969587519189252460520756538887781379959611874086154474053804     
     6706579893662236218110274119158122863826528991102748087937639102483109     
     5033270470831090287324041345328716217616954963997895275216621733348629     
     7308838144816420401418796695093315388970738040321114082067893741246100     
     70959053386593
