     7219664179051577013497894293760220852816412807220000436147591556721859     
     2294719627679144700671220717385481816917969542002202276809524265422655     
     6182851547002502813797646621437411329029626048701761386074185335159090     
     0749295863328287831484311487561233363870207569138348415723431446102631     
     9754916228814612447551335967170614928041891327473201406047317430402223     
     9608777707698574023598313396604273187728350238663904265876453626845000     
     7255092535741348420525412379345474957280365528489755862616128414613138     
     2687005831347431285139761548434053127665559793353800436605836540548226     
     8274496911342918444701120094338567547321543355219694693555502531932138     
     2711727307397094728041563526933520923417733052607342301321578408522772     
     4084931140648617709792542450865040297616184483723023480915518058744705     
     5058426945163559311968217188732232380561211239703079828860957103959808     
     2970608545273844571568613807160978667763086569893737759593355933924986     
     5846210290137901703520713574358211394937986575395817570614209801213647     
     3660589024530133348726722118217652698660652677529604252761702544431666     
     0299528307216317611619926861464275360221122957241543972430620575909386     
     7270336056514513989141133612663071135404969686756609141444541863929565     
     8350337274527593799837065100815515171190885380821063098798382666678137     
     8864138191270670510132421915868604833268289611481416103911765301733283     
     8781278734447767817950843789129737559613487429718746579937212149525122     
     7176716419832985068734291769784762057
