     2000837311415043206566788106553046834358390247713783131550002954025921     
     4879584630884665451538040986504902545498614945537563490660388430526420     
     3744434329938319506072244851139851634477427694766880164501288949809727     
     2989026062688539872849285631463544951243618093344841536554789015292092     
     5876467979817714900605879292675552803603865176648316960951560368384505     
     1697885080456827315469990645903418400706468684768118747402160689069439     
     6538881396149672388500087511699365213673052358836911314928186084296789     
     0329109671756540243014490894605947034257312458667289967670482859906198     
     0220232008484006308652585212712885106988003348938701136655638454383958     
     3295447298717747918886652220532372541099659044462014028116721975057715     
     5975380570415757327129830744689351317306670442942268642569530175131912     
     0356667142362885753729344077665917313615668344092194455741793162831549     
     8279000870580344070763281533621073944128434974298382343955155879463556     
     7955364648924372848143226960039748939426890785009954215779005101548246     
     4862975033358848363669011419762821159421
