     5180160020064176114448593522558106797474966183448924226512471602708323     
     2693859416113787616356159231296966085727869905505978093552133376633613     
     1036803174736023006851831327989229162881585445214799374637889272556537     
     7969565427613323249764860861564488333723442838417863375549875168015876     
     9198680982200056679448034154384112157409953740416088092963496836302029     
     9148697511228404152279993295522448033255149586765858583197280584154628     
     1281303748394918466413464338932024076190969088038669203582637653035734     
     8359543163704828763321243507304671535439309948179102132988482603482726     
     7835856564595269903753659210852176739209998855936306880186487403353476     
     9943633317446975703785446744734241198880742461425831633554953991933518     
     7603687280012496310371319956225373366552485387447833642551639298246678     
     7046299114090523516775696781894119992029268142664952552532100534934765     
     9228675517668547444290621245560307414558778201225160573994891664513811     
     5192809710429015100118549069046571384601537264259487839491805862558691     
     1765291213878688448034554987948574855059779150155698430816824038144811     
     13017531465329350200724733046996629
