     1505763433019315918425973971855849042084522122818708872197758918971301     
     6018064748528830359657586627786320067910349055148799645095729058047309     
     0562705887798630440585093829858474513226927781749789109918004715969293     
     8742761499648494408183340882225618099894718286059427875748660649314769     
     5353349927576633874714259199776590743323295123956713330940068761277724     
     2576558416132631045532380250669908113859898890863951423758145294267475     
     8941548988405835476253628203783767328516616752385502543628127607529450     
     5725292148062627251924741158127823283113635452112859164511836901212917     
     9771303400659154281878608285004162453977624593863948625880208141714993     
     9084011761783932225109046848588846981021619478344279446078730898811246     
     8506001442578509888872371843396869338658517584813937091818208594232111     
     9102886623303189228564545520329857986772671165092309334781467298564626     
     6959063611445359497333456544916604391794116355267518924036013342347858     
     8075006497120589070976612371120965403409216911549380393711857183786574     
     15412173630497
