     4737967939728141378670617954743312221703438275054065342762627593853461     
     9977510521603543808895395847192669898763026134684922969793934413511015     
     4242769729116363808124574784524545755757678768034741264200425745187800     
     3422127284423339507868031056254283835375349709010118905757828528291298     
     3313133072692030656224138833430567848176318955374474747814533281776967     
     9837534737696244865079483784744649688838069297510775083835109373874527     
     2131482242720103722180948135596587296896636206987375610336995817968081     
     4285047840710187466768975585579453259703829058320377206331179491286079     
     3954609284054366487246625850096361888853440222951314831503207904472786     
     0250337627374786694757556996433088783153388675320755469857869134204472     
     5985848818461026283476284176065847814355355289680802345787253457649665     
     1177571277698761438561789996535603847304084416614026701499277473014338     
     6257295172377147331047168840361631398144622370932952067495088906644366     
     6731736324705870829121485518191531573313076064624788566190354195860211     
     4589127038200900038139840870903555423950841633798880702106078975705280     
     0490043468873069533257330391564074621992708012204841294750692540255709     
     8117804376026973645000110092643760947728205774962414701498808698942683     
     0375517569591239381568066753126016044907216411408150024501585052105637     
     4771808909805251654593758571916634848276516677856356669446076737341187     
     6704309206530288588660022180348915823593021413008063220749076983591677     
     1692606064842223935550378291742545151419623433434308064352482582095504     
     8418532964942887109633628568792584326841212385621567548944347803168234     
     14944107679584058597271907303967593613007090526027946758814197760
