     1044053446125577369335377775653321123500363986776062340642791544787164     
     2817279538723901228109056745046009664636338663595329596545270742774776     
     3073868328286252556791374214554946253868317498278418440288879086841007     
     0430312009169538791849749800371634224834596898695362996365956908171901     
     7665406509384087810858011713148328364124069419544705787579157038238371     
     1614991381223287580663106427871164202841300940366743993660912688594951     
     9591327680075224046219252157837880219017211393561207137485296159572730     
     1078930900743029927491481988310258812269744374518378705218698442578020     
     4369286440842277781666055489642841630420273959646451046274588128129179     
     8170742710309477727928907812477703365553262168525194629861478199934959     
     1933120338897423362386861552863566290961898437894895723793867767526541     
     6271844542128479359041319147673284581161044094886629152539667399834461     
     2825011430938000458733662849259309980548035807284303639720423428733459     
     7201929311925171357461800428249336167378243976359059168686051122302294     
     0899829365313725619934124809058533214943628936607678994687885123085942     
     2444419004830603862904708549070079365408504487551718754794721517234896     
     9475513401763992472074599906636148230460470905360528853937532583160489     
     3293763683876225690597094623602746501672866057270790724537761672635731     
     45478885637031460197521552888186969377276875000862344392
