     1254328471981276713510681395059184081150154435813204550446974755857707     
     0991486821096107149160636050828967918975763041802467950117541364583833     
     2832175816637513125463594413236282135332533307991586168337258630041694     
     0025845824379134097808216885171947424189991732720936855558940364821927     
     8883638207419651788814009737826347890930239339236983621165607658707557     
     2389599728122434671670915800256672015421165946540752597864513093727081     
     0509926803949614860141271031808865188375335987040293298875667848764223     
     6899082757125956779771570148411191496097865181997359968066684364245378     
     4126667060284882336245213019333421075530052620334586551153423906401179     
     5738935146365309830242415854950157912156179423701572487981898086369389     
     5506500781531639902928156743329408584321924468505557177480339836436641     
     0255288435277338108355596203769608433404044516629329567547650419200546     
     3351711945253817640017991254721431150919344904775588587181403389336063     
     8790794789241206680674790764431183116829925129961643198611160330592262     
     9952751468863979543098030500514853511032217434348372010816525286120556     
     3118900000199352046334898437339448471316980623439149944101772329245510     
     0601937467135534457465056320421538511592720124284391465540181447091572     
     6091140790693305918254093198302373421805127731794667600220792282252330     
     0815504910933055744986356539423776106753382544669013276627417157556310     
     8210288499990409215388634229452476360269072918430249630094361587635806     
     5827816252237280246267191478314796047675251117119713505024145523751367     
     7199789557950415747301953318289055139705803511306495824319360373845395     
     4
