     6654187260119496752434821670826993055404836278399236172326498166333207     
     2541534245751389261108212306274334154388427197389043310303344803083330     
     8155384649391737268360689983001157858651285317883285697607004043473781     
     7592768010946095959422310630230081587255041601139345491738703863979798     
     6477910856767153945393027014274574267920708456937291095409197990708131     
     3984530250042569110912585080033809997406851542225006733383577009600732     
     6982777806318835974387915487226874433399170456851986606784052444190584     
     1074507800795898692471815619725903765715582735839533806331738377089990     
     9742296740785087111518627943478630468727000218432057581081706956893635     
     4557920976842283484212112409880366914309779913683211451377910849436968     
     1101073718204855252578333245715258609630964468512847343527449585377215     
     3104971700209138000360558978414078558831935759189497636381914797475061     
     0089206451683677593821220186723225675210672451729027340692440649131425     
     2973935977
