     2735527563382370989391137983004471704860624922475012406401564800551907     
     4360375482628016557675949851224356742980297072812261919175261559625603     
     0783849268092067306072405991179108048942658506404469705091320473452606     
     6741700947061372992493515974681249186370611506881061466743320758753387     
     4120718958122040786185502531313672554734012268808836135293469374176311     
     6021755740211265632297062469631427485556407497381175761343761958639317     
     2323443706101337530617953399135373615988345590215728628201673177823697     
     0731537425079104397474958276527073116308624573530496721390361897951896     
     4787759886588512847812040132847163259560543321041969572874711357006838     
     9549391481290792753638295315729101404794964727762122483803361585422100     
     9128315371547550950723487615576405966888123282488308200378355465127800     
     6502037999527612487377467041535265475139780818457119757016306981973655     
     8800262226038616984783094468562232253958845875317180823592127143215652     
     9252416251392443716957910887968788825332447792921980191508415329430852     
     8064180034908387261536276921114047110811764308502471328547137523313573     
     6091206705673278861753356364854771212798335707120767433052225573000434     
     8704772363921119932664036965630152854159822898423803920809096065936744     
     5176782985284355944444067757266224059751858798017512690958368095600912     
     2857376223905788276702830058011154958310967478711238424059333295946081     
     7766180540889845229307970697103294975938257575489840705033126335847539     
     9345393013168033269200934065452444759324766799741529863245460188229195     
     5200800932487663622539193796502394911253853194389264353503786873531271     
     8388842766723261693097369934181898345543412498522017754996474642550711     
     9430603683522758817318393626773496933997904973246052823219963126629212     
     9917514797417947533848220208974322995639390407930896664143187548334260     
     2861491128821307606269271309039953682064127879568596927090730821423383     
     9117350725531410717760543028616882610971833844926139581321815065311093     
     0643550246274601025379827012654678315959308491159561657448703835811871     
     1712412235122461391891957384040117230501511315089601466241106733172926     
     3483590903948678968820860544834306158043298026220107789320
