     7942185758619630697857017107590744205396428561028583682942862604196539     
     5719793094522312060471668917995208743074763234883824945834084536785162     
     6962038850498206762728987268372341404657810525739256960249304695412105     
     7681285306412638512535024231982306552460700231146442954860957808467199     
     3394975051839516119929388360363490432116849472061034761518624923147963     
     0364861342496926304253575569984507605380907737473526967077476674140357     
     7446279010789518411062652187749169414923559625343894376731669122677820     
     8126679763886309444518026189323763219476079541430467929663282374462607     
     7068211637542234467148077180210043030980839244293962052638302481824828     
     7366219630083321283413144583810465053054171552472836373627482501802211     
     1961509559922911468177022783704918971327118928092525309893244106637938     
     66484974698879060738350748365782915326021850891497022714428921451714
