     9589599870874240224395705022572500756245892958199779995333475367035547     
     1608326953372557977092403223067694882570648685180604659357504647982525     
     4950873231005875549529167403198961520434100667222632533123023125763033     
     1070108292911189008794864733323176478538904728469009262483556017497433     
     0137707371596958366049440305061199603959600016969898186615202264617231     
     4373116916791392778354116095033928139864783870348773137270174126933353     
     2007920628847191279769079086581305552411249976273801064021887478258280     
     0670942242231202809137949268946438663047994821321312645706019095213216     
     8221711229846344934925029238202124134587415836665653679245843717543918     
     5969690850598119438803778596074425315120948017320093005610284977692376     
     2291615748571069477779444337918992360899936646126205947728002584261979     
     1183790214993649755537862600740111514196436971284672703868965665858955     
     1717300232964735431477060101549046851998774303543177488910813239561227     
     2945648098798545747340473948668232729339141076561981874419402306417098     
     9713400805914996216447031374054674836904075173162621523213060084160807     
     787425658852771899460769845
