     4757961581742665109577113910466388195154218673312250116101747209714899     
     4048114766012344948151400827290944894878466764103150588448123166549657     
     3997653156672704437551512210490864142731453022094675530479472527402006     
     1609113355896250841998955396938127492915090147270003687337648639315486     
     3294441437371973188313353414554061417618559333284848423386590946251427     
     8155137042797387564293220318784045611356976016762674350588673659982831     
     1169175080490828425030053555443253014296549611518818859213787406804914     
     1367788355571819095422591571215977711530350487841047582673802902243648     
     1815504041918686772830742524929768597877141407692947417343073386044184     
     2222106128850325720203774831165206719310915744644519142158130484266483     
     0863915091913372265786752534153304225576636775606646327430247956688957     
     0630714298942863883378117123797453726085507698599240212987894584786766     
     3663298
