     1363521199839501588152881690058951720506735745572124819140162486704218     
     0744138037044403692193011733619392052761598248506316386389504113483804     
     9076181633060586782105061315792919596569595804075891697367780214497987     
     3428461505811594162935825843940716905365088709198852252197146232916468     
     1668453940056123651259136976373755021747292868510305735720135454337248     
     0670835675778598481823881993825580612382227684377464743601627405581953     
     1375712669714711068776784339642029066816255939732207726209925658787213     
     6473423802401499470754774600434203360338702058680324287147071744066172     
     6196853632278663374452751536449961151157152423359378276096090399533564     
     3546662645850010657704443462657384071933819931011757472553803698447976     
     5393035617563399693178646126011672714505413267205970787081051755474130     
     1754547122559396616794095304217645524259137898537806448337596294355975     
     1452243354374341755916561530616086002448370712116543937449190162267115     
     3127604480583935871593545191284726551546286181373432255062662307357146     
     3932364928573710559938716439544023080631659834970975934328863155272172     
     5388321770791656927119249440812498585998220678175120915133370035699354     
     1337746829784363425090765941524389959581770606514691857180177790972743     
     6737283927838549845850864768518752590699601736765270087417101652361243     
     1919348227034384627348996884732882366365728871963352150322762849335551     
     6019304525830456188333112879906916965702908625605991252126357876333420     
     3001206845581252908962669400004135692989784050173015505383220885502341     
     1153395582147971
