     3868517167581352177038935430635814125775172674986866337930073516774713     
     1586582873477699637306001958125682410321361796582754571316254559695328     
     2909079656539882829841664893124663222222739909289232829778566568476566     
     2337506835330347114465200179861654335645133371483080470134187659855670     
     8088039501244062865346134323675821722074542209088443459179865823378788     
     6398397399420075954125955932690090400508434315881590862132278366954606     
     3076374758891423816011813103775785625187253498423155286261588648677607     
     6892045789836739674883905325426663190928183633692923838279002327639727     
     9327100465173419270272246592482296073113645855993037617478840700756564     
     3288911608914527394734851749520390657498751444147935960636725806917219     
     5338810890168729148346555902358304803027279234318410969155338050784423     
     0527839874839003197611502884734515457783412944661342547130576002826368     
     62937
