     4446610512643150082973887709215052387382037492812343974785110182741957     
     1429435180307442284118866988054337939327729837570342717499110003245152     
     5298748086408089101889190399716879349780771048494030635799644560834457     
     8276474105636369176502879414031599383695013590937150711485430932863997     
     9478910551525424042211610037137214407107637175889930548993657903384174     
     7196744039688050884989987276083866989850510520013485153860162262960894     
     5085354405354404175478123900161711161672243702799338758480777687945883     
     6262096357529140412804532048948930912460781193291979740006191009929181     
     9473741104578717155372100156997788307018829796102750375068318500457749     
     9019383387602524458540142152003419163846929837119845559504247977166848     
     9168647143568490313392161228064208305313637651038353898009854573967075     
     5220942560458066342445509261788194106618681019001586005970094817931590     
     6230023718600632360214276072190670188493272871001511252762947780164944     
     8193265724693430117400360390559840976656692195764644423063314492995803     
     4362750033016551075789367313378456236326926321204854415717345405992682     
     1846656744557971045273847508718244430988267145629070687124714777428414     
     6696902608788260350487345994529734684903788175467775140814434486683004     
     6290514740134128159301984334083817631614054506326124693525847713514272     
     7765581496046220560170117011361886746466273903074229381599297375832214     
     3945064134648862300055220050659168667556684526536500408634114521601147     
     1112388189126280473994592864576328713801039595949298803346417650332808     
     2370901812742961518237851745233136308559625620446514464596709367820657     
     4261240677151384796033574895602865280493720604922148626618307333552916     
     6189226528767307467818252954671713719650244909467988296269753982167979     
     330561611190319083005720936315184514
