     1387871648779807208324416868391992298114322401703851178426064681253050     
     3494716488397041932308092946894333699156087903967456718734748732430626     
     7477860749333183451050478846249579329439299351896075489482994784507972     
     1829312054846964799429478146236240856224429400094603778763036515508148     
     2467565462175660345459773633247886550002030005961833014843381443806052     
     8384355117899990078061007417884438248268930606491453661652107773575248     
     3890306563532916283376488179041137555174712457526661430109466922177005     
     0296692964752780314142124713959553466576098698520440973671525030276745     
     3929282302756503546136049990118010611337397450171330356833552608045090     
     2607330734587486729744641461423903158371939747388460469204543622012550     
     1021774480160901570900434936164170468722273413572629396981682756849277     
     8629455994443939658701456071162185452042932334548139436926059837655474     
     0444518953499625101601210118450476504521304822035678950797998625229780     
     8361071596779517768939705429677918443511634459433805454376272559502183     
     3779151291858659951455825584261062604583415377610396709014491401735118     
     0461838577215860322213468618801016515370762865489723024544488932371730     
     6446935922039959678728947351445437408935842567283162908935316475228063     
     7705791938830850432741330354143958737305829427652203881591705271456471     
     6555070300818220885077396924679921720791591698015813959277993849377126     
     6991983871205566789584010667264339484379966124688100140062605654035861     
     1611138664428172222358786930764025513843425275888468532227070171755487     
     7772747902202351742696472317618960352283727347462498794399206770808254     
     5121657142147371464522756443865443814324643764601370239356591267916916     
     1822683990640755376740815466587793975651107166961847539308431725830723     
     631976331106244892118712600286827379801311406263
