     6151999634359509220516606031215647376489454114923900742762001676564341     
     9107786822557468743776258091342241823493295853286141047781229568905720     
     1374125316379966526132775140837942767887540184356571496301723276178789     
     2604166597518443651592663280078138629521822515194153568558751502369855     
     4541362226966102267281424090696977412986422938712909646534764830136558     
     9525443217282685888163607908495368702957841387081846733796157925286668     
     8167086151726288366084343371732160023730352271472477588160053339429687     
     1711877885106161275863279805278448005974850608023231840936451703808259     
     8948175991699408834816694088464950245494210205379142663352701271782863     
     7491939675141924069405096335323263618679087263284898334624243099363529     
     7247039314504081039285613300475125991358893014734270121890892297772259     
     5518755547139627430361965384491991908852776917039433521393513948469200     
     8003474375762023257158624210556880508201399443854630556896624233269676     
     5114035839173610499014339430509827455095283448870771745014623236418788     
     230625653
