     2510589840046036372065666639092111014990423708443636921191542131263412     
     5513949676339466733810041178954377192824942590302749033690716484399055     
     5313237023577693018010771799004364598648590612449599342403508412381891     
     8157399650723325164949818904013234217383488244662456976593664663610063     
     1224718020554831570145521899279859425810479666321662883972111101739363     
     4241523910928876166217811375196306226877338944047774268001238628952466     
     5527766197438109968809354004324411325155238089460584332158358891629736     
     3452779745900438032796367559955628454267424744346038714885363821733910     
     4113693754170921543284783993540080369424772754371426540924666287663550     
     4534731532776376054864254428851953042273922203894597410691160991347165     
     4266537957939817056549066896111238078758192731773447556211788106478556     
     5417958270754550090428509585582796460028948143550100481614776280329434     
     5514351025844051583209180676159485010860280504862505182762174180477354     
     3575801512930086493106301671833200212510861903788685840388723932958231     
     1754927555562745033484825657686076956580517921107262599494720914907054     
     8106549907737741496095549762
