     2436376413641978857558698814243102749544623157512944818630871153071509     
     1755196323065227729350466307554001063053408583105549885542834626794097     
     0568852182764735693130117127896144117681485987707465445763155169701205     
     6065314073297656718300711390555870177966082757136556939459717197661373     
     8593108543095503821005414522205137909918568798671805151782263319599618     
     3654949936358437842157029554289313145397986139746926506212221692374643     
     2317051070283812683828877469217772416652603648712146744465790602827940     
     1136818742139226211392353682645228962178885213970341197049283918029098     
     0569192446423902923748046746197301489772264903788278473118563222313289     
     7706488095000422107648964866563861888736208548122273515654064159975189     
     4723747900783700144971623251530978061550544934974289236299560901822935     
     9602453036772367979033705464478509834519522939290851434195953091431869     
     4405161310281701609253890136908845467626018623255711867545051879708493     
     4836781264538928506102949634119021794708470242225827758243963094481111     
     56658486698370
