     2958729597971014794786343668151571081005732127052506905778710413984236     
     0640821726264344972834266406181258563916872242183040767767166774058580     
     6703531229882783069925750619720511808616484846128237251921414441458265     
     1386728274877225128452231155267381920671447210877561593527111383406207     
     0226650934365740367825624719501001349966122352711990930868206287314076     
     7135468966093474944529418214755911968500799987099146489838560114063096     
     7755869039768275122991232024883151393971812799034595567260608059489106     
     0952757124196853426955407907664968040303008374342082043860381609567153     
     2163428933363322524736324029745871445486444623006627119156710782085648     
     3034852961496049740105989408007706848357580311374790333742299146295831     
     84427269638360355586190323578625395157899987377625662075558684705457
