     1137557931797879099762790179971990079896891067166250202635240101972898     
     2842317892513692634673650981283214719668683189294177185594137431331056     
     0830011489648948467854471092048376327074961374878933119711044838153128     
     0020187640767981971422366008218478214828462144934031315400746002841287     
     3023827448288784218002081033397380261687471662043761434578161980731957     
     2125267124152559436370130841259871897386097413009612099223213242070521     
     3909633050321072081646215271788439465612931583871795258991959681640452     
     4035103754578897685022741741568784017960245956962619401923903860275262     
     0353063396823258736820245939352810638614680872212212965584472426244561     
     4699097340615926109027755359481665168898441229955823167433560356167969     
     7664240653527137832936318667790328985087094066798348909738924241522726     
     9826145407846780038924928334741020274878947409314303096253536082049558     
     7196250411940216924717110765075197953273426547164254157600704730541165     
     8296976773857361429048452438090269178286528333049178646084918114515310     
     4971096655248939542723671545393771576963333712744331619245386712065001     
     9810070557320739757576741
