     1250454861937309125871769052369497103689652625087104889503909796917982     
     9905897067865912749514804085905230066521501571329881000262171317308773     
     1743752173816035427842984321710957038179311253939031114658554633646318     
     1601137506551854671729585853510723587811043907483415279961065164589951     
     1432122870328875188495588972056098215569343358078889906113063155245007     
     8345379152321748373859297317828028796682914466083904501027656236893915     
     7801828649145590618582317653293713516522799866306080447232867920575359     
     5386113262784632086165589505723361640357257895982018669854614047194130     
     3413656937747488132490411253562936885921734856123570532086945653861296     
     3947712541962451339168781687892731573328375422233236835389589785352382     
     8704338327460346043249444645716933737425407747933301628705901170568780     
     4819983845756822836467929126767527831242722036635740418144873198918204     
     8815717038137427877033557209210968865632075901823533034716707914942553     
     113625294964340354697770267972060835840575853
