     1304497860018327646807345914109151287225497568786844915811758001894164     
     7525635674154557573624567721501945980231757436986858091756961238762255     
     6768898136928005886654577627472426222260832776592635065546328283754288     
     4127960249227707107083522189868082888288010860415532783539783702755206     
     4186058959602730247426522864626467256874447459706618482147862648433470     
     6894777790909211353360232924501175497815058572692760522630470922775846     
     9130191561356970701596562897008544025771646291338071508049709851168979     
     6384451016753828819443349301437077479314110499225096104283930392927874     
     0373711203642900954043475624241989762537382781847690354708179197212751     
     1583312896803113465208349093090401708065247447890001832308625550999674     
     1640359064646020015710563155387474103394863185004153815257394559311166     
     2145224215176371985635416522458519659091424826051963683643308874356123     
     36334440754500326869483166298054149401433
