     2657634586226228328690491572162497960560214846229151733220426566101000     
     1169995004703429374638169214973961463776676499216561301115144641946533     
     3646199680226483183999322016640808852445869778412077042953986810741142     
     8834543226250103768658676827800723476627342466379057159228310581882683     
     4814258885372407999355746296817188610208220153902331924424755132240874     
     8345388679629615777699205767105276611086028088303419199772382374346210     
     0875040555399605356667236869356246765744036446188702735736579686441174     
     1412841954622091458482058958231612764279893081998177224413583630512345     
     0373163432372328805264262200277853616427861874321821848300480218651583     
     658215064286517237445819562137
