     5940363538273747075684548296964597903882838275228378324177995174908091     
     0320306130927160195750104639860256280750140804150614969339080891375834     
     4685115771371465228378968948540464046919692994244546963230969705101278     
     3083402979519680485599642803919025128079759667289589863947940809124566     
     7640987263866020460094711493154520493573919625176114810831097736337433     
     3596155152623923841302796846155406041942347232225343928919082044809932     
     3119399595776121165778311631829309987730824721864235249069831364174983     
     4341654406675450923651863015324901928389854018016615940522899006155483     
     5991266185509080319636030947864211175225781262731646852046835541490179     
     7318975188837505494751303376564357818743418260797288234725331298815456     
     4162116096681271931564710076787658661012340196835626739435308215347031     
     9796030554649278529368671847968155066765268627896864825660848949118265     
     000479782647293238594727553058901558316171589938123
