     3412637073334578508524415187042039809756843104430428782310570512565529     
     3835564220204375036673437935863958492758348035248981853374122479013424     
     1025334742909649944077511735933670049518832815943484945431717019192971     
     9265805362829458174946240026391390071053142671289687092007649863996940     
     6576073390458977639162078459301295376252427608007846076247730146121761     
     6666084733099220522252891491010284376232295321977995042353504999738412     
     3675750466901560620836063326125303771088329293099612154312458053383631     
     1697997309114188727701716340567649991571799678954650000465750654541247     
     4714907907120404967368024231783604092875418505607387033236329717582975     
     2296370924715235843728510563344866189869447906841341887237077477909628     
     9126062168832089953089373557265247990895677929645000453462402845122740     
     0540784213193130769677484005801336231521202613575625322746675486257562     
     2827484969747552408171807768332788529014017758193703854915708042014761     
     0575543568728061539345438489512873443743565273414156311556459459731656     
     9680688183104187842158633808747654395955908870441471773728762817464661     
     1196260082216343928919797907764674023184926036581733698930601497077983     
     4700464686387391723030068663748946563497387893776897665358904914866455     
     5318497791232366501521896629573194154730515128701337531768864264857862     
     6366285465674312897833999060724329575819201368385075351769698578204213     
     216887844836505006959222419138
