     8391332011527607906807112018121555074180233653965678952389672205484741     
     9327114635297284074489570079015237840726905208999630190180074026224127     
     6435907926431018256528276499101573049817326108753486282881994999117551     
     3338690904917355997774034448607387490267566168010686905485085980101308     
     4868071373220980324205341945457638385428622206283208796278733981346842     
     5565991885670085466470682439430031699479646325595645915811528648004077     
     0372828700535972066614689544679593749518859131435911143933407525933653     
     3424798770034458388280559449987098304617916570443956225960837153514924     
     7340463717778227443753373547569998353100048992510435149420006378860264     
     4024814318774206522589009914411564339138483349744467379098840474469327     
     8803554725102739556784795191147691015636912278686830324022451043396715     
     1790180876251613906944804846007515188854163187320987859145014988519152     
     2653646653606059130381398864509335231536363243205107210775841285421662     
     8083434625622987387236375162037588665205791233532305230243863337657147     
     090363609501
