     9327586463686719745976241889385268004582025843629516635804581746627951     
     1214047867024727610554268201731879029840680892236160455522314656296414     
     1827136231959102080487751630530923163612029877793258916950233100717737     
     6918146373350709127478213613386842166750686484690675641625066380279261     
     3309716628374252963286461892845294671847948809386236362441626881994034     
     5048390363102151026332030994485595051772907682371204646820264903113041     
     4840061763133228264630287644062804322136815957688048697956152441022804     
     7612199227118651923084593308210442706554584320335328468224226851228433     
     0143842701826147997751983088732381231233857433663549190275178896780625     
     1882151863997132052319974187215770361207509288846162736115237119447483     
     6474565151166697155623414223198605492418436904939041443529357337148445     
     9217132744156986825291287803205842417
