     3220108576789212111578176160165143961262399301552854290866336497622243     
     3689944583038119538203823529126672503745646456126893428753685586127663     
     1572377930375028611619068953587565519081585263716562429618053912490755     
     7684260874601275846424512777350522707774122916289306293823292582172356     
     2274914513187122236329934994475467180589979062687239774300058089523627     
     7362935188663164720649242250229603831885799972134053173498643983441360     
     0082368034109202973292867352161014122477318177080325066349216388392761     
     5493318782576220642757894102096344710074507937715812223202409552150999     
     1339574256305464758394256970278594973267500462720100698872365824919361     
     9258100965255507298685895755145731828962042562473003552378907669904573     
     3909504155874701859894908024025760798802988401480712059540198850905326     
     9406396981020651271558467824927232083677192317344382635519647584776124     
     7599433992810391986171500528308487622402815061612593362585632607786559     
     8031890655708652926549147154308600094686163317822110957985595071336933     
     6066400624680403672768774985145757490306530435490483419616666266319591     
     0234613736206330094911482369714517953092404933024045889621838132502185     
     4038485037611951818897699001237813365202258441128103319642409223681356     
     1187557867324619809113545149785279039223863166032975272133238745237381     
     1829698402502407030279263198833893505715442138715857802971959879784703     
     4245696463771346178270878328087294614778280005929688218513526670082418     
     7228910617155263779208347954796080494352347531072590559516888129926087     
     9837991527445780957218930631711893042728369756290199632326129850281282     
     3186423726783277264680927359242591486145735498419390954178259806182417     
     6339883940247416795876761723550612489230961687230566153498848630648514     
     0033909452495225931987330608421734853578154176975669334880956427864065     
     9756477368121412848168872658238118715798884604543589828320299837373305     
     980243691772957939735938936359306855697759403141024
