     9727195166935732288460461105684475395717720928297947032411514825698840     
     9106920593298472250815771209465422744055304605644806254162419325261395     
     1385976296479978079010840687920007584829099639974563768285518181675265     
     1247094537453452114443114360734686688202815101772394298865768292842424     
     4879002917200322497051226171946451650890025193071664008435471181579617     
     7068043944750042785666764888666464498386816796871153994283601923204966     
     2976213828548134479356229503427665611503734602648566466477393009524740     
     0079489998269304715267497039989951314031552187411884521390735672798647     
     7810123993621071034175867739289440146210823208092537091174317630298604     
     1805832215157850545644746485987046649850277686867935855926179713071192     
     2523110951666350282218407711976516887223843765617650679713329565618228     
     4723218227733417532818267203595289250816526101954163069872746232408681     
     0027119161368222600508853442073304131620736107794273790731846044119834     
     0321972471349326463392131411988954542406789563996124895292675224628713     
     5351267905318133749108989908077914413733216434044635579002647999988550     
     4040176713161563029264198063089611784096770022167412396264238240480389     
     9648536055060234102732999548926636535760226366121946309560119689643337     
     1575026380568809948763533308271194129256400597345347923163169491530875     
     7584293036259913395552917228535031984612477218890242234404508135279232     
     5627469812904419478077450782761696227358038167319157270717793601606301     
     9520837355536091629472868807523734011135359998224496549685516223248842     
     3691711725817521767859751004877924734345374163536625305749536907591395     
     2678758549451769974999372390711578419313803851080651149051
