     3500427845109646722794658668393881105485620883948351068149592818519643     
     7342754203522765549465358511273947615806325267340634819676367044076485     
     3650068158361127042574712444521751870304469802384366745366480134141161     
     0105315147128385300308166813476757200583264789890105059212775757363182     
     4513461015610347148015184142559430837830930476124870532654954217292934     
     0256792432181764354424667909685446868923277896066382473061433509676901     
     9487712349591462850414947355880462526029267052848033247123616426768062     
     7784421388546552759642634570953893601474468179155888644657695039370588     
     7685781476482977690058013917320818626199928047133990635103111807413652     
     5295956896694184485475484673218295575057651463012686003791763577201884     
     3401616992249102944927050079860511972335349150795057741478388581652958     
     3065709789179577281612524529988942971062180753474119726755637306913724     
     2590993694917097037254343345214420404600789537235715917150037189420756     
     0825417501536444420011178291462363906684474869364197540330527267916649     
     1862252535031235362963142000475371294250483828358589386177620107513800     
     8483845378486228551296213935518951408560352145497055135446007324160913     
     0092127096990422405691856063300655783773116139823485641526537110300196     
     4342783131388092443749731617535597683776728411914456345626745345174538     
     3992279007434524639083848341543659303859665765097488991393946478898613     
     1344566798241666691617455385338262581172697349334440813152657245392181     
     5713081472514665892994773605461607711058133712897351143143802055214571     
     6985383744768385687082008757866571051521494746158836270118398170878024     
     1058389291754513641946030775788531677921519776901859568134216340338096     
     2047246569319196797296566077008530927192743480549797798271253032825376     
     1084591505296043886648172628536417841384219898817357699916037585884617     
     989274087716211179403495728551280989674341289228553680869853264289
