     1295004557188582726009878664847614218976338725863868868961922912922462     
     9344188651601546301240702957788047353614102567354566408498081903982801     
     5377269185767887415031563022385066075788903362824366326465542850145645     
     3580923737404226386503645157673697196702770344397404888118875569341786     
     5309651966622695789903129074102024905063310779681666856245928709737167     
     0302992672823915237903691147472980464164963381742703731641607757138233     
     0730413582051986721470228718224769682429517470836962507903429307436691     
     0458915321417169995415669523231687441560074227099979721460931333905120     
     8093181738964480523482735240317323183835668496360011491540206274446803     
     9248678681237524781788082458084973068080763197367175928987380849153101     
     2598841916375557439780320751201614808676333429638273535107432754376840     
     7206119197067297408753264653969146445123867232747093545806947740925742     
     7010468509477700384136764825734607391028308594672621651217387303112330     
     6982261309676365462211119427431023074887601810158390323253440655351937     
     8560641589782593979228040685533809701345024317239032970086834492009568     
     477
