     1212094694400849291289394488988280050046186496970302092333748777237254     
     1173245004773015620617355749564198826688786120857778848718041296332181     
     2152912136471389151022161483811344435644242193466529356234114264423075     
     7838005333710892964095530334229244558285751801092016528406665309021652     
     9082856436610729865252102785052822656046814757810877780678352777017687     
     2992037851321991480919515161753933222415239054286773487747328589266312     
     6702251524108672024357606131956957798472190639388003092712293012899653     
     4750216087779654266588833654595629038476101569693167721252003401308291     
     9559621111722393404733042530030746826991609485777353428055771185293814     
     3768151389071937567198379345953094359392924025633341774266221491566060     
     5352289530005441370305898077473027089134014710698075347139720131462733     
     7001106248960321872704695220244725308535226403591683193881118109396984     
     8159125421256091256075454244424011653365411747419913235695725663021694     
     487533680910322910185410024817260868211559382015919105
