     3974176806136091202477187305032564008404357660646922101585377488091762     
     2123549259086455066059502092774769628793918762726266424658563182705849     
     0861831338951988785674566970526765229821707877972371282930349537818665     
     1314633211649830558546678157006363307978202415784718443357795792706164     
     4833220959046712969680310627548069374272316853882570853468252960271685     
     9712640204244590768917886333223413905827592866543931895738790870659631     
     8668109600991452971668573302647574732350239142333503340972334010249245     
     8834213161884141950616313317138114619140587439990794221942632976928552     
     3685833083404507198352734756154272070663818787761464374186598002729390     
     3571553015480126823902907965372306419303478557167946238363759643092973     
     1952242201617615847705715800934390539508073441105350619147794297333142     
     0443337075056162902051932407102087658777650554688301935179579850695612     
     2086108158292573795471719581332287026287669550551693351444588900291568     
     9418505506041560683918407914451200162271166506194014535809341441629072     
     9766984867667231538216582620062100316788265305995388069255942569016713     
     6864192340252487047450913723676881552182204197164943182899654407316705     
     9058803566008564678907059834863635729728135544406599179751410515595328     
     7829660907226958313118583088219813883938139175725689624398891749499801     
     7520439279306886006511715743587712416314560469334491505406127254810807     
     5000954994002301655466203192115055083631510122193977513055250781951556     
     2158960217113186907681941802694181142538571615228399179807012725005279     
     0408445684152343792991194095785779084975486717707661538191974076159153     
     043022554604719912773529211889322295374750404030254693
