     5246367251943434225239315498023020481653007573660170589411993365473988     
     3822899548559457505536773259058057485532661495603916196057106064079564     
     2179782178319576126619350639856977145859195389094736081292477572835854     
     2099462939679259361276167923649207146513345804715929065415890422628185     
     7151225170327513060209666792163735438649015116999801401171186962601333     
     0675029986875539750116772048924137236823756312402498644028317918430322     
     4462681454933372751515768514186443092837591227146424129654160419793984     
     6749325934036791319137579245361575240913888255246403887959388527349505     
     6125203655184280364146866117964685999615945817508597209534389194640384     
     2063806229817851781523272600106560222070102296016706871981082218930129     
     8464496949315461302930752516979727270829318317845301127689643253817581     
     9047563588483437982791518011010602476575305363184562853030040744189110     
     6719004780331583072319145836857159623473913544684923092060204221560182     
     4166417749521168806271722261415870174372790337500586334691491611740242     
     1283306958904099227191930705478409354072523132820014107424131769570791     
     3549260426779745316755419949953809221204943592937286418138131523298190     
     7784218185920101295889646108922054324579739785494614161832335693156534     
     0397214408127752784929113445691975800314189200961577831097868142440525     
     93550324656035534715698942374881156096216588272109797
