     1063502922605533381544919219094605492370293995057822860689101558290995     
     3324808299102282207363172525015834698761058321447762423658208149239877     
     2557601047168728998014802551438203068915613292880347020539293743675685     
     2457297659503438802299012157340153579120966027761848303047161211455082     
     9009604862845476617751772143538705720826047832821433478253751505577337     
     0833299617128610227541823365697474550641373794616911671255215831937566     
     2123724686142111158809295420430579551529394045204816144798741696249702     
     5712971028105594960215424794598885453872752475746593104528561528962690     
     8692412652488533872943891412005997702020638060452400196877416269480896     
     8547971949376225638656051642504488014834542141600896845233374796119735     
     1887436663998487138718944561297239192161097632964199659151334001554038     
     6885303331077402050103497540776595999730545332349356786730008826847538     
     1722829508262731082975049136048761568390164766360389041602870825447452     
     6328987794489072331606341356943235451668648130363103282705973920350773     
     6083195761663072592413472201361944981552177457090378869283099255770311     
     24957898220983163681556209120
