     1285115663929828519450896301646470648521511236666416078688182410815158     
     0018710975719228139479328507509990307989383646001363109996216614295086     
     9070822831536938491227546212135919351234106682922594014702327032322785     
     0986051125891967226851662905077110570387959984985436072353153194132568     
     0444530280568555848192631424873651999650171347766192834312183926925928     
     0269390114804580514787164053166205721031312428127339424330331212605245     
     0300625269275220892461545509317279517516266194239046522297917003815031     
     4274206242583967168234187168625210526906534358430922157445387902040757     
     2000686710929837453597025991236665448349441707265747482992431052902231     
     6163264278211089799935830026143002477387377958313108375698124888919083     
     9294540958075197177097291111564213421048886319166847255131890345454402     
     7116741273753415488325846741564001028472287992669745365362148214795098     
     9935028221687122994074282729113450390840765593778907691118261999457982     
     2317665398756663476646424096756976960407683203864333982782468618643726     
     3462369861158685742172601653896799802702946149411107357575662187035866     
     2692456733425329688113323741138168402551227539076306875353490148736312     
     3449060366325529230516461496025654797926535256685374230638070471999827     
     8177311605468308456368889455448457028909517590884112601464387223609111     
     4524757174014272261736002362857250683242400856494576995349637732521307     
     6247267063213983343847207802717813584548653343648832981334320679079112     
     7693258819316100406250516321802723882268418837883244310944196509391778     
     6737248534365862679321831130913770623469171822102331059484962833379589     
     8586707635464361149691151005788188357292413937321103250323197560777174     
     3518413213602788553784786340687255442329186598198030713869835071660637     
     4756745369035178083370614561682880607261362092643885719063902902437273     
     6790739649205053016761755330679939716085671868106634916656771101351634     
     8276371281015874147242931310666038231470441612630502730570178687569482     
     3380531514083056421083059854488236914377232965968968019320676302158972     
     9329353510232172028230754248549492660220060420898575050174967631334279     
     455256193702309281636610155546262324582771469773408709136249
