     8336848585631497270002518732187539571424139060155400284003822259053899     
     3008834461781091596986909220575434486401203429501489553909672492909709     
     7647139144757019613315575912482843408810978504861957064059025874980613     
     6934473703487793304006072651993234648711665835264828884713667702927619     
     1076122649907759410056755597914816797007995796987510511391719493691988     
     3687677904633237481770567629622841992888976622161292647911933975471597     
     9522469335593502766174583648362416343907630209796483173630511582194251     
     6974185085666404451756609984328141543298076789066403336571624072923404     
     4969304409487373664564058046278432113959695781570365515672655681806780     
     8657041389279907510140654929607900554213616558424233125474497285025859     
     5965031404319812115337939081324788206349969561834848393216861134926379     
     2706636925451008393383761399176635931937700820739785418754706970744838     
     9936870753758075301685559140451869924498233547061813973616744767429273     
     5140575922936320594125808544707008233031563136372251643609921388683222     
     2110341014646010973936925283231034844810737376483162748852965168020746     
     1893747957213037152449835864678184270353805199264800606603040284210831     
     1939849553801427228055900803453067274096472940999971704307166418210597     
     3919262067368735444587676567737232894205886974856977052969468375626450     
     7946672475387352474000626409570667808063162575722652513888863980160645     
     5297272060694093156202428805394353985814206550185979115196970882453868     
     4940899285140852654041295683388648106496024343966709179426757048328156     
     4743178228675108576694358814095024370119334856569201675485708274819669     
     6084617694495731250699371118236492963732686880124889311633005817517978     
     4784424626624394490742000648510111775168506028080213349599061895747539     
     8795526232459752343972154854985079423931326859493252976222849331398125     
     6627173896918561856564792183617925952147490106563365254797555627237806     
     3366301281073799087706302189558862157951971553297818465636825507707067     
     5958007665118500596093043497842113157966399265
