     1691260322130113201111267177288544220264061226335836490810301489839000     
     1320340197469108736948898483288239018129394183006109873970842185576457     
     4773483961288814958698723379837641748841912207160158479995002768238953     
     9546098225557455142291424706425518651486041301445482454568400190240037     
     4784444014087305891843398438182773166886285939201357679904435076834299     
     8726553274561890288442039338179331616986858066724257979901277465777088     
     4147750888293296528746773059752076410217097494553793017990433553182791     
     6133454356425182564307970831619214516608304282018894980332760778061854     
     1816739732954436083110328391232714707079798822081495316288385688194252     
     3843689673172698927170706733410881643730442572608657967274020485136603     
     0912719098015488406872472187366911399058129103687429699676431041340634     
     6550385106717461475697487903630326264974999415853808568716773283253781     
     9158273385020194851534473333926455834721445866420778419780936505439187     
     8175431829908964994195493026332512144983763845566224350118341895478160     
     6120906455718213639543083205006268850664890933449603384232652253422027     
     3198111483212009029409113731751538761801956038528510712324294005874400     
     8971586761867371071005986187492549294787577026134406470367059336702143     
     513623186003324650478780624647800
