     2167515068971286053044092397775635592840384995933453596106171970564411     
     2433014420552101836816975481398405037562102408018450122109925519073364     
     0069113784684507795323507180541987881563891163557086785475494047596799     
     7652993538547247102324450715924808840272199624297446469055793919633965     
     0681056673388557067332826718436794129536880635109749527069375955329787     
     5277663590131815303451763640725936236317773587995230105622460380706019     
     1303144967051668403567684835101522840054843909592709240931853875585462     
     1301751263661886562781735043065419542092448774118061365567395778008735     
     2540083539741965749302037702949276738410154620405226732733558723700424     
     8880583688309214705534415363160246648433773748890481608883883038590082     
     2647729060643541532446721445833092096463495824356539632175480947356111     
     2121193353707308126666255842055812584425772692567701282415521149490915     
     4520336370890345239897616702392533988135588885090811258764315412488140     
     3623685425591021778936098136711066891275385258655805236180327936509146     
     0478227547558784983792567439018103634029328687428120719105137237479526     
     6743741505118427302706880303866481851354757991988941421780517477879125     
     2467670415081806940817983323515679446721556299167414337501078451840116     
     472191172286788490421575790225547359148186543412946049
