     1142396523152058704722048892865690419848718663331756079795903059573826     
     3643588305263964321080516991429937628886229555340146644442744473185460     
     7783029347438070022481096957412087824111591899946515209300912020351012     
     6935052360941727654220968226116815054479002506279420909150370208857433     
     8650460569295592498666443239807989522593072562158640947468656887645879     
     3562013015948418724914975563895558172775083490583304980075838142701233     
     2972435323315602912791096837005273481119266049273337539447269219158448     
     9489590970254440914222778382439339334175624660291588778456250479185237     
     8983091123188299843582163373475490143365174864966432245027733800420711     
     7436059719234305631848928703844700473092207398087007299070606750862403     
     8407888471294048912294153491398930715643640170172837379127969101176561     
     4505869457154602767808098078896642728183168657117249856465545593053343     
     4031899461218526071904200896031126900012267258973128341960809830336726     
     0382379660402261886574952211783683104453334281684425994447306306414660     
     0325190550795043135626949589357541187961576329789702207802881689921816     
     9970892297141706773514492946119363908144520078688154933115038121607370     
     5417531166786634690469206418611524663013854198045284806720735273715046     
     8887049168218552775430263462153552863958542631682510681503749888516205     
     0119694390503128504907762844380405213450702250468248329339621526818662     
     0124762379744668092166035314553541731537245946256422861852573006230492     
     3222596303422943508271848406075099692893283203600932047834478609558063     
     9635072334126156428564945300794908915416528883981444267733934479469188     
     1510389855765582716774490000
