     1288544436006555251726329228715818140960289024273296451854234959703686     
     6501348320989465316027279169543905164415248008057896026641246283133262     
     4940158768659848310334646239318316990326793095938838654833913272010137     
     8593747062886978141008333242915977170946158410057326627306493662272412     
     6343656920266423830556478531618946297991519260417866818264398205487651     
     2991778946939177701534018456100612039717924296161523769363538294448388     
     4515637334727634403522093525123302651756493898696118037322253133243086     
     5605237522777989514959330189849894055951878355931893557402616887052730     
     5510971190651562924383077490325228909461420692743556620636358328300333     
     7926164283980063339958294783679148416302059417816450819199127836489145     
     2036700571471107956583664573046236259716743189882639872643106368950122     
     0539666568354464293607371456774641148315364450698865007882613058806014     
     2348665129223462376561224997774049681550291955311758685282278442374910     
     2273552030274600828685712223487138708320600468115675382520433014273034     
     16554820081381952693857957056565734777852732914172537238769
