     2095361389117133822070855736980391364481241635185787329535296102599371     
     6124711458196826073356881693380040946772233601287661812993800153277014     
     5335374542179532486493194349323242049166189381394720656959910072643851     
     1074246861169798998203611743559641681789869783230187401634881074241194     
     0614022445184774180419193031400382074787899084643928511463763605411216     
     0754833681978798306142169903216350798346908355746609152897127906282623     
     0604635486025381536952755499444457827599326305900168520666973300458808     
     8803702186583732635697059170201303114543935529069220009687706782325688     
     4030866136815760986627180794144807674365630649706906640209974663126087     
     0084089344891859800930280318322127653365899180665053176036213454789731     
     5869982978438071967828725846703654688646711021353920267682247366112066     
     3383597203011661422411636601751751892957297438877948803544034397867926     
     0823376880587249273516912437897437722743622647036183442022169673849707     
     4970014342940090540342580072601785210356999198572950903349203559258686     
     3564066585702591490323684785822126064419849358660165290160421977247853     
     442
