     9734556647547957680976197933229817868640803321284595355144353017595505     
     5215059383127628648012314591634240519987109411240162972030418513253019     
     6059108172608678864376892472597046968276211327017094067969204980532747     
     2735825287687208406295754985080699111462249036373957406836020999758756     
     5809957299396493231314920949763708805843350148542783776694348360017651     
     8861255406531971292200495286908814710831622291247623408365118004180027     
     3253801702656831768501368200536640866115023469904279807217325405605649     
     7302411941889557544710432303927169535259426175045498929431791892540373     
     9713205737981971435693794364302481881178742496049962804748043778775783     
     0223410440022666997452096171616508656825829871425319459793730699744833     
     9868699771145470452958377034566471377066532390975430573147036179473901     
     1785643353000617945309119867269648793666908447243220958250253541573288     
     8491518706333354952483728858985924669444561009948727752582082573470270     
     7553658524238210104669808177438063446965978506198889081018779017172445     
     8096518122068923509188464640349144452981002980702285673545732959641405     
     142274811506391108567730062646010737177682534619106177172060141746067
