     2829630625262271529810467286481978614003398753099935925610315751189241     
     3573141375824662420277913291506745567744672835148870576642755564682541     
     4434105993106475508921895379569392498890577406730856931168773554512965     
     0997886567223684997221190701997471931358250521008456556477936053290091     
     6498227650789079795405559619024234308632484539721713217138662851932830     
     3320555452604655223130272278370494837910962779828706258190453934757478     
     0555521107521777221951048164159272297778765011636541821619519338161993     
     4380048458586065824446953324017440604832200754778655197054149757738370     
     2509538501492231259822897117042649607501028362846719841277786633175211     
     5541537652310917164606408620104045901167757148648400243966956637704632     
     6136245614471007074438501856324620055216051946216784513722667639462177     
     9633789406073245096977877469273193165713741416767827808561902112961390     
     2677016735984730129376998042060473962266270625899384743529633837326736     
     2820945082446867583189332246804463539916281102642252576190488965355487     
     590203125821018336009100195056747870032994722159
