     3212701219378433811287859359945730140964388717086081737615383049365050     
     0827951532368881367257918341497400965359638210129938017466433558523116     
     6120330526917043289066394883570623037394799869093877149084698083717543     
     5419788981485894350115275958539874475022502773461078652203961949953128     
     3884693614794076298691332668924087656589782793094136525869017353302272     
     9430673896364735286235278090278040596170236609494028327846995591650112     
     6857400851820238146571085097996579669641897064593813275404888142447239     
     3165971398388138155510233560212501324552798743957994563932655975956452     
     1337047105474119195401238738858861459409420001688631634974875671813391     
     5423472102251909666965357865381993453032725568514507756889952151581558     
     6188964207281981676276536250471191477818916140022581302964603362768071     
     4675596101116276155641413273650262713279643801979982726821147469912335     
     2303457131011011290950393150910292490569252492621471578283510920710176     
     4365597836231984998723073254397822882489110706370884268254611990361581     
     8512675167791517470211400010348214943366071550553096077888676003368729     
     0335106341558870111331241066839015916765447151795683320457525609646285     
     2475168360335622950279912404564508291156492868352906205084750654383088     
     6633604039083633443463562029899376199807416010422619080240556793526878     
     5203080946642900233932306229967805007887013065013075920315801913168828     
     9627797186093349334001231000966549298473470833724792276488304393833353     
     4572941985671729556151055292689944280925850954014614401216892104236379     
     6002249999200245096459614860923271475849928383705624810625571101564688     
     0383075787139371407386274804585441952810973121101389463085490164152225     
     0074451569084485254840526170598289648893875468064217487814537037249367     
     5785539963082028308989656800337280912217698781742258653484661129831959     
     3150267114594001169193460498512249359016616981741456349103728345479558     
     9950968378324805362020533752452040667110999701841722734219078036042822     
     6037275414133995013200731507561582257774419445630824376439838015465534     
     0735389052691231853109281765756483715724384943235740652682653861666782     
     078256264175021313951140321
