     1069679487922781304603845001047079393471745330800358956236881270842730     
     3404650368010772872203632845235778261813159842004210136161763993296715     
     1597815441462470150965435603585856141128595146077067388732933816431027     
     9546118251431040296729311136779296880422699339897305484981065229089302     
     8858233207027880484787022202601745150664646785531800181265885267865266     
     1906967433328507741877052911490044370783503694134424981093598144850560     
     2000932075616045999846693066377325017283969413494368926726892068508628     
     0473525460486720774732142023210522275863615556259982623899480058416053     
     0017159776435196786610459853750970888491545751797355485646551693070485     
     0749836824754902413696768306730928357708828719325876748082651626546938     
     6667078923233452734766743826629207538103255768557568588332696830369796     
     5253202834002757878495186597163920889624435370483240618223509985436494     
     3564993990903702452433015651630473999737853842791356112813220118099128     
     5251535620398579452639948476949843820172204256197107725312775185828783     
     1478861985398955887193404355349124945842620033439701725280884828470109     
     1266656241218702262009133955194983901372891566455984105029330525690265     
     1750173707714785683549246996217631841323500353634552153421521531281904     
     3889710221704644111462939978412283809511301005580002619703066836605161     
     8949112551782168236963199028831200274695121851149240916442723126530631     
     1147484804332197394431234573372088493494536859850910611843555865908269     
     1353131207787299046191364269893182248297881844269859966393274789916888     
     2127324029421492823094000213241472429414693092377928698536567695404663     
     6768301885997817648393076672233016429909681362881602707324351208134657     
     8498290749003208646332062099366042558034763257333064192208572906744578     
     2352135945672084322815095845984544168360499639770964630327348192649111     
     8201653114183637139850274068340379753811135650980397817482705749054404     
     636196237513609075513301282602071399529270221
