     1352040595519049261761846552968745135764904237112428978713208452353017     
     7497047491547668400771106460028849566616498579946119436166290289409747     
     6969947910112077549729060341292842760073789223302746637634210560163425     
     5596886028712904146588557756290192138947430929718451240053183177905323     
     4887453547283316697543668148187291911658416942830647309896435199438040     
     3856253956508542626993794063408583820193015328491513650271858350040967     
     0940826743034584685159710806189835059889580767724884646743346081302433     
     9850335272325921209001009923249798809104473166026113851997432055063333     
     4109306427825523205295670676379307066104241534760899334173231544424134     
     4507848556964432539700264059897579896856984602384794701771769625103939     
     5007949274988084819427189704738892589739007162917607018360562147174598     
     2521085474286679317154775886393449140917984109655623475422768393256194     
     7730106567613934371563997302883345828175669303469217631969055925679191     
     1280489659113677047485772522015261458529332581848802575020582986211271     
     7983501085302202517784141816781663626466762845900640123544531812588461     
     0218856165579810862242390022754666681634695697726237687942198588773407     
     4993540782146426582741743785282643140824770540467917289825362622731324     
     7796443677807698473234351487823652118402594493857203351398533824704122     
     6605031332613634669250764016751887443347680638446276049901441190228592     
     0312200809290366109249446759511150333768761621213038086068678674842439     
     6750537916928632935942082328512646044134607236410261188447894399938369     
     1095220615187886376336053042154425501085375163810708422527978349437770     
     8454291068618195700102959786198869332902557263376833642285704412030049     
     8945985742827541376417513159911020932958452589582009906867937040089067     
     8253678700691981952766357758006985658101752583132490170230840496517443     
     2
