     6074566973593001181960861153363012560410082549183328954661020551789217     
     5294286592536244542670983563354643555163781942447907845301968894677300     
     1731911840968196169743554595803901409234845915328552252446169655798249     
     8842601683568564862320894578719748501954210014858086218506856707368438     
     5149682277047043904031571391448947927731116667096761645153393416957912     
     0026851315652556936473278255548538421595228361875757676303043874185957     
     1498575408401596786301258283318589684499429010416430744432373249287510     
     9505058042918024943749114896985057837703720308343762920005413586900485     
     3796911553397947555435861965738776350885188004835898636064304296655460     
     8100550164552019533692591893835207070743098139847977017157535199535550     
     5927445021179762249016140182279411160165599032055938013214790330746981     
     4804431620255190287386034595255355336693124020890550576684279219052401     
     9847839963535221713370928836062806382444173419775147817593613442191568     
     3866266687670163558032384424990518475114871501624377512287991415573948     
     1420804394416247701538866205962703728254780029920002660161284486443122     
     0660911868400810342757079608402309381053711666700073165882369383650661     
     6267844533763535937535808743271944216222517887631876267219545080744916     
     1972605391264213912226149801356762989511925033905584259964275837078831     
     8495130065537700590675504471378969023574797176713001209098498606433884     
     6748506462450536616963687292917862946060106540206476191007937971026248     
     3853444887071302529422634961998819747616575245346963112847856053868924     
     9945523416848002263254826031112422483396211128914864615362429666203028     
     4013474285984764289986041016199509149282290706982394244563947183976681     
     7389053505375291287365338831147135025766971704059215501098452376859248     
     5206486468579198753021610914378710076715342939708496867702215369804420     
     0169252486050575515497734419748870427640518871462148853876734815980715     
     9109248920086451673680260264017079715109983256771507288983519521112408     
     3552311844893027621292450180347569336623935931195659892864420519962213     
     2787553322272172394519645903200819004827754083537011
