     3725495716570350483267350217909571982689709089027756885868586823628123     
     1468325626815487651933942425766382397314821891619750336347242877263929     
     0591011819658783570884659970243017417374770727509344639912443874931303     
     8740421080154443977333233604642732259972482500798877627035583057527864     
     3510661557772031979247315126966033434731090314080497430184259480795645     
     8217481258416964466909802041257302182076607846141962655994271783839341     
     5875434813814977793156496670737395582757794844411994102774847677294572     
     9296010326357709132215497822699596189074886457753683112463360340855640     
     3301001468883848771251542108564160208654223577873447463123135045399039     
     1634729572942949813978887200760406700422006285403781011588063321331932     
     1478901965047745518194911084045085621839113033985761272624064010980306     
     0038727526373356743903845403850952313154117735331746266826667895334430     
     6351286274864531196400661970228235997807153758504161858610004014550150     
     2093320697166009473731995585945409813087405749903623239527442262830500     
     4619748014498529447478785333568802988736755568147789357245567052658868     
     2272806498346916542963140041836202668455615447098883431504503262040023     
     9700231226680580853505498661647681674791038046990025495651739561017450     
     0060263985741581190911875541034414916071682271272030700538767142714655     
     4586326816420829903719718306641468628421767265357062350638783460304374     
     8772433679825130579056347457906834305616697671578092657460500378211001     
     0220406299532038624794834621561219432843935549034042778337916591441997     
     6827837310318667074275279808369594009865752291070776878525116927422737     
     1050348051433570384673296591167921712638036454299740385938568741851955     
     7225430318457374448488663980033823336793040191295390000092480472579520     
     9517351122098471760613853752500320006318286457952243602519995726813967     
     895889935237536294105805009208210704420170614777
