     4543476727621319677895792296014918607303637774657547692551421983656847     
     7248747906180072931262353761937675617742368771867870414953293391902792     
     2585264930604849665955705509096671650015186504082992734729840107182516     
     0564118152023295183410239071837641861828048405725035822390776277843615     
     0843496885769796141798948358723350210034159225048057114693746932346075     
     6639726570914631999004434426854218355122457603709844102395635139008797     
     9721330122292251287689899819659004373908538846161210714835973043726906     
     1762634757789039548897182975109427660036110894294851705156623328051260     
     7622299914000710707306248464942967926376654505499656646767221520040357     
     5583611945727525686060649680712213325186741982001297431474684004943194     
     9403555456464246840568130431018964334390706061683657785952416621818446     
     1743607002881040820225535492410879221873747004599819354876067035673844     
     8190237859532568434389217752951984292661253964721232236704907637954899     
     4379551129454292453968765151747617709665018481165233902454238632116874     
     4456891785692967769689446657121344719756490564652904477612272871888438     
     6137141423482583900503197644546969465414217459914358043966798630288276     
     9593287304991611462411973632198591537938707716001450237207261619815262     
     2274351524949959260371934353913349168367496410085829333211259231183389     
     3806620287653349602209370589914040365527096993153554619862682782660144     
     2934848147526191228919672282131865208636084723926765427667825035500318     
     6415939731583095120009752878438285905643148057998474665206183970515856     
     6630599003409094229993658444699894665277006722919122381270323783144168     
     6295404897762776951200982856631225287959509227098748504756146371427334     
     2581059006471074021315569820806169871309001933685071327957257286743439     
     8662820454997421229933144781046021748520019467570503565545439783234799     
     9619472616021391009107864344255643121640178533270642551425722151712104     
     2827596517579153814935838272143114917060080213201189528673075007863314     
     5718496242807613717599102970166032606091079009100510983694982629702744     
     4388884705520428394553349062826700417451904724107564613091095565818306     
     58340418396255777911383590764277581
