     2662799331171554348558633561340156337572367006244909308200477534219843     
     2604520709927970016876114955380842109501672894192929285653391226028069     
     3901657988089403836411051850090425945411179666424222520662076974443092     
     3122326251971637825941664784719853257696060865306188252170968733695308     
     1268822447770556088332381387142689205639857236194981118206386452665715     
     6352069917775757127764654208597592214947874139152471018992088131784458     
     2503996144581959956455590147294283860230912168923335053466688478054426     
     2221227717298500766810456049105291851201878411046245143197082712285827     
     8515840211510946400449042966097808623903287142119776208255402046856103     
     9898427259585441119192004873222938024891831031066253254192107501664567     
     9192058944702925783330256012019846608774497209383690661938993363645194     
     0856608009411360228904870941165085578017785270697939928285165201272598     
     7653812635958516161035171018975980516053552560811893956602239155879122     
     6521120982770058811245333890449817288895327605224623739991535576074966     
     7652128463343459227389124782741670284134851878397513185653230436080128     
     9216492033613698046619940732743210561905944686207311699604893994715846     
     3768762817543172031878566448153400644834194853116781826249216482888388     
     0109620832094141672701661788056535561807882353728919954069814002665079     
     2874276671192677794444709155792662685367101241959347098828125774450831     
     673517583
