     1293046677297619186019954325715431233958323401002816880310302297714158     
     9091519230103019432153837667213757591613885707187412343767635431809090     
     4541659213783344017571707333498662137569280802795121243710456751656738     
     1137589524099824433936209116269267619396944732209785760425557400643047     
     0644667104135158915056410136825481846795147729834912447571281437451666     
     9881455863660363963808175908878544231896109307190506896654984704186811     
     6724279060377068483970896001161958787671375150409880015184611993198926     
     4030813448987087365826044270952630592771613623966878897562098489020628     
     2573960727040313885320081616384217936052822969746316403795548024131093     
     3413654155991299326806187587751763982150158609829785500277513613131508     
     3521480724254087127789875816263226868089718677215709083237875631588726     
     0565424719263164901050329036735520987499137417923392133881957297276523     
     1884138091705681012015602878202599109185079147756886487473481260335476     
     5093038556246363688312631083759515357260423922071173580501618095611592     
     3924820703291451288609555357759994936380664004948991659596376361502868     
     5519239425954398342278097791236822419164143103910952439019043323516207     
     0891980739694610485732063282764162064712564151807139811134022810283841     
     1343397137934711438890069658372529629882574353171248117900675227056033     
     3027797754051862829682413704329142377350736916410433106840909637647230     
     1084005582450430877747719717053802789570578409793086692560005068763714     
     2299620442583044647467891239886588951148727350851470676288901796328297     
     3855622708010492725547082387921220562588704884394540413171210577374916     
     7715954131359457653025672003097253959300725975839068095243294705827268     
     9835724150647614349477662024743101883867718672339113218085633186690710     
     9403132391531511683176977974395507484093063812248697349484470517463186     
     3977144027050737466942415893678849802629236337099445414480294293665369     
     8509118148742868709513537815991030243475138877540130804460844810214619     
     0879194745011808568227712312984690649297947333848966144453227036411916     
     884201113239902642139720884399963569756434630553965
