     2816627350882336581795355094906090297438505522814088097531925219425692     
     4394792491304622363377852652629461784656488528009399646819102531451385     
     8810356891745869909070710637154955671445618924059172749038885937420427     
     9819822604841901792045393323715670495658439071727941307108315042096166     
     5845800247985994857691932665555823336934827194213759227153871551971530     
     4159289462070574858962128874774754260678310440293490948908358999884995     
     0445216865521925882409304121423249517860743131666011742842210864471479     
     6428889229899725319793456719034632003897409391291438870649361366614547     
     1834707195069079046011505820531049829613127003312228443607990028766795     
     6180659876100649325728641653279259640999688201661692264039107248485704     
     0128263760155392564812505025254359304579957310024135494529725952488819     
     5111925597627032233575078189583993862926992313328646782728330337609513     
     5142790362687263151433131362476395255425867929691740312394813705697293     
     0677235988733339980512299927003438975068111004760790556792630467832277     
     4286951717534781526162066490924013812194971776047523668484194360623039     
     6711635455656332232143815311856416391214926416352264418631318048883665     
     3420004569709667014200773280219067663067351376560763225343755043707173     
     4186832566534322171984176435884877346273471254879272744149324876960423     
     7623301682606244894725788564766532149031761746690671510193820961922186     
     8636338667390249603144822101945514425587677903922888871952881775872849     
