     4254128134392607128681220130933159229390037790336240778617688879178925     
     5000510266028777133614531047013301975392786650193810712671813244543755     
     7395181710875905009866010881148561556122004969760759939845619056390534     
     1597949492408843369210174902307970484517687096866436395756489180604439     
     5841703838135581385587737075402240683768090598853860316629552773891059     
     3886319066188209250220653803541183970542511051729918500323939765295972     
     2713835505081696118881537475425967333374819433133515096395961404030603     
     9240112742838972425739922936245144202279259740382777755985204838061951     
     5798317124246073567990041924063714645953954365672501403809657516808249     
     5385415660374801639401530115798005651314079668123814305453982434598244     
     9570107768075706980239090709369401723094915955990239270682359717853945     
     3034078677931550937839344181033366014522006800382874552360308959334938     
     1265935180182215932155572288629179104841668296534419035169164163286376     
     9714347564433622820392484264981795519276133939278079038502097938033510     
     1058791835920663808210442008045306283933928435694685006211886412434316     
     9073032094566624098679302118184609018362087610073825234577712
