     1032473346178561638581765950433484532947959431442256546752964157612373     
     9738672767815216830346402335826435786502180886604191622700964981004830     
     8494569346611818096518830931101165621723236986567497100694586466249218     
     3729160814528204506322151991128562543048453482807863525631064599795172     
     8242841558541124386046330213261526315967138884729647882437078912600293     
     7504160594938823437274142292937318055981978194975961382968546610341418     
     7488182970934456698067530017680330926117756551022458819163410215103138     
     9256524664877277110540355930731443074608251566127792739604173668289651     
     2500865040234641222156783167429524637515919305110675378634482249296515     
     9234025333581128686721921266212892715982619611206549411800292356973603     
     0469275543111939365128182124778069686585834522619598826850004092217945     
     8213746224610610040180175230316739646034148993656494705686466379365407     
     9843811325207755541945036639465215091424543053083051694421284191910959     
     7442168674163630842398817929616075834233950736346287179300254418243958     
     8239009409630072888530889462346683079703455613821223734103199011551182     
     4461929820317381066243630736024334923906378731602454665934311566547054     
     7626875096905370419449209929095571514736981706090595330616771201321152     
     2407138142558905775420109779928287990803929284667870389121797201792920     
     3183103880390087280039982795491153941713802982589363728219340096608095     
     334492796932521569085995246917945735300418110531605
