     1178085471603474497037115435976972733849573953265296862963657126520631     
     1128417911881219599453689058734571562163669638886990798277135596732895     
     0721051231506371883316765375932821306867654032086037741916288613540964     
     7097644694294013682965870484436883924751856772976495613800562126606267     
     9838498700841646095580875444013101225111351047665827794090210934333305     
     9181767143569774082260713850443107012015696306907044263005884755812144     
     7615159554883196696412665856896902350856127510606366257503024649872963     
     3924448420662897682712860308845347130491955205985144116391052612842873     
     1536610789832939348425891329658271429536777401625778398005894535639039     
     3838295081906901365204339611064366231553010179396432901466581600181440     
     0089562509182870116022191496681267857617324384939766480490235868400854     
     8683791983896273949790490871669495638126999583399044145702593749903220     
     2313361990906716875540168671458379531589318976124405583092090256290968     
     2301420781771164037562446061142159964691296675621464745903597925390178     
     6398170951639992067100884103034304555778957075719833249205161983048480     
     5324551502676081956010603926942142422277399453610756966894221228547345     
     97844786262837653582901386025943240977044370734471480
