     6773021090598879543759353687347784673992025521973476290210601536059747     
     9969044920061821004937042695307277153842947272451286779075481216590781     
     1788346255198712906299659748468330175070995101912352108789449600017387     
     8239685789805961660333917153810470019445191944877388080633834651196651     
     5102721502964666629161939768461675121610581506982785605002691301468773     
     2458266522013345408728155119510880535148302410486776985796207816012905     
     7067653588973672108370915136152561876752153000710164633730363581634666     
     1873451775981596051781670442390039870727932134991354897105644039457200     
     9545980645696537351579168170102662430802429994014382434529656776185771     
     3294306901932312323899876448639440362379510500089715092358207163843184     
     4424937488786622451778504776665311330257028471207296994253432313426963     
     8475005935336781486417927982814465514639669700353598473815510073425411     
     7873997348998917243582824147230076779810988207542140146194696239416082     
     8091602013945886617601218550945879366704869893321613162868271612240599     
     3765184868088915050732143055248016615602117611365618485263106783602948     
     5170392494466020130150144597565591373988864769546573797557721262210120     
     867792157458343187780087859806575153432461
