     1230416766467412359178772352958054990552746265933836325201827747782741     
     8890659282548768330156905132075466573541986339918042112745662149452852     
     2653487330071349361983839527246983189637573332381539064028214626960953     
     8267246336942477212461494428028666758020386550807537924251028800786389     
     7032439089720298655072720686500710442903062815236142607520689983473694     
     0330633987029586208697195091243316603943982275711070749374531697944034     
     8984148650183893118070641343839236996950379507420011284814623286470660     
     3062787453104787448750636524746998501409769377682023114424995799651191     
     2011800336204759960138788399086455958743758983011560617562088366786685     
     7834938997656398607038547938966609389516440911233328197403987846595831     
     2635817894122743962115195003270633527405591863248902257793166720442113     
     9799360884780932758646081378632990209337682480680587906023397496571036     
     5090916738236915856306250941132626980745405467368666241049426975049133     
     1770538709046371280925544601399483192304149506543429582682316066821246     
     73269403531852666957923289
