     6936522877123042842870071367667248071916411176888716219455660444718737     
     1854892652079487085186217431496247018368913182832865698848057381738170     
     8124220564431357195899694095841695629881559559568943620428007106868951     
     0024551645942364434119940641221652644393304153541425402528224533598097     
     9408529910898695530098524880605245511766762781315134930936024127527303     
     6533751059085942560536653839598961050659216233112129575003817620466124     
     4860817016416625018253689808942484082135246380964738815478507921205768     
     5309569996326043787042391501395689755649556627093341864946463644662834     
     6808604915689446001791807887474914505431598303292954820122419933658264     
     6287256363641194291131736063847711237430549642058776513035091016465720     
     3302529656677897449217970244691726778412364920813343395408648304492277     
     7824742845573490319580189462281514574918057793343292230999987004710138     
     6121857092344984506665076605049708661638836241149213634590039528431806     
     3203192986899201370062843964465039817319420058918536304367543578546325     
     9981677649248185105351640382742038992560357907040675059955841100105818     
     9403317673526688908201422438589121146505639774606493207306000315205366     
     6792618582682873544556263369456519812234557484969558167989946399281883     
     8292282455310544376841670989185468713512013694228218538906110156146134     
     34239312171107369680427385700509384916147563750488625261005975941
