     7740196918273471455750893095727080968045215901064113180906481357280248     
     6158247237360888679148998255314568966375657266787849659615790817892234     
     4390236914035297585724024712688184409258564835057367833377560762806378     
     6906105411583918238299613943191791683944425665168267694670982408851305     
     1876970885264029942714730500166140076603760114191829055610260043626598     
     5351317931577061246560512421024598133393667272134023725791630163738406     
     3521457374958364237144597634711872281484143227083460456079568113468534     
     7718099004968527701245591997776707114986718314755048768212240200547808     
     9143228189711346158124386222119096456465632658473538910052107466988797     
     4660203877833366830199762017961498893466073630637100261356414837072085     
     6429762426044485763010349318217425625559011183975693164921342806557713     
     5208347993005783166981514016947602803712559976386946549817628933049927     
     9946728242158685659819944863173811083762634739480094309720029278030783     
     4880930329429515699368402303402638288365134032515893948091762000860276     
     9682037320442166594701626316598586535508360347765682103030787456829360     
     5385838033536618976905289785343053440761154342839716624243842036770093     
     2645567602932765582262900341716281631882091332421338819271091970803777     
     976480684040556763027762483449129133334883214591355033691
