     3655919043437596020853017779607352261154666966106080037874549837190865     
     6557487584318487385799452136121327174030275220215332391253703561308994     
     6048677904829970230091697082878283031270861704142560709515260569053788     
     9974191130351617643304431375977486801000767450159719807605078389881818     
     5375027873272905819545762590375178618951804933221175763947185304761876     
     5204926837746561888971707471975261788448321018838976651054756140427123     
     4063735584684927040526059080448497328805184836389545183295499362297499     
     1124641567175453160489555915003806466963361207765522541538847208238166     
     5259883400751150003736071564909599814042077855510234367545422291263215     
     5092025690733777138017025631486750565391086775610076987907353945865835     
     8279833786150226567906439336291741756065758904469573450639342650114073     
     3548113071306668846000291334225878037155600093522718489651996511277001     
     5384160555775566540816678970531630865805367326907028187493230783593241     
     5088452461242942850910634668355243766694752954095848265554236934912905     
     4086588519279371750044459525802491779289901053642245620542839647117493     
     7598800669534766589344266862848571288365052519382828352025257822174700     
     7285522402833155864878353806273476321667128388360760426638964845187548     
     0601138485225247190466087903095776659989190651230394010908201880270543     
     8732398995934299170454350426031710722562995037090967308421573927030293     
     2838803841761572796100849978173388940339595160554728767825992807440499     
     4026150254272199931547375085653848972504692308607647388708785680079042     
     3701850353056349647139007699800711461099157625642413799889361329146180     
     0568816462851539904026851755116439831056101485309574511146771829944292     
     764003893243182659292227526852175946520
