     1047666355905517510296244306422011206193393324912643312078734310193289     
     8790009737502233086569539314142375367223198974212772372563784527039303     
     6290850041849233743878808682266691220331833236400692160280787075692992     
     4173822552576631118424306576264560506304741756248054563593731951338792     
     3746021131283401095170338014395838372819369405666139226473439693735027     
     3618144579995380342397908549868836074275643932222782466506782623062939     
     1457798379137280953418167207661622621862747468909837809568878704553676     
     9742293354964955182201443520209725485630981097007670544289567435169231     
     8687215770710474765683774030052120097282225803867679733140350965864628     
     9574107516874308111026267913485120125978365848715769734033637690160764     
     3761762269158052869823889840633860823315921249486359366934459761882905     
     5644614742840362066165944433563216844753223482155074694572254974572648     
     9063246662280290171507537111357184137295272051755457949526894743121593     
     6561808813079792113551675053239142511924912312339872912725171972725759     
     062479552777399259883317186122640399590727394909291703266
