     2057041153988116028586702403573375396132697320424863299858020505221683     
     6776192227299032877744904383566684931984949643374285315973934369476969     
     0842843075046212610393980930368268301247802092772462693996871939445977     
     6821494610225910212144326187112456651474972460092194082836294049119290     
     5884165038435727038342670034636768515170971991446521555449354549324838     
     7785894452337296588216680129313019786728907667871449941250771079876607     
     1244836425510535879139857014808934454280517554251096501441459513848580     
     0468026827256432995328134259393487262324694796875155457138524934824165     
     8771707914136917702188876620097490759514730564018608410584918921508771     
     6200458682435096853075451627145158531096993661650767775094648953445476     
     2924340321437814967082418033325817763522044849113973171960160281425389     
     8417574659490189645673892544616517202889066562321809114075719287128366     
     1708388139630191817601109442395242407703710543029761105788508764498183     
     9134690349814193797803170595613689319150156356221536027907771706799649     
     5134936859890399668801411341766298065579987698733155322343157571535741     
     7942980009240710966232172299969635749680095039775985065258896725374066     
     2422530151614904109378721637069609280442156411804382605779818227931990     
     5244647679576147071526074219354101005740211833270636785558842359756960     
     933298002820841009161419833154
