     8068611672355766711127526494111973407857706923076654908572047175562759     
     1187933586493050801466617008509652127006546094569688577868088272765473     
     6619837548308653597056247326330757355401160172101562350880950346399308     
     6928673652404397951629688238479271890642445618127273989341828967373239     
     0305723959738004508328278899157828914126975459405114637302929987439015     
     0016944898206398265527597420045395365651261388251440922585561347236918     
     5430089230584269982653100739827380715968082883919962523657057958223256     
     3246958161051322340563431915946888622432218742485647021567471060976708     
     9572851256091508295531308856560531602508811728297166193407636307569991     
     4027009747227298370476253588040180666171316308074867728191256544056641     
     0525214958791742450380489662621954281790570648494471436029975219815092     
     4418042409663970853363276042631747667321708935837599203113659937064938     
     7329463064122764972779556107671158151457684114391067277638339055452441     
     2530042305072656924026583140809603627327167388342931377757838313286254     
     2774305671807422562086921104406918319172197549489213260690322140075777     
     2002276936060107010861453187936820860495444478508594915107446222475666     
     8699401391934712613456094154044881422557309759271218763492298175432898     
     4422175379880759384111283970749888129609297132736388684759471465293484     
     3488514103956060835411584791363443423076000826675656562244559037567247     
     5754595675707808243172589938997452103741045214624095510375893106221851     
     7439198665121268757615784086148527131590577416576643711515195525420461     
     2344851584262507169298959692136894868473276783874528203453840213672079     
     5638813277515837979776464733152222093270296485254444176082987786557394     
     206176049448882374504529474753318544724583
