     8979192488224828591334165764721821552066851686510034612931161462189998     
     7102352479469520536792370258749954421999270585731918734883766067631839     
     8457995441647352566892411945237056106140134983573473926347986177612972     
     9257731240445404958096965163090506198550704023304095043965828532261831     
     7124522861230798086344539858517859240782681071328252502099205762482040     
     0793990585886067064540736259431451676912880178586793085866752896245747     
     4660455812378860144081130868670627860955084535282824671898415780372611     
     6063016901938138429862744705266733219458301597687866746700804863365866     
     3915672401319477556221988863703570077843297796686164010113417239660220     
     5507057699931668922753856967145483265456889427229433041961598839285700     
     4965198059615181758323212749895316359445536899645207246597955078086820     
     5917139275818393548395027739626940084534928016245474679864874970078268     
     8231195012506080562087333176002165211191880250503816472988965191405111     
     4154573023058909980409865566459831443932468273448743661524238087229302     
     5646139074405732091085291648002535206742372292099516236622383029292470     
     4257773388329510676053926415697658074011365259149359706100446464373160     
     2958566409072988801599044526690832402995704636929691221288547765249526     
     5063295502254763552094618190505940455618163497743481745918265924695293     
     3401565031559379813506227218131779417328021271218991815616965185082221     
     89904398308007296589416290219214480004512832
