     5984110912771529411294796508609919134913020832148354578001270218273803     
     1584825927613396818739669281138304893311680553368414114079775284006183     
     5013513665070042080731624556139917055010611947266605110130359722083318     
     1443552018403302112376798340671447632012560649683816201780176214687505     
     3983255910372721611335033161638572113902900225527012447904153753963919     
     0392965949650493612793440797327120056956911063724714451899296371016976     
     3453151667632964293342626752923203111547033802992246755559702422440238     
     3840287533237534610321143888215828309558211904061707030725244812287819     
     8004217342396684706067836033154210113082818926124431969117954814032255     
     8969824983929222336127524032656221802515255506359365497697711842542550     
     9158860596424022398641898663363360091280657184772972912289518650916483     
     3359439728850126131471919982738173709701664406498156753036237404526561     
     4650370145828737164519820489101668290331510101510525310986220690772677     
     3572941230454170364459448749694661453372728622933653173621538803615742     
     3102346996325046547594266030571604002413695884565970509920404645608826     
     8239030071205185299823673725407699214265070395690055306154149473070768     
     2116818561737304039415469036029104400044566449992327361092420377672067     
     2676695922485431872919571926533453082309564453825418077019510430324849     
     2897898285171029813957821020417022093008693131519776559403419851401874     
     5025518330931933888784714704224822915237633408957081792865862492162320     
     9068027704762034805469653678479179524489953372953859658074069681067618     
     5153299221312505357333252600896936155289243680491756623424860416560885     
     2277741632801821054044562626100258910995127993080494168677016789895764     
     0130207264938802511506240202519554520479105237842684307560812338634624     
     6877022869751636278293476108172061258603271757726802447815831428111149     
     0856080442524963709911012896103239724297141881027251371639332612956613     
     1533235429136852422266882931130661167642208266112072207909293452288972     
     5500944526196610515072924512442263436380050636662427009775907606785938     
     4243719893
