     3436411576234290315354948328223361376588592883329520324129645214638782     
     8628552903036970781126462124377810498373080770448781379372692308557498     
     2546163820014210756036778014329566453637219501020490321851199515926003     
     9505733877172612587259942235775581000282868281063067958850524668019677     
     1498973973819069271490776911448065804413430732040954256432446110458733     
     2970452222142637702076629800392959753697835224588067061770189568181560     
     7160924426879220178524595044109472598828073787140266261347053488025899     
     0092783199528109093809634330332255005639810292921891590630879609219675     
     8585394305941895097340568720608257700550811364787458903276128859174730     
     4514813210514119145159201974216461602179364869220115572786755176974146     
     8504540531605781815271394157155262614868215027663630400057779576072309     
     5525859620138609823721356894554706958271234772166363562618559741906517     
     8303742899201749775914328987444288801047757828056048293590559055165726     
     5906549560613125825036204513735768190186541856411611930178016673834934     
     0639991893416091282124568577898724366975021015315658985077680851765191     
     2073283004158591936791564123094707041573472976590312587976710606553129     
     2592098402458472947551915048241744323962856960637120298316557086075398     
     8321043843033203076827499837015478124838016791687889560839970034571258     
     7422014941183691938943378620464838273548770462565940355048473360075075     
     4088540260860087556550599752017389202718029323014205537806527725728964     
     7800047615233866080403188744628637092949188664945792719168482182344694     
     3806362511160698483572682918701979637837386585317183573482685325462267     
     7676517564262823983259038694782668844667261559240698331957126957638074     
     2650961328692605261466281585008316419235044681804158628564020559266557     
     4215157134427163406868128585776243723829083045888827361443249408416944     
     1316782328735501764215710910260804432142949099638122281098671338663601     
     7917537777560521838499841606230383521434369146016318467401484980805479     
     9989312828049930470166066902363760766610574378973995460381253725686907     
     6776426096834282376350538563130987433796182200908705818177364042535160     
     95079139330774276043357
