     9574781147398400389099236398845762884573339514675375573721147696811842     
     3792851897953995530267896308883373291504579737763842783930503153573527     
     0834889841801433680790352894027028061942501337971152518462906623247682     
     1992121246139729927136719227970025466003642600470360735754252008672621     
     7404032365171817567194996362907267085503855917718072227793934047979013     
     7273991495847003892065035508588812853614854436955021370696063396752644     
     9726759086164177109122176923200716674807337455302180152914970083682096     
     3030410218706245767067525701553850887630537938939989414782296504518966     
     7917408920781810919279185264357360323815907750402839221729492328229125     
     7210689376703916674821692737651737681365128182432361977511779438203112     
     3124886722499960445602364825984924225015530029446668919503650704813376     
     12343545822498
