     2005517663535405849201022645900648631287299283346177594503348029843790     
     9014914373619758064003408238933512668056690579042474463950371875900702     
     0202287565484512541926241494336510987754297397455144760864950406740629     
     4982832011190098321424917294612373473577686715331479952469451944173518     
     5901513265901430122422735088456078469648880140274473250842224335621892     
     1083611674865584766097662415787110480403015016718634381786675858709834     
     3578097259277392170738539602326434010393798557264847504236943963335585     
     2990815719168754549426461976564154397212410609859965955291184699610090     
     7347464431999508045303735020705718545437719565448222270993775768793534     
     3299596487135955857272946394864924797678743831757106318346220141611318     
     4040007088581335798724087807280517576979186201641181084690883389627582     
     4511737883511290503725053712381701374697063275543346415805718189621417     
     1757682183605028671823349170673313716903407091347454018782085997631386     
     1752762057737074715123126381581776986620664723171508282268655588487949     
     3060490960786603981579016168567159380253586772759520955876361464928924     
     5246403140887316514993418337805260141596414042241313584325116266236000     
     0986331892816721468758738173920564790755127470433823620610973343297071     
     1329727287025646124145827509327770074069959190833549222196405735963268     
     3674590592062877292531517458287498526533749582723717123210565376173132     
     6433132032820876245699947500215809771743893640322726631429402044144037     
     4304758371208847158481728354635733509853842137222693849259943544908489     
     5632096126047977429636160517955229419531268049811915462495303301156762     
     3742730358085336613388058515662219032295544849307846717970277708729049     
     5060526590588237083839022594302119162841512749418621212192927882348167     
     8379120940028958049606384692521757384606247682055168892927431371304920     
     7967756001045219455584205636667348298633795592751258284001567610082251     
     0876210223144902615637121634625575099803638680218230554553100877556000     
     9664360723814369378496292254060788824166330832893383511838516026512133     
     1747726577029268008876527686323759136948490017563933410945659737924081     
     0172569112789944418773804919353544943096399508745455650
