     1036046183434909701633143592807549822599238679337306457988210301819488     
     5965758175932624930872344361873693043575474823121061400623736608174683     
     0245203432861731209159852280828087764023040459518302118418426532528504     
     8549824698333485798432880096016121140876888842874002310776473682484851     
     8421494897080098904467025307374961676788871842591863883254458777236020     
     2688266929436382172931978716052824352224954972068201927921112291880719     
     4899062022906454760649072771200010357422555171013098204682212954560243     
     8969542969964539221589484964249216048024642473543940750096187236037906     
     8127041660728700967919119374516151625611215375171987927097803624990649     
     6562001998415343286302839071174353091870556788802614418609182772011610     
     3068923296148901768805431273880573712666731915656394065780990584927479     
     6137366751903758977242094261492313776870906235564137358475251059598843     
     7010523342027382965243507179846076047274801303242529674898750227471645     
     3573036342295771746638209813538648404317727387064909184101703655071547     
     0360708585668792728660143045739469498245218820300447054456708784537183     
     5576424063787076314902720799518580529562459580318985
