     9097547590759030423867207623553260830729239016552406042298730163179224     
     8661467375454852968446588648852241862856930352781024760669208322276044     
     8481903292867309512974449892634160422821253595749795453806259557446850     
     1885749083169121580826694030981692147890487885905033551276111895957571     
     1931827114187792380821836582644161725090726738536701951125581999268128     
     4058768038494263582249277760935591039349001860824695632382315995424111     
     8376697336379311408564587169103287399859496292828838382536525419499268     
     4225223378076435220405059891007718166010904639079750155177263641923906     
     5379304247620727051522927473709021708355339177521571436757645055298040     
     3853017028713124588859539997248739836389963980182547620116638848356456     
     8561295196447234931156610925936697477259184510404430136408556646998678     
     0051484891864316058640966821422557730495344794512402180464059922852838     
     7482171327461899389797993189032892297678615741336594865007648905051655     
     3894401330798834974031034570620229517254759119989570401401167753847094     
     6468160805785343842894708217821145417307755674383267591468560512803414     
     7868467993813222592250824696079611288550819033794333936555534467196239     
     2318460609996671035679906054296382259997139968592602116237360207665761     
     1911015362880084545674270160473576558351506312181397679526514117165202     
     3934311353018862452911395213887454493024304385357979997940322360939489     
     8218636843523173017618178730432729533552344423668343537209647852539906     
     5525305993661172278474537376494809024321918112086021355651531446691828     
     7452937338352292939937513757694278489507556291788864314691549095327018     
     6416357079363940677144640625682629416690203234007641736627254856815962     
     8857547791765872924672101912802416812755106129907000922879936754674380     
     4290325941469544492789607827123932368788772879930752279172453658578502     
     9337134580840156854079507904435990794161839687075165685366173824833861     
     2320287719694912323547745058648005245720760418386264613815355024080589     
     9288078320348874488957151853859106357771853525898199839418903918305606     
     6943498791435354478072555127
