     1522101532256741028129576779239347834743451851595055571714853594553964     
     4201730461521585982424149237305989551135430858181302759433349399664465     
     5136863597689885663604362945474306195825332564704293702078256729323713     
     9394372204003127398154150344411309844198205071431427913561669030863605     
     6249563708432958097265459779486722641443066033654958266351729218398156     
     3787606364169411228047574873879908806410620034286212056732647045962857     
     5218209442197572162530319997857159510274544644937553271821866892749678     
     4181084013412818489954196728555446336196407647982365580843054068811685     
     7737290129688484494526706454657181091606617850630460669425729057344418     
     9157162081069656099805392184049304674780605312194395725035897649806203     
     1124330490135466490007494101688646139583246621904587643557975425905385     
     4338111710865347917429468442869233743159383548637172015935590514865193     
     8445134623762426933158297571878608055661613434540038174967402253053087     
     8598235767683483505045546226448861578559430844259423455526556845804367     
     7250090430647635433219954670561064980540195499141557437004469770546322     
     4598250440309800594894720792240095172594720554531431915580431434901756     
     1613592903068998660011883892303921686226187139109929922138398258789707     
     9402960029472892357591360990460056090683186712236922962443978819994905     
     9030068205793881636245958932099890892679761391996136958233108691150478     
     8057699252621879050381198256506345215013474887345630014460142660627188     
     0295113017601256244582680244464627001733165328339109165359870369911102     
     1357743118637089696259528595289254312981296204510363984972334912082806     
     4350419223077013782831611903236981225577835246030023659853550020944662     
     8593081985234319675954242003798531993044836767143892252085574813457390     
     7169649786911724371068969107659409539551557783806457056468603614897141     
     96689304593162633539334002930142072999300841
