     1118886933817926495252316711450862046736356767610963611393539936363082     
     4773171316530594695726961215220575166507197462687462877763242103460194     
     3094095315819301736876644284377603425555352150198790596031070964492749     
     9110147164193939332342100331951473612537022481909059356065107173087510     
     6100089963206254028460690878402094390927027677043741830742870734585340     
     8294774124897782706568407031546189930494539842227682957958040843534935     
     9085882204676066698313366099842215077896666183042869429561744791206863     
     0009479211787093384983152799966420195698224597439892656935256258246901     
     9106756638192035466439595907064276380419770891739466913040858267429629     
     1321667393331491277174602586686259715431220927247153711460670637786830     
     1246602404361962776242849855732591374919
