     8723805814933775830432337684973668749746510953148558679114194910611373     
     0128828632264914909705762563009524359451603065065645679735693082950879     
     7107498498957546486504318212716206660057137243820918349102878041998132     
     5331185647497462357641412174449387187436140077215095896054532907244766     
     5011479489881396996649988483927275704536153973812299161629756755234211     
     9397124022034055095664854389107119454340074856731375267777578212402141     
     1324981223867443154172886939851813040455785155700709804339261148711902     
     8105376088863304842295102639842404696495001697122693164006561570221120     
     1360144294431485112032152294801479502491520556073693267871377510300148     
     5015763959588101632454087565771510417087370925535764682895123621063057     
     2917218282368782671613314834981490976363537552696295104676104876817659     
     2197047743159260996387166607113713469338261453018210352570727296652979     
     5326908848188643016955371853435337332844027365806571684424110823607650     
     2338762647026612649062125506231512731713091002882766409762055041080248     
     7813189105629515008489113300666854738315507716289626995886192712514340     
     0752188509312923504239390218447989484830434009290465399368120200333996     
     8320974342668812385359704468305904623417992974997226834274209101737490     
     5790429
