     2222396831416115303304190927919279569534848106185686627986439583033005     
     4016042906660734661350383428822247328175833073913457250531845233936945     
     8047147450368307881936788837834714592891676284703199351540018140058945     
     1097230670343610266418764128479365280440914084822125261076606873560237     
     7899592460889098705001820700742941892175853395092601961498560842991139     
     6950345092946279580419955778331372498549778649632624175053068203261648     
     4796560729884098050176037277390837228185206035227347604772870730707625     
     3231602198731783412675364957829128701663255163681553852573314298968203     
     6584206297669309747960704259335308825672598940590136574324667509180799     
     5121511786284023110613288652082212321846126054869706084731858059856613     
     1009535103212609030800199216708492482288068754061842835849722501935858     
     4655831740335737663420243165298142146420232333872339870972701060720169     
     9335869394931503003313060265106314167419235314753060555626497268330511     
     9209397585517301314597634482032515798982763320933265195891663955907913     
     5901920544371309164154178734047213296013185266770941228224565706753817     
     8319442180560486600177026156394526670979443999608712915515216036494979     
     6502874406318722266219682297735880134949176713736708775816388895241226     
     3414815578855919744618739173984226417459701282383582375980301252000238     
     050485555688608698494532898724735218837451703910229023
