     9958077065205204894505233062214617461417332704517390122438799792687668     
     8854902487217329008879337448328287871448281242732394230420524432736696     
     9429722360651110766238364463688654134370551553774003448991095385397820     
     8769209485317485551964311517970776941986600346585006291468319066481027     
     8302788845247286647903732974786828378228441585473990325290213048509500     
     6867371150101376372405774428900078612397164166291157582832135278013844     
     9255894267265061269631962998566402640308318315651382349844898870396774     
     3996667491750715716986385596704648287920894344330647624870954476425486     
     3128063589145629587695804241270722720505169335703942188967011493761968     
     1238575698302896707786961153647895010020491942571441174792736783359194     
     6361942024267151698686611511625431140666309266108522151199164308087751     
     0547897010201555092567082150093822080020328324650586628596859462546416     
     1006606436052399836210903412401067651710542880836596877819931831451146     
     2801070041994587349598963075637154312048771292247439879686903119149113     
     1176442850345196292108191158841600227273559128835813681511591901906910     
     9367512641138284803298582604476542004776700185284473607257294478859162     
     6372252836384689433639089191423466047225454121009241137370675843501343     
     1740810464228337937887977095838044935845773231056620629037864829725617     
     2938366029944055795920977430465291288057943725298321214567921565820456     
     306358640842624906611097740588034007209319781
