     5360655592835045239645747268134349228594672357600131303387262004312551     
     1057610813917349389336929911831728853423578032577276504141953427594641     
     4870353454233135286358436084592691386577484598566774345237719348444910     
     7570506013773134577970258324160018704962462626375928498238822764425664     
     7380921134917483312072812912037086750932431167280553579048596505249087     
     8736620880327725065002031393800727607997326504322110286794338705199999     
     5830599291056516785142768954794357845421830180271523401932984105237636     
     2518063373333998048784504750182050745654379452567143217042262815492865     
     1073790155059397347436826237318412259517341091566504424395394516322743     
     6127465673300608855793862343145274236896576139717192091715769585545512     
     2658809395395885802609241887931058912503068253370891876335208533651858     
     1215559201153433755709175965259571201645989204723806166940252437687729     
     1321394225882827174142415301331599492147247576005765800231225846464232     
     0605387127312665192468614036434210112204450406572201299212167821012386     
     5864417699637531740508341229486696184735935534020242415793938918386334     
     2356428940148668050624114712032632846409624261580155700732662949249970     
     4115566528504466255672915456984054141167683782647918014809913971403903     
     1850398211007328554073739794209957818107378117327499516807400214891701     
     2389746712415417235445329452499685707537404215753092990267582148032427     
     5862231932028816362492583941082477229488109473128831951789200365308585     
     4486943603686763326583235680001512442971261493674564878363410615996763     
     8293236101607057376874769738365125221345815348785532994393932411403779     
     0979357403022659593660131835441986165385946678567111116372338941393770     
     9210727381902860463368269037283100803271130819193698
