     1160542662126599998362980828420770064547476554263685316542724123702238     
     4260672924821722271882659122548266723926408532995382077512892688300274     
     7902481999602657609975581746605805666410587336534364496709400023233517     
     0487332555261738083982643848539439289173941940282011679308094524490888     
     0330233689246709757201414800651355940119662563981115586456598645964163     
     0468205010647369281741569581102436367555353572499781688289907692564979     
     4559377495881622586852664599979100929564966930887734076881952883456494     
     4301575693673755615261477529923600330917472798741174105046421329511588     
     6790388998744278722191889697520324474537506290037647392763575680091122     
     4569134629135191308123613028413323646280881747181883214840315221174004     
     4661356727672090462493846000926175894655167161914998696569176543573340     
     2091595536267642810415184315797762434460756121760930683276362128847660     
     8358603321580704439950573392351806869505866374791695100207155320974978     
     3031434518134765442593627802407464265812845448004322639296760265957955     
     3939752096799228822798315773779269744026910825808231567376416327090319     
     2315566223369981617819642309576462272313247345042405926836521682897296     
     81331646434
