     2838396144070165723242627105691792169828948217685150637685613037136117     
     7764192371031365659085594329866326795197920740119221137227713876835627     
     5237715441201830444969960875457028647081069444175181923472480747047902     
     7750499086290838268686834314273407568651956756343084774327912848783966     
     3457242439629486316590816069392562365118660228701752537931458614586120     
     5185234141305511707184858378192831528929915300207106515256351067190981     
     5588369078401525058238126841743483794296425993868832066889831721776116     
     3378578223070856262625611540598192735406392117886733942174416934197711     
     6127660630565281921928452115981783498243102162734168690491449823582677     
     2496141483195913103498797378230997136167396940671931946628365336643379     
     4398830246411043841137408890732685663862862047643152762640901444875156     
     5103369409613224737455534569351688322868078780583161839315400784480482     
     2853760725405712955037408772277265958431706340170142153905196054641190     
     4872320964310148779226063644019065546480890602250335307592695430633586     
     6723528048262870833251897644461122437476359035701237390065074609172738     
     5153350296913642870436832966247460796966962754391307874355592274343245     
     3697753040247977191677319702487696110322800730652533094490221375343295     
     1871524350786017639748640121340716960544773309078183536022450200679200     
     0197835006299665953820386128379022069483851280918354703336287278976477     
     9635451568926663172170501233605096834461437239633009167831730691957363     
     3759984354102964829847144645846859005436082249668108670029331461614578     
     3691634744435826502879176122587189385586258953300929582768690410310916     
     8184747252685834229938900462289638052024267890594056042057106325287244     
     2936
