     4181139897738909448632150835972233892463162979262410931630811914719650     
     4631682669403974297886407554703252374429207101389240120122585147641803     
     8865882685635714052510450132268375309688769678289924489065689168604590     
     7755870094697607811135716829484895861556483171164923309137567165259051     
     4349399938740614401819765919038576415818090565939208550782733566352799     
     3208615811321709132218961482334096121782160959710731981985186000560031     
     1007750212159664078682794767016571216563930890078069111411722883984100     
     2109635745068776159340738192136512582624361600780798158121778983536568     
     8833276856292463428939853864523597566558417905152305035084023988900944     
     7622662120805487472279442466444744490656317155738438914616043166148623     
     1162823188629395223617177106013758995344537211439871756354930358054118     
     1800597532850816639594094703692692851121130211768330239102282365957494     
     4811902601882583072670311912577833865589573612888726746067007131348936     
     6533317221489396128307623980252157466257427192858806072288092862187955     
     9101048502286550329032213316532808719627015109381526302552562869083404     
     0470908528985984845132216124904912118859290613959694593052922837243137     
     5158653306297287757997905071265584965715676180843320735183326125284110     
     21859585688215386733103934794186762551947686846413643304007756005
