     4710767540294123986577543581388254027661709758945001529719578177605857     
     7764459226839871684017448938642543106039752857348132189711490520701460     
     5074428781009070928265035789660318547271714373005881224832553036734475     
     0722206929950998208999330549464492316686750271497926432294665660238862     
     6400987985412585987038011042606584776745137295818647297752931526155359     
     7147825758607190813880932888458803490334629948183294972129231101498174     
     3861610348903514687386761698954348396628687459508607752540095828449018     
     9203631221172341061244015682951881826902288304369870371332195446228625     
     2925783415489603844458495916862498425767644220522966519718373858433549     
     5055963197826945683084289857534311674793903018511673006006335454779326     
     3511312243070407668267968795837124750922365656056497883952493491893563     
     3242033430969687711669575427852483631538510377393749820540361803952205     
     0904269939170622621985373022337251310643532284165156562938980431035595     
     6146650641568933336905644918865687156141927937299916798471319644185427     
     1588393391387372885335817986181181941584196163470396626357043667268694     
     1495758085507600340380717887289803673806498043337271481909002708441879     
     1495950311048583550462112080144567294395352791608211726157287170890261     
     3641266457926714164662645778964621163568020493345627720789635151932603     
     3604897604221189117454362743506459202762879532320710812284653318266497     
     6879030347334216677971142340606609153185735626504460769309912684923032     
     4671170637554403483628574230497354791694975368566849919755587244305324     
     5539245071469409065588970623395383363429884944757025313116542087768447     
     9616484857515307893288057151908747836826846673423085735526871728547521     
     6642275485137663190957157393601301486034987212043873512186628989960399     
     1431785650470154319069999163823240198502609371690407346917609529370567     
     0591684461442024210979040793442616552440022484330310802470760320690055     
     6299948507169058648377154485785777246899623927904736337782927781636150     
     5492517926393348957478699192666196039417182000031382461776907129231590     
     5538554267815398428555102991297638997794678343035416002290004285776647     
     4966217130421159503788707332812647297405
