     9851517709764078023195451346124181964446987986313115699129618240269899     
     6995186338147715886725027956084556356285944985215299690930270804077851     
     0566403506892863572200861951973329157515496375503551025866785456915989     
     0473313848753399987226035253989947139947686689596627108519762067986675     
     4149830328888835535705923870377998692213027879736645265320082655118200     
     8421366669627112530475352558466883298474387955470933720885744120899167     
     5891146743478064421403853471371482609269438462205430931323462263157701     
     7517445041131348959533883028491743944213334502612558842750531564500011     
     9627794841362395972732947359265612886557490208411860646910701910027670     
     5023109457523627255558326353246734440963023642226733952979859743795691     
     5753963467431096611336584835169952648779466143740341786658782647563294     
     3674032363917891119778877444399557869253596324211213485201274283726426     
     5927357729870209809453268149736695953433244271417607489395466258341684     
     5484556092223507611382525924280304174055896408691460206357566185559760     
     1109531101104559316274946179472059485777213454225956626914093009682932     
     9664691239089608129062370265272295398812148609771468366572307752344354     
     4224584154689387096052722042706106077030662307213672421107217644729553     
     2730973293248010321805147942348639985801821880280290166905514448865140     
     2475694184273472236137199696332159858437809698391912706714826842538699     
     8939225668577282886268311318651724083318690627029902475259310618049329     
     9920166926914285973400231899015693427007817487822563449565031335156112     
     3093318749797420159037464725519720672691065699817169420179837927467636     
     3547732569306416648412628281735016675290249139858614023570518091131861     
     6019050373149444136102276083867169488844727929779650375051562285856184     
     7063455737067834231950479323656855383464152635944585545012685976824034     
     3357716631721772077091267640501208235857255076183933075788617150139640     
     406786
