     8137124806009226276396929241997980660014008147423541586767390496581341     
     2232655628992132280652453580065653624144794991065499135317012672636817     
     5176829432568967938495753792156525914707236451259364840862337639657996     
     8171222676107060973960431367914789949423418472941225305277339580502332     
     6540190414096738349049282062145860202613871157032557130648795395176038     
     0366934285057895009459562842308863549532015962304629407627841995985038     
     1883144065809971964375083893358349364787114644253262822249993424996982     
     0717049315844661705480478504559041068871812399576574736677284458642560     
     2481979886610679280576560738998513324974469157781664692292891191440201     
     0262830640609258735095030792434785667676827940977110787727790072374590     
     6841739520867203246156746481648871519404486252771514975307038479208672     
     8465026354289936322729271879028735600938640938219063002533612653994285     
     9441747694713455394901927677687188162186983843538518834708087925226828     
     8295142834023655208220677577995417731201086000284057948003044601808639     
     6471206267717625437658480687135502384651892333629593886000521819873129     
     1555251199499337168074418678609781825351244916277801011607883461460175     
     7343822088744406201737774315073205736422336960520077363956081370115513     
     5618790189303876516280863753584395154084005475155594326504983214791358     
     1429175144005784355705486192689332128869107646402311345616600213733213     
     301209656850508794918258270701567629395851849108948294969
