     2408482521084447586945218446212225727176642973141230866706954554597603     
     5696092046486209207134286292283106734156684396533303675308645848633939     
     5381037783149364131725274886248343580645666180701242580782303564536004     
     3829903229757970232264803970708450541068980048666856393557486987145158     
     5789993329731975143709631022343153070347088778537252095584907976184452     
     7115057852058961458631705048829564462041550727101216229555609505859863     
     5979597340603807540586989660926247366908209258706679206246702807223640     
     4087837454841414916402616904575020799756833984204490641637826994641210     
     0637253014025482534361589239172768882846333587017078384170858892132099     
     1428909544444879654456923150063354083500967264966744327148325168372600     
     4269562406945927242393889807533519787706316700064522765549500310325656     
     8027571034879862409767091732101460110665433818352479131580823843284723     
     2903361611159870613239144703521165445128949019011077535002148280899994     
     3767151253645804045660261672307403550560208980603662242702091562811046     
     0512249551086673719863449337885167445337382727680651072994160089524628     
     9551613908332936149895343141623403295673981957858353053723973033697687     
     2800601794810115127287799594880640840624316823362134901923355603183880     
     6530826100484095276619094085353456699165866572987661750417285714371167     
     0680236805564179255954331576742326799434759631935743880776524231717763     
     4840510136810673262192585748475594643740968598695143801279400973616109     
     7229748051146700517012370221201462737495006063881751708186313261374210     
     0537181185154628748831164321766628125849861209398391678018716278876729     
     7002429093426088519492656386655301848389722989606369073428378946501504     
     8504214141219274690235587043624407615233077107363747326839136861760341     
     7011195797474587383687223157452780032870199565103487788977056373387074     
     1259371686197187291650485807912045062650027301414542817931154945104560     
     9492188157558964697675491936312002865750609614986505791469860055622644     
     6985713664471677161626646021871705
