     6925803929952773435434762239348209922071692166732000264024874349286829     
     6076335874648845695895582103304500358277869932445760304251145662440265     
     7857907386028246900171520580016041812022195554627061363535889361984987     
     0186944442512041099786375213674038484481545192217610491390257564028275     
     5477827865189218754286720343871573346577759235343809775932538294964101     
     5881822809092713353237822404311147256387951079014308649998096544312346     
     6243888309998828315848840440693476875570577452409428350359806057169923     
     4374057096234367623857903025841737825756974923796038844849155393152545     
     3429383828535228039562815724531003744016451256912002197350600121852778     
     2231975402211835515594937174528538772022981946031159858793555747765225     
     7872839594871673126064034054060731542667317406947429893967809411538330     
     3892908652558773847261625830314778209444593038253293263202105756602144     
     1752764248286295394799067054593428454862193603147083883273207303423537     
     5189350490097547985650994180805668770325479021870507552783696286094780     
     4406515822170293673705718587332637881744542806639461
