     1551069011986574843093163481816731074361067756173520070130887916329072     
     1884107661843700404252240466772920117099077913268386871888337076466623     
     8523077720265885099006671875498015270515011050365741302540156249467739     
     2069827009947215707924751189214004924045692966451846315109550602255514     
     8845659236466471517165163176311331809097751988483439264370307069066124     
     6637945102966746503531578788620001206190669060396742139218990884832973     
     4596200793183679683930803715809216338981375252452178274541015814689101     
     9591289772597207345765338811884307133198135633820972405408810796545701     
     5236000162740486116005868875102588174744582681448468973274215305193591     
     5594103997296021772224614419078719097374823757549449050401639999508212     
     1334202075390333146671261364901668014058177839549250145827649853281214     
     6489054997195481880508851636195851419293897199981817549713466233122762     
     9674764027840424364073971976444513085021101923955075861840488912323969     
     0109776755006942089940106008551344369375097309186166271990711295698175     
     8704054380097663056163793906642120580913924355815662859551587758268777     
     2260072128891480219499357590966120368504319532616969402142904526688905     
     3878549074108092917307424447549228685246067119585351068476114792041403     
     5819850478047791302674898932065366883135959806397955865895077705666531     
     8790850570306275254395850286125141896078624926669542290226016676547846     
     7279278712518377589417184390620728569839123627050657645135002807341968     
     2927277468068055437659154743484700745924166295164476942152869105357893     
     7103336893741515315977093039785996545365355898061152262666764029142123     
     7102257048065616095586390327341217956947599037936502425897785503168498     
     5205988778464901638171255912534237188280865121263319995070426513770657     
     9097160720032512180024969634067602059236166086069825310180359556455210     
     8137528970662283768837585827241885213827725984488379694545399234139224     
     9430006076696962241301330606021615344146124874806679447696792410776359     
     35437435041499228167869488578298035896901208718478205
