     2060969744375450495570759947008695298997801646552040048825283232939540     
     0207832772178783341745689172344861745129699393649562295998189837480445     
     4166052592701591129903396053909633775087995189746752029000125619800381     
     3449548132433810149254896819701880421933110409866067684624865759190255     
     6625597242080904206133922088924894599353267649301415400612817396917090     
     6280946906853150674479272848568681243313749775075744527300630699681270     
     9757612257430055133403931056099553845719837435804909703924434619206912     
     3410210755583426184862620703512518832652290960607194258139674422779707     
     1031320772947918179758092126808780318795817510405454827128481787322962     
     4066806215710956265919159449496891423728651072225978014879754623270484     
     628873428257488337
