     3787536726504165775674673549714415936667174043318528179768532915905256     
     7106145970943764566958673684827390532409830323814041774492042036355084     
     8549072371902711917808854683306442996685836921919251950226412332511437     
     8485081048325057703612025130809906817115024577427599701829701554740976     
     8199058854150193479075366596567235842828391970164400989840409405048038     
     6772360158189580223922710417535437728530311702630903726279162097882361     
     5685402009203921275366626623023974919591128939593421194168870556318666     
     2761369962706295532209331253287978620112644670334425766233039482760897     
     6904282548559174770277681498685894083863002212836225079262711310020225     
     5859832390415652188177064043736253745972941142972694760665396519751046     
     5432742734856059234719864821542000874222906516860602459396891280121022     
     6285247765761359440014739608645475084509870634839737156611398841824585     
     915682064041137111311636507766515432871165
