     1044843579259525963234581971103305082452064716229716005610364539247002     
     6217767546234799861457671137418605471083032133901577310663776762638785     
     2381313718986452915297173073647335030765816764971661097674235674250041     
     1172014233449569508221659015848741650880132581221230464960549811244476     
     7213433208566763062561993257310273718216685651250946045758848023096145     
     2270973800023205513584502852628341793219444628302569327784529817370517     
     4555673649675586053982911525872446047533579843463865505781080884515220     
     7297437500141915897153972072575912710819442321185302568351934051478067     
     6124501146891810882319056047233565911745581866967027259705998166590655     
     0093591151554413786107266674331799525656299054253006351805644784150263     
     1128839629658971277998490185509252192207948601096206528196335516104087     
     4888865367945251511805159982122766508261670935350282310092306076376
