     3393045321617625602070450677981161024110911855040793042780799848633359     
     8051268641720996705460331047589808106583023770797516194643605991830799     
     9795744766199571364877871658965222385913317344014244135436381915049609     
     1190889357814138400844683719052813785450423258722057440487982843016263     
     1181667457820344201858448314440760356977895933274380855194246284125964     
     7634645405488432267162848235617478784873493901093038612846128580291447     
     7055141839559247171639228612256502093972295848678069850869410261915047     
     9677798689223307098462348814087393871441178658472735563310195953086269     
     4508814965359504939693135509971043698267657196777142606162515307023704     
     6305203580997032381851036937819241026000273020877196142500888479188681     
     3793675363878523616256373934213520908269437145073748312764408910191115     
     7105120212186849285315050951978626307397497774209210975031815870303320     
     4179087485393874511634737563531393340881712238582080065241132661714971     
     0930076954978228491416216264443320479641963668669439846311452606286563     
     0958678722127818636484916891989709724296488294036384349606665760691518     
     6470657587163963116885241171775809256485112127323671716211480216431397     
     6869028996845318027006557201833546763017225993476537377592919556848557     
     3344069973734475759130290288837689905874388114606591129327616674487351     
     5137909398936063264267834706840932610701522146044216553787610214403521     
     9145618035278072299924226201183944605438691458449707815738456878601991     
     6541693627702058581152189052676143012454120612110709650185947242419046     
     2006715674176674515991761398805496652888256069392027391339294935428525     
     6159771681454770312376310549583323166184045834780377232918736821407727     
     3779751112827228760098099845978469051407223686152628433936759360157505     
     2258130608794857649865569665434600269083782387611503386114954425041431     
     0547149275046793220233457168713779602194113700385562282519404643455990     
     35709
