     8423696530893632622207971383943634707782413431888622718052377619365006     
     9555515872143145356381240199060949226488208560672164149938839733294369     
     6776699474114484790791119641970714491516459372008958137705205146938417     
     1735527408604321269719424051025695347948428497747916755008786477512994     
     9259561316865435965723451303289190437755074216107119415225076620131147     
     2005955217443109985255780098324983378257556404663031490471857674278887     
     8635391841609452176272112178560797314958832729963855066641657584703656     
     7987114216276160340598355211446785623184339386969506638343029370107676     
     1650300009933735122353561872442042426666558224635971617213963789413476     
     4981374359883510019624429435472573246553956105490299624388078485953889     
     6831329076760488958138941563116617265987944976773919783140701224725191     
     0803144358914843113465133848908936258762194701983773036426322451751703     
     0007131286850840127893414311104581090540757787791299578923823596350387     
     0403892162954151277603904941973109535334154761830050695416446540934111     
     9160758220956552185216038472985390928559614112394392862300589783802588     
     0615733898186744537400874907055466866284513674195
