     1917188804555913181798265346239046499847387325049884668611962443722725     
     8110875260437285575700284539768649883898561085670486652452004853887552     
     5294162745599060128546034705966080006732331607337804433949544029931140     
     4795160317466048984933203891928496656990758199945193795385262573786653     
     1766352456010206040638411453938183498476632856348678097301510755923473     
     8305437593499293047880535954882930144530550185432332779657967991214740     
     5072438398219196665485526014976575633422823271963285611065228662895935     
     6813145146553467864778609166867867833335332682573123287181374463444255     
     5125087706055294692590233496815000827599516619709274291715092832610338     
     5554591047164901231449652360960965785842374308115621606261852262275009     
     72905073
