     4168367243382645773292629146817611948269856831790383510636789604106274     
     4157236761729312357734084066749565838820503584001335951175623749282385     
     3527130743414706492853894119885158018882984890133095535407744459425510     
     1064544153329544395122966545715386408609768139456234012296006790649110     
     5031246447241412347442375810850198234662831899877523457538903877850755     
     6072487200294414657082637144467481418335472036174880876292066903675974     
     6190156668658537248894290990778864999299729453345577662714892343735069     
     2633240590434002276166637070469938453447887229034048508973398485557666     
     2723425628541638525237388280618625176003487992448206087025949280490875     
     7099521065512758272074685130032663445085930014360971178366338495492607     
     0221153105618648028772327862265454495522871519950857958740341339102647     
     1816538329015244262867476732924342728748977249176655642404809414479572     
     9632582295356157170899804407977636885373508877360193916671188182180163     
     3970812940383232652627310022266933511797882677897162730536332586932184     
     5097671349242223198277988274750902028316927041857851205064054007220941     
     3689090414621482610397182753626433036421347026748092515779718397924376     
     5291392978861494929409075308971004393240923410785969621723997424667762     
     1368279209364550656187217236130965463413517121819398485600421060474530     
     1932544148444300333260725708684430762822840142074905811298701398696154     
     1868416307500551577183774077053629391399594748108501995601087053384750     
     8247049759349249257955767166796049934049996328018848428959234536294979     
     2260646299623722731414076842969682686917961901297701467728853703474586     
     0275392852133460052576897008244868803504545265686068594702023711155939     
     9592584604290507562656015462202182501548890360042098425550273767772077     
     3214801327202352148184714642594058699353675933730253633399335393641998     
     0655348197721241337619285626842833910581675180942497991396601425750547     
     0048870353452562821141192526252366834328877209339058664146554449055289     
     142369240235463275659289956533
