     1803501761730614612474455514141490639229815540400226630720081717181509     
     9849078285849921529314351075105928959695820999722065022357798536081474     
     4789753146171689430406477716928104293587298326307021399164508533785662     
     7982296366048519456228465552342632627944187312746467380326703905040052     
     1880614289648161924443319060308590922507346525150542309447896662491956     
     7865368948070472021877281931064364364800283123361079544162996490346024     
     4614371980573838389959848657110986042803964068206354868833575191240348     
     2007612133774192282800461348583308726774148410018166085651202543482992     
     4623564529365225053150414591580295088061841072176531025840393307100059     
     3480364463064745142996788612712750441223544198266521268020097386775694     
     0366305935614619304443226377031494583167803985909437417884970254045703     
     7786064097528518789159601176334468331191122035548066215705251610519706     
     2678813850054425257179049541705719266626308738521146042003295501701239     
     8588530819533843054987220317628561109777246602162190072513478034129083     
     0405197672718393760490768073606445935972777041751460081621524769189738     
     5559532872515541406431379935857976680191349208483944912513491718434397     
     1506537627584444914686530052213051020334765164185163993701031926553945     
     9182071567674759082435986012714210605860494584677438689822970596989157     
     1710658406517202524293204918317391619131036664760136710778588175726090     
     6877608731526760261937378040744522946728017884801571317529274486865865     
     7646594428592191929420298378709665046799663566881872054477182813734455     
     0846577276791605073182371705499798607501037902906087576021105863081159     
     3426725479387959248891750913467741445839411300319180788864983937775410     
     1176459531491908459800142690340048942771293932582671666177350942769465     
     8517556109285213310975492676689350796913666307903111064963294205948962     
     9606507427153750075628465026190042168682435262928214290716421306366459     
     0575814701511095754507152162142255412589435789356375551675574233
