     4296891229717900184249931961419661087321738712256622404147877000990711     
     2478315674126296715795769079350303103836060142408336591443878597180774     
     7068643150850743990364281884363018599132951886140659103431862630783383     
     5920132510505246663592804955512250111917559324339912585394024111646739     
     6649934302026404727832383396166624715909142233639041937730554639824064     
     1667358503944110517715436559492826149271758788493055926763956335011321     
     6495391701085119524736104880018275197356765787759602585111434322885245     
     4307761540907840043422257625000381862728924072184664881394011686989320     
     6582520277437901171769535399688065277722615096056381151258895434639755     
     4908142707074938939360153239849619726480833958284644067842011609555329     
     8948373574612479097656313126295960399470410059289577307249328568538797     
     0635527537440159753630422222251175953813090652422654942107035162490416     
     4381652205679542725067627424707644694453924541758917813135742707369992     
     1222404658872347002146587253476435360782865041311199166891839829107368     
     4008629188038657115500859950918373959043090657290060077956689719857249     
     6400779974032911423929296254759297311863790182912252034515750988130145     
     6717348734479886225
