     5663811228553960791714179594600234551630543756654650832339640072412310     
     3150402224384610161219361497029407941291282740154144641853674277668867     
     6003802386050535406293819514432980317332219908637898846775074365978990     
     4116572006466372788760545557288489650660100819603048392021126932654130     
     6351177021678026828709574553494412676626187080085739043398264448979993     
     0655171018497584840077818224828363150460705048346566401979307653250349     
     1675675424568238494973246181539179743053503339002004836527331357572754     
     4416209874323058389410969906921826124249068401031830964009200020323688     
     4394951882341519911771178074319404403073380890418634570593744942870370     
     2886621120291020523824508124737875961921022690657463575999626518400273     
     9266979110365071983921944863875953418524816274457271934211410501037467     
     4531052983912904101083626357456365151742939772529174657478630889997312     
     8150985230935551038074923192742118001239901836778144050881755886840805     
     2474403601511530045968717057274943629984305634616572702843860914399394     
     3397741007759944739974465298580795763842203750130957363717718339789247     
     1281854362560070520281246718226882332984718345418441020329122512287240     
     4642240773467192819923078255560221023942052015651335008198107514871305     
     8526645241373557624870192607193016867909922684764075865790855619592733     
     2313997605518669734377771019574803851621536979015076540164576517616813     
     4339114686498692324332841531504209970151624791627268418046608455493158     
     0000602561371851050432933123175268400313541516902902489624752181151706     
     6714194871910683323441838604668967891936050555608823344257260798089669     
     8007460288262986833143475020634705069629309038864640529703485484576933     
     4089655986680311080589335549510746552104318146653724333423375827150994     
     5461653246558012416637126755040218365587675229868427966381884517954296     
     352111260756844167082422003070720868264860695942808340452786616545
