     4669259049165288837909159769679596325522977910562324467614572394629667     
     2863045388243984875064087444096468254160874022464945796730876039769927     
     1314128699297981310069025362084167047394080018821000808897125184035604     
     1126364480870236601301947201944618200128792278680498677865611598931511     
     5002560037008267659837575512781985077588265220123934401465708828292887     
     8194327516451853754778874475840010301470483676653296248132360125306287     
     8386217469253909523470452507543473089721729676579045062986638899251158     
     3369480498135794665070863037637129337103212949580557587888731080880320     
     6101907057425186731417766080831853305173741369766692729901634796902765     
     4199784275630199452542220394753111493491615286157239719246886368076606     
     7614346942968421100038267342679069149961845724810847378506896921533598     
     0507459193850872140046684922538692827850420656624273932288375098028646     
     5294651019034244626998457852001386279951631409940315718024237846608481     
     0423694951275244803276772461318025598899469362328308396254812800247450     
     1644105000084375601587779344292796746989774899728882723807129059281519     
     9649680017228339511177982951452229113088677582197924763989984882717758     
     1600174628723829883748348970936035810642417725585674031743552173730139     
     2997100227926546491966031668031471142359704829188852940015106797907525     
     8147271657287215445564570891107314810748903637777870782003273883116427     
     6719525281099611267256351376568975044644656960241011784354703134769764     
     3895696629733946726574133477936837792977355695524917353502664806142406     
     4224911733119462887619932004869941153545482428192634599279128981324903     
     9298813576892493211044459470781718225332792724481524783689476293626045     
     4510973084987760303728034238907575188140318223292752928339411945372784     
     9416790468651942123679936373504384676304419898495558768889405621803152     
     0730851206665539675367940781140102212515863519680124349671584124107795     
     6747064024815952317174698313552115149076049179778177800894603366903717     
     90590700001471867871333577812887116053289524645883518644793
