     9527336304944495241862482246289572843356754998223888210216533981954922     
     6057419826315186062055885558190436386821744471707180758977413167773049     
     3343138107858667628267238399451879757427022806301723237976088603760926     
     9779582233927593027029152600939928097235852826142415319479476178134948     
     2569668085102925723531354625380454516147910780360933184827991531357138     
     8402658332444834424583761236924629909713802349159924957452853334697037     
     3581105152052694408262446771069989063975564019111263345448235702602995     
     1978148537905869709956350896801861528341965390835941145742769850918935     
     8884556765710021646221759575617080779483936570456874113109838984838030     
     1756853855976606302325717864657726210780839863835694707215777570055719     
     0450544598429001673110454844261263825914255626601298222002146316645915     
     0642289508758411966643807348727349185997900673248562175137182487284590     
     1005399026114524046504674637228498172765468146799443503920731295285466     
     6357387942988896095562851597765333897066737353380729220677435625875971     
     2423324228505955572960221387240214024782548546999267162897194641185685     
     5110062493292395077002917523865027546759951678079226431584575397733951     
     4875669295237113112172496077789670115804263631585987434406364974272756     
     0165796624328625672290914936585896457637807216729969757280378577056994     
     8691968780444001092160979133126752525555726534250901242694535297848244     
     4842160912662100458223801157273608490732068694975066185274210564168006     
     8361519790087838389163149755151345965196883609045957634221257391789303     
     5531138483565090067607739923130765620331040030233680631387587942853704     
     2271893709452462042372633776346477178417939539469155279895885690934377     
     7817993723174033375840743093138704016244557616862188728763506989495402     
     6428663577624238234375211318395686493601431892519666610906648052684063     
     8110195151524161263903656730164944391673557225830876012866989649215575     
     9840057907253153918382527550774299954588386810350891837680713025922146     
     9349731966945223655693490852940091107297468087560238474630560413774333     
     7093075827263503716560276699055590941027273339185948305498464
