     5689958844928548861447267971821479290406572311458271730029599548007319     
     3591391283150477061943216659046234594967252440308243394857789865851304     
     9497338139380521208136117780538156894634498337411564450812282346272431     
     6802207994358953358451797125707964861460818872580700375841988068637182     
     0671161954354443948296573345867630782794018023015605381850330503786673     
     2186316074088867605768660036410503695358451642965196562715144645022309     
     0417193065848648460485609899932012099258856298735479743505287808528664     
     3112344560687750615245880410134873423499094470810331592850265713688837     
     2063952778380253825266938548888031255312472306929258423118360919187841     
     8135002285327489390873933497072567181409679276654218590184022595798065     
     2225322133639576125798489451618692651774098400635711495011360570572944     
     0530876921419671473935111705548316445561210392227536795493118164950565     
     4044169195594054027105944258153628762310539203087871602344946499848421     
     7480776351289575267660864434489187818357684136743138351166864477534278     
     1950446877257477474158778691891508454857630576485422644434416795279110     
     8393202410703167113135679340706218236970461623929693979794796154037201     
     7355970044731807714119416010163399179097186919220289355806589321334895     
     6908989664760297993119161711931628087593564358475742776817765222286390     
     1188856851699058976134646490520374266234500902530560108525884982102778     
     6890943109856761573015322748915349401556894556278819138632374509342844     
     13423821320638561108515513690856779770144255
