     9992536636362015346957131857654737126616357220427801770212159444392835     
     1411507886635378391293157742114651840840447395623076643990391596963091     
     4673215777544111605921576527318289980634962026768824875445272621766816     
     4065644382229548262876361486759692466160365027871518487874409698258843     
     2053476713597719935439100956910334956301733131437422279885532025309991     
     8165907018992745164284494873608986151834576423951344359320035131359308     
     1205018429704448815686420057184576506482745927428451747182151403805288     
     7496430213020611430962225638284918567930344298564007763597215670182375     
     2813925221186323308231069153825168123187637841516929183752109984688693     
     8416663530430068640258750202921109344133105246857599354876151506747801     
     7890601716094024342766283909449344929099647137267367901524916324466059     
     8766662660201179668904065586592108250784252796436506292181346525262551     
     5701170479584606538690460482657883523014215878026158382122886626301550     
     8559388220690133322993551612627392561146783000513431409368146539431379     
     8188948700963985878975847392831581903489276993976526809733178912763779     
     0497152639999852327750397145963833328513905753
