     2666920499723903365438795123718433152007347300796068775975856808620888     
     7589047638669848222539727429077059311279092633901918285392835721875901     
     5038304662442815553395345668135897428156799334099843665034547901086425     
     8511928563890815064151520725646781369508776435585868240574584441412272     
     7940331989905287046403842549177042364560958788184456833195216896051350     
     4762911844369352036468429043091290356125043528484861841181468777327858     
     0916111741186756551606976189661531408664459282022866464198776729795114     
     9646696157085867723496171526756903812152451163791633292621402838965313     
     5010955167179661288692854250263362617670357178280184507525401070379018     
     6006402853742197343363563317794363126655937302444891568692410346483133     
     0333904330240663761810814383883594490539190264395153414013028965592302     
     9702005959026818502389235468580102141601810957303923593521363107093686     
     3815808570573718130419595595547728912422509967224989107408732313415802     
     5538991859794898594816017823163548530218981565344305164778612025296667     
     7883290800165881019844804658021853000217621243224867668976247921405805     
     1604415573455975005955741862984201690098771969530093565328256757649290     
     4393482095250208319848436038470672001596784932931679841084482037821854     
     9225016617305507139498725865606167845211930141417226440323857218004201     
     5242679164494873953818078512150695188974511144259245143412929538180380     
     2318741156906333918221526419443937017692384176237921774325916494018214     
     4874822579343081217798566325794099249502679961511364194394888772413933     
     0499992526135476001373905722698162304979742241907337941976321602076209     
     7171995498344306400391782969000590077802267962933699983603824119507284     
     7500549013754868135621
