     7770050075402062136959140667302264210278280780653829887100150339859563     
     0191236334143122092119384465001924920089070393552183317191023967398569     
     9269272056110529267736986802278873299202872339692770383989285237595969     
     4092546740512671767117731431431773038752340073309869355561923682560945     
     2006426282396327780802116005983585992536534281965781109893245800953232     
     3983979241725937469854806964553913066643356785002194380854118810913820     
     0768674017038684960563485449034112972051755806209698936839112185904989     
     1467905383795486007583875713682610549772703531384242400247703309482138     
     7801492481020638827364479944367715188513983134149609483479169357107108     
     2959345036648039620709933204988076447558205913802081223163317420292021     
     3240987079477835741396309524882180290034901718994796141453705956570859     
     0067333651751375295276513990540835450458294702029506373759331040932579     
     3721953332619540487895305162952549039551531037046034145162574399509327     
     1878558587173940529795166581003414930328991096717983015844314621629865     
     9936841861594433620783963429924909735149383949876502730815565962706613     
     8091950703927786875274823418593968535010171628428866415512821123180012     
     1665617827792623214739563721678697618234906710429516612544331071567979     
     6689550820343311091575553091641649603576794696846380479734732407691614     
     8499622546244320185657920673832827150450971473377525034052253025426359     
     275410952226036763879360
