     1128833545877253876143572880517800750010556312954718849556599226054537     
     7260435170261862549800140702659842030237545825602809458720316593395113     
     5570208214293450299199184028450750308108063629930441103914043900526930     
     5267359386236251924530375772880900928422373599240638148925680816538119     
     5428583363035642906203215856888231776095449904833029854077872822149093     
     5042291331817445177081303377975506481198258064198211466410321141426478     
     1041617755607194561580712274784197099477479224698038853073909304191586     
     0025373709273013584432021478942149309472717880780033916960957530506617     
     5780232266439448807664713817661031390659847933207153260819639154603506     
     5776170085690863848243322724778037789478613312324811461743966038517518     
     4712212911902166312572766615568181001400432530357984346546215911876527     
     0602785683035570900363080949292012032554916057537128003009010219554477     
     554491063844888316697
