     7334343300431526745413249208471480941295886039383885689591799012660621     
     3167793958237053069359544403744909833164405109382186615030308616305515     
     4817629322246843047582625995980060421290142898205568182915095065519928     
     7783857015061224226795482474623367665222282256870316117093830732812895     
     0976674731050491142708174521074182798839916884500061707705025660630325     
     6407531063247473442549068919063525954976794009990508750132092929663097     
     2279603414930997444279094039374065272740853520039785786698227588316593     
     2939225832250680837133335912300832578909036158039046757151414755357060     
     4314229886679204529837116056906566393638335274662765345115546268972543     
     0610815806257367133656040401322717863284076339742756245203855814663113     
     4906898622106969008675310842657253177964569797148783286699468074437288     
     8779783943546341379591294049731675861116844731121373492598863581215165     
     5063724137755355835867847379508102339675238232695173896823234061425238     
     2608525081448567143195223074804823219291936147167373431494717263335223     
     05539123082795222023
