     4512043094530729256716311811433375428869848701460920149509046209931621     
     6826327740120961770817672519423821513804758288541474879792727660687028     
     8228001471031968586675654678556056589553081436886085932250714001126054     
     4314152258948952130652700473237207970588749190275820250624156513737375     
     1560164705748108245230144063003719416135873417323398727470512073641056     
     5832306413535574788651073244543198409267434679309459402305776755384695     
     7520220959391355287418026923773022234697292111646803964472388507231205     
     6727708903887156867083139377425772885045790727038142829101677531453798     
     4158684745719701163255325110391088365315668945293403973948278070278933     
     7328433140416863446772003480691518245759284262644662988753656293936722     
     9558335151612327321465223999129368405406537735303243501491442528130294     
     8237476932592002376214691434235755642365138094771808491466523981180023     
     3805014862686788950123846456262931519947133946087248392613721493504444     
     7775272320771809570796464424274051241205284126229979938415678947780868     
     5897407375342521502145495810439064374923447233033019980494855709648469     
     3278326636928753410262913810677304040913082455269610757028516966910702     
     3999572546672975210648650460664005477873820972387536962097128298255263     
     6973048755382776058229225329935264152216067351517532447424615630897295     
     6021610022035648780472976360859229376258416447219179030111118081061966     
     055580998082990926764093194066975435059065
