     4383711323364313274012971108013413151354786623873222789474930465705059     
     4567219174403968747300054229640218394848981059260629816921077957712109     
     4942743641457493563844703992401922389408041235925376753977550318504617     
     3816206399436669883414352304454762189602108852154369621015521813020424     
     4676046711339534286027790315369922760563541612117831915590006807126006     
     8670038140524611161429143367872893479454268475426286401675078014273465     
     7387158757477218720254913167085682239207500973537691512809511524598868     
     5917717082400231739765429980425024593634384990041898407658400416083672     
     8806434741829516711799903677437358181398962961760043861030342922366636     
     3852134034965692501704555525695735311656321673138414459582343744368113     
     8003504023689430061060247307155754930533745141069416847908520293368402     
     5798598809589487693495294341022884606893489191854798347809326206544231     
     3686015530100361870001710984744146991913414551684897033370919774575840     
     7492991468651477500918700326793518058446201412525973588323773022387069     
     8098355166137101564209509041960971401971884069275834442466912908376686     
     2963354915067430044669273608608638587149690130230754334375173857449772     
     7072306380472898087059968235626140648643954373818467717895735661385836     
     26184
