     6383557143578157133381066381234988426412603686014105513434679925638827     
     7058108582377460259189526459249436999711371752122427538304506338568671     
     1215729118323403080874369972067295217248031005269767152285259797908798     
     4705066587083422083641863216581924609139303491916675415287298139223429     
     9998866909537071379279461741224554607132463834291129269471536303570902     
     1530213050961357974464012354204382238269595912081873880531904742429012     
     3384758524691183727708799561779799056422996145732147228930879292777509     
     2137446168276101219998522238533093667420761064884492603223604928609865     
     9640507211718847508967777085369083165734916807874886144025827934804081     
     0396440970801425346004259012579016807766125578264841551365158189272990     
     1365061546454109495246318413511941936825503337778871202638466026847665     
     3833079818441899926540399094463356184195255597519715765989973065879876     
     0365652922092186088642707162198967347113934050171839121286142047314488     
     6073032425027405933084259029324944772645867191793431772587076704980060     
     8843821006068127040969230493259004616688459053990500408037112720506763     
     9312694559652094442496040533087652358640431070303254378651840645806493     
     7334298460500840734871306234331119510403685074506454758983180215124224     
     6691731047822649849446911020022473442977132892569337286423386537877808     
     0763636107149319949149047901095559375970607896962266844884334594338044     
     9995328080005593902141770063351338235983468698049236866136516723717861     
     1410243108315675383477865706729697502644974204873468927790203712693833     
     9609689286129331323238436311579502431736450712001428569076884832979392     
     2619827479066311108006137072008447963591263754983252344583247147974837     
     9995763044672324448391748212458405465877240855913830364269838267069185     
     2094163008735873876073512980048565945274190924434815933069249625074079     
     6740471232796674
