     4961800255893889319159675781841974404899106117000846501603120278736027     
     3745369547794388525043798241852964231358332446325858324198916466488647     
     5550607523268814506298949224378488779403661142050458884205690250569109     
     5554807565575528409351701807174856690871317274474195515353978618457386     
     6839982756815245021787159035008959457417217382685954448589335929707741     
     4425993799083634892820017336734871243081450003346785801828932873741966     
     3376254193896347686506773731977287488796026596214035892725663069800009     
     9088972694980947070979366926137273548975624831896003928519684981604610     
     5059364570185339221915736932456151575608016475839369178976732022918391     
     6568553943105663361134543304613073926561217665438666795592971928502942     
     5377062237159775916271272052778665353410458845565102347799087250224161     
     2066450584152165177294722085865193798467014130408152192200382767380331     
     5067230631331063671955304587338124524725551856641348467327181333941601     
     2044767156355252744664524106151063137416735127265387483025292827088362     
     8417495265645511166838603516166212301006783637882270764836309064984738     
     9194974497123776180354147172152252372500421796686368174264205739786500     
     5919195005790740657116701415292835618033918855738839768952454238381170     
     9963501520427723614534720181453003266446471779964467816057027317355870     
     0303655471909036159993319457195390764520821970414370650549088201959176     
     5515610109419512000390424468159669314023459867998527744226714075809977     
     6169454352036180129248324302123817387426371074643283045439419071891468     
     2650901920559968171811599686287878495788010755457553173758815476574235     
     3390986238406014484094005932025827146417107487635489186074951586298296     
     4091238670542860531263932569
