     2826374189552534029234515805832857631529929751188012606466118475596099     
     7579208637898684849809378503251477257617852137113720345314913908839158     
     2916291260086674865403395694586322047106346592968253827624642258402072     
     9041479442378070207189849888772426500617668080350872543438879838426477     
     9895674972512106347367979906426727935155058703115867742577474364272166     
     6747804020420372704945667488050468322790378056714673461254029622519868     
     2837229923733896932475564600883923708129398330415940278364259237253132     
     4112634767518006903651068532564529200558623883175385244899841812027865     
     6843912894610952235664390435020294393202565124338632441196458416580202     
     5245727321929827460282960746764201275184905273901155142381250255097022     
     9134791843051946228645954758397040982542080436965224805858848266543861     
     4510625562132952280007248651527314407593890992252049329997572460438110     
     4388796386288009632063437720219217102293151752592717380255733763820204     
     8781995390614132265290181793991621466609334587086661893820367433114449     
     6013711572022583890758846004781747297761342221766598102791813982751935     
     8347251116540281101319693091874309298582906449629857547261610433641341     
     7
