     8401000169875363016359386761707475444123830061320620105630783151625564     
     3896675996512473070684930024106340499101501816883018655416942827373962     
     6587871466383386236864576662306226110770867330636597353973380648281403     
     8491908429026008444660001022402712163253895719373008186977111873009999     
     7998330286134709652333360115813628493503931897966300655097594005383676     
     7222679127264456267642988465104109046574679570850158806864438880465017     
     5395374799781257846055723386959294669807289619839753332529736549729232     
     4717827108395544861269084297940853263900035889553753919917239817270186     
     7206311312834886499366320688092347652124222588057596982822868729187439     
     9403068391510610854003084077162764513789878043433552315247252625648084     
     8211454262425130402328605132605706660141561032952550825487121985805798     
     1065632636420352373272575468579500409912588292397483174178185426548114     
     32897487950834961614621282061672833666069355329400761662077
