     1247127444896802798588064913340830537665328885879201325608606643763502     
     5615582317571011030354533152250044523159328978240558251165035589611551     
     3795472017075794452113258175201853058268069775483054239257643035763785     
     7215677654772368312336281396927672299932232343855124751260750653956893     
     6763716969886927075957763624191082285854913614913452557899326799406582     
     3201743644452829496955078628152888009534736039035369963856785410041976     
     3634567973228528840885436285261668042687165325801781609826319507805666     
     6235159461178928925621534170110856519223009589149938216885803132785651     
     5613803698634291378240636046127832268203901236500856212494160652047843     
     1351289656634660327402135398244619551119048761944783237077327277216879     
     7850305322023965332043886138362200204111317616339903088617361403090905     
     2921423047556593678830061067811384684251218592225266333251943798694537     
     1968089026413636225281063807229172580903881464666975284974881285686279     
     3712184766362586158350012056273015025665450886053349298382209230263657     
     0300820146620240187743001643596435350872029712191136214166691680322523     
     6053389327808848803368136158381144642484157004432362891400603643602628     
     4228337757371053520639923851637637194389097748891349670508480738841146     
     8171583966267464797936679916966625033146509556170793014459467122679613     
     8297325041801195240830997361968306794051474904260586657344935829357923     
     7109289601533500310264749571035937546166809523510149537753174901132657     
     8216227838754511046126204528633235795921125624909083276191209562727308     
     3521650995560675024971799930337542722692107181063405495075987469906938     
     5724158736780814557158989392815202593763942953151976271855165160195290     
     2383995723194172277284847394277985493743639673455081634118854779182986     
     1494346691754757931658967732361464407198151652580972694065726787480778     
     8994923932627988224735835213462539932910412670502814205076094195201002     
     9544017541426961748543645601580425031884534727516286029259024688729461     
     7009184109555507053151464540837027363201923876354238217920605728637953     
     9684904519411729463656412764605526776282515197
