     1347865231451627626830373928971352050022464445120062994381188173655452     
     6724438167778643416382034073254876293288992251293480890141883510970915     
     8213631664974632717391005482811738754899685697357952611138520193411185     
     7647030167121056946683393056518890460465175887019805219510426334981791     
     4788007615710587812780107539658892660198539476503437162581126515913264     
     2207012336200394017237678622596691115762180539197875865473539398241256     
     2892953640269570962172524347932250649859685737866669561771670763923703     
     3930897102120908297698083878708424184530510529814262203591244347132933     
     5659070165756104568523624467472851577169052069987236960643355798277335     
     4426574459039051952199263004172045906410906939829762703287435401806657     
     6932492965876874766835987931333189569280249098079020426186156293068320     
     3883218055884213278653831291569659439983136453901473407237826473323397     
     4865268515904311994322241215172581129129287400517591874098529724622329     
     7779337808361404127739935846966391464938266272120668835326147310897553     
     1644287664063597141525336477374149630401548299277787888799781971122674     
     8020900088664388797646164271070516825855558553203479137868066747880332     
     886671350619309315336989317551266376906187139
