     8733857036348681117423096310197949713453939111572437060587750823346099     
     3888009576756391787070819571600791466663496462518182112406707655502591     
     0006528719860183917374164055514863724155825149411160954474124835989330     
     4241004966998913758657654558037866976915164601606925123903071526719197     
     7850364460580648678721445765676524182645704715330922209949673587089817     
     8877202679816216825826463213970962008224201644744332551086223065378545     
     1213174970073128650601045757947411424069327034472025669335404794934537     
     4064297688955676093493242407707806232113942130424828581174064443369660     
     4541004647557211174969563611770728713881087495186190625885685239857788     
     0687365578979811166547753389511860182498186607590519185293125903099116     
     7442859997230970638478730713877299444403954183618079322613586799555573     
     3332190684881851883801390974802648461269204906042776937335583346893613     
     5160660660841918284669586381437739587812155084193385208320726593801714     
     1511892154949983751470701083999440972565375001287363476239204196002101     
     9651529471716596476789033872426073854955316233667410242716288290740297     
     022738888327264330303977416404319674249882482883191363
