     1705004846806806876208816516937400424792879948182689844410961320069200     
     9520544187781940582918876486084689876597023852575984375870251834617639     
     9189579038124403187282849924063884529075055887335131183293755131079141     
     5317113836864314219297277066016407304211178486166925858773647339363246     
     0925243871493916738783077857646720297782472189339663945701268259275390     
     0712370661701336725107201538161196377669538036301815337815508670448332     
     7954525187558796412791195767831626349136602913084878702502287860543156     
     2263643491346396603435075044818050352785029474066726572513458693002967     
     6611833258243473578930707547835020865692992418611395589116512118261398     
     4010491536127559567930823574421855941427351039372199459841090420098598     
     5925736550545843716078902257844849580763731217988845716030249211453777     
     1216735354650333454686658483354810158203692241375710360937720405690058     
     9125517897807633455744531542607736286484438965967515222139785020107259     
     9508233962918094699578809907158427037797568412054006072618234643903530     
     9668169267495652366745006374792421227647865162186450537834253776355047     
     2276904292850314108048832489629124502173274555685627376069387136490869     
     4684383271174874630606219004227484005980663667660546810150530097155853     
     4533991237260190876242787182299004493866040815590541256510558574296220     
     7768747327713963800175748143480061207056970696513338377008429544171372     
     0260322117253429035358228774781336154276380173601593173952890433517373     
     2401776704578020222691369298566198888537711292367184864540106754804405     
     9233732670592247851016547685754212552267611756015421071674171529893569     
     7168936950648691591174697083521381451902287705167008582655035306071392     
     3676588903432038750274712564744740273398865273053542333109598192391424     
     2047022034309993717650635166109199773862741558126041078832962048713180     
     4108273165103596369037508382067983410517046210826918628674345646160610     
     146
