     2882343285229280783455587526475319401299503860873813805661001863885321     
     8851250852950307081934309527345474409255255592739331024141701341062040     
     9615272836054887042334665621132104633450893790037758686236345969372061     
     2030061830264864608330139668129430196598211902194600751798319816913029     
     5730945004475692236515710187284869856403911260381922300806485341443677     
     6000413790057545332937183522091494321962345460254035996696872504208480     
     5026187355776022895344692773415905052829831439139114250118959653713649     
     1387024791032407747444037483600534242828565183776735411277293345173117     
     1558089413245524019980168991732070864625668252260862817055321649000757     
     0964987642076311396184010637131675268602554553040818685872120303869655     
     4975391205424293982565355646603946006332934039735274175100585238164900     
     391839308654247748363
