     1946234249275236203377322306988543726335387547565908247242505451563011     
     5741377815486117941448690860411957449907116670416751428787152434175921     
     4660142968397498948211903604587327046754232091835314430011810319907487     
     8027768648226930929028304840714714674976530073348433718709994800613099     
     5268719955873946121318866909173224692986846037146601562188486117174394     
     4555092245154314350856670986314063589884463416583513723138674249189285     
     1584928806205507491328565951249453780332090730987700904080455414739938     
     5673102765798172980613851187995800600621228368085456030329248619566481     
     0287421159979373375410012981459982731856748538622672789217594781133783     
     8686959243047257036251204909015480135604053572341665563600156956174547     
     3268661189417707761533808781887257034458045142286967881063849350856360     
     9564149193114927256688494649386886858836941203562604610022528164077971     
     6862661729725657182865563167468419473997316500856016100169691631424169     
     4827693764334856507504176828607072346222492262241831428129388343801269     
     3068892997468181623135168317816275155314375479591755702296391415776186     
     0409182414857068492600478273500175633216123129230367548804229346042505     
     0265170364361877579061628413501718494343886681414742110626750265118863     
     7250879083205896202403669392534634906076702390749847601192343588370277     
     7791487538923327607385596135265609489167294595729889691596895444589498     
     1948110183861369580591832281346939096727795807050100728315946723268783     
     3420924515298392793277837456226077453154432005282871797060223113211834     
     5605450490315326617724691275807029832432504930865978477908620597640246     
     5642257778698798563440633240657279422542988012992359475527300608783853     
     4741218222202083272780328281386456184592089823431216851477301736769172     
     6152586793626718769867565705109849635249841642529636987214232436115452     
     2961057720874862398704728929146772959751847544072582756659390396225768     
     3722067341670181395573636758637142648762974342714177441770022634803824     
     8440592493721341398292417735580844355134319788736305771278454158031686     
     39448290639748147104559479850639215582018
