     5958765363535177144319114352293049887524370130508805036038685837770907     
     4906215190801938617299616851541806940943571324575591330405845671667164     
     0817294823879004840695489642514652460320888403888547154528641165962491     
     7254699675014901110392543505189698633907214391915330545565322111169549     
     2590913116885282656324019217382328843405269939930688154920143934211134     
     1737089429794876038100824313628500299550454008418929882900554524923821     
     0123511900466938835195898226452704462052937417025912102854302064285545     
     7456946307941529727081268506696393507004160853974300501389485986105239     
     8972056414086627581788726642908773623646642959967427780699019023496089     
     8370903354531859719154663070787729742947404884517297351622049333773750     
     9927431937488401646711774070418552158568960221702706431263576771313192     
     5315276839287633996689876499006752779048374149896021661940780125030621     
     8505735227697877893852947985251612260576819532954557848136970871471221     
     8542003155314265845829620763959987532816864594003481753197394033576527     
     8699298216638284732249211516651754050017072153632427372999365129904792     
     3027640029789428391873406093247981672056328954773446797241533640599226     
     9931798602796668727839036438153946855844286668026058556887268880107065     
     4376648394382209657789329158281941863958786067841132532148182190084340     
     1024137122827322592841141934101394797457512882524386093152902165054740     
     4358750600143171905932475747724105707369440426217044676181352508741256     
     2033719473468742273513602656488233402520498685359069543589326225880090     
     4584016
