     1640618248997477805174045537595629205542529626424478578133323155328290     
     8869619647084512801173371912408405548268119446122590916144711832017169     
     3817999379699947953578455798488629798169810926184912979940988480211194     
     1869786662510870739890165124622998110830873222177414765627848857583747     
     0139176136635717437613536049983646334116363199550847787743307807745916     
     3142616911923273616147054748482197856210950659688039190564858187031119     
     3666874423163234779916682742027341479998796339312111264770894450010846     
     2492703735450038348530486245857711004613413231343530371866577042881951     
     7563357207892295074463110779744103732189729954089005836652884739232249     
     2345333440699063600286223193665173380027054499550762156519882108132655     
     87329050630261054837831242563727417507041547960277601
