     1806232552424102433342227337071046092784752177543587481039102960751074     
     5036729448888870374768842325862518008264102441172589239278381982728077     
     7142058882725202170701227894142935800965289127465042223402030961997364     
     0484446799036670077292716712000013297126997384003469518308531808596441     
     8661459990862604222839720531217341442074367936956052818972356484232810     
     4436535021516055192766675615993276916374699755622388817610402866513076     
     0357100595593418786886044190763528717654667105157919064437174569973584     
     6901712749544758793369055112586017487803460165202247187554043743549808     
     9532781281841453454061035832855932363197637847016420267872293627021646     
     3872438991476728005045191325694353766113400997581919936485233507710318     
     0277962932888695872364253613318503601764411983716652819179776915364796     
     7702495164801969285008895700593988574774958052289742541251499599813715     
     8717722169075334047008025323433658018532688307325798992918191452016053     
     6246801481217129
