     5890346741094069439771433663791692360171291757385765351611590134243288     
     8483427654313562163922567779575107354361499521455780279477518851847837     
     1525452556061812064926915353012670824080630985547222525542430610722520     
     4419013071753913319697112379658929376104835785299891813736845158005632     
     6075348608050063425073486592063583001977800481077753819154808412325097     
     7166449042571478148358459515966400332101650693154631035132649343314181     
     8462402806842650314280322292703545382590161534867756093988641978518537     
     3108151759263883751610667412221677574966325731505178350359284368684542     
     5689436713963999929716523254514960824157199440864720914167363166061098     
     0692106349378139286168148885092903611355359343489121447156702361220794     
     4926410882266342225015575591396315102651988722652952629054218166423198     
     4370070074813193937096111750534239196764805655060902164493205714885935     
     8586072936565126029165433752199918505294528914630748544870693164884452     
     1640005230906104138308998877098111554292002943005098723690700016785740     
     5549527033441129502331398968036611456164320537562897232206166339645791     
     3231919021172319422819623712792850050039447961209287662354477828593353     
     823731403854638382087932130173711184
