     1394829747224595507183471104981581863491706078920867001318792478632395     
     9304331740570659660575728328970306213041608494739968621185137851912957     
     9577690660536565592891492582303671053868668870933576622526714340562421     
     0036580055507644402190859699345088000591818277068632395909217049308004     
     0504946119246283512730851086389227133662662098652669132738737320868838     
     4627638334950992650874337034224441989566671143690406355948339499094385     
     9454544912595988750791935781712286879594932860197518650043024888538876     
     3481876913752802314460336638558258751591080776521952687555677868275418     
     0590740214570035996779114530606173208527755179021762820148735057219324     
     0309009490997990461694646449385758480671109115117428635486035428735407     
     5377961008542839313786382945298854566959612514531796063411728232137964     
     7133363154365304387052317972638198608519669096093522624946558776387204     
     7568331533211766726475998698351536695731575986450599368112480682379894     
     8392058074290755775286597197795746531516388639845294456003822672636105     
     3927606277592819762293019387629291667810750229672227815105056212676593     
     1052146650710310477331325071888395043776737495218220864459464106050653     
     2205498977483103858166733948319845195952378692496288406643120236000755     
     1221068498266107537210254713003340114313125033330452375456013590461075     
     2667067388901237967187472993164935248099960986225185695821262458112638     
     5146737030929198476904172372336576218214821382295168844688349134386131     
     5870925770859581776674943803692897359762726917408906424051331080074864     
     5457992221414725314696813951037943631523019815524864628562421769595210     
     9742234483266751005704488189790485409515299880035260286324700692605416     
     2522062811141198397096088342737268577750399168646817193582841314136835     
     11396623166546306609628353542706755562507664191313914406735253
