     8034437273286016792574955818228177332797480857413385870098592999280409     
     4448034714077745784074138652875248506071663095449625257243131326890878     
     1349447717992569920287739448997612583141764338006322543183430196496631     
     5206466896681650707327606840557455103553460218797686772094583071820789     
     6737494747285783977400870052169707690954152670558676878858352742714199     
     7697376434772935112327217429904574823877181699349166698182690052017817     
     0653158668507769508190105477076474480401152198616378658985538254511356     
     7550488054107334182052440863188015288075143253375297211519001803901930     
     0510711587555829445704771766340204715504671243909978004086323393619198     
     6564716282540690630089733850634501245606218093659155183662766572611720     
     3224276792835365335626479803538582917427826255689007672323911249171476     
     5317194310392876524157178580520923581754473856752464584975458659178978     
     0006884473531913667904785094659815483598603560988012487406512059398609     
     0869034166149748040533465000193318050327606313220519489230336780058805     
     1071644884599169968323032899280046799606348084188531986329511941709021     
     7567088073972493378294817681454898528143567641170623672738723919323943     
     903705984109900630550170346930254357698
