     6225916140065921495040418133340777792474977247803643004694431700623902     
     5513195675578767460009895952025194250364387785016089099910136056832541     
     2014331308034521873605812776451106487636488295872071362472671200958190     
     9359939032311688125434202358385192081101244767032860368532435606138093     
     6611928011800871768784123385847935734431703638447543028096144473452861     
     3485133711145637757812504407583189178701203237257727788221179407555738     
     0361348510136871741264401733136910093441167294861894011413868020097263     
     7009533599178846903847237887533476883374171244301435301385588624477706     
     5247584721417084067700773328380735777426479253258274360597278036602394     
     2764484809584736596464696473751034315882705983024386753555624344588033     
     6888752500100257462961300938775360561851473128314882368153602811044167     
     5760618796216729865374562023549917982859669623804631142538301910138882     
     1431717051810753455683092242243053240377961798899479653751605590014524     
     4436684063813420055050116593728433671939193640291585166493854969290625     
     7044766243399866307887301228124749748938473646873313823284607305611373     
     2124016578113715956055940532750593218921880265343051126015588698876668     
     4702324847740056550479367796913146778309406842989570576499395626440482     
     2335587553596507547714496437530759531133679188896633478284523882933671     
     5678096006199866141582458992714885058732607567252683010255981323379087     
     8196539847819788008731929767330618923166493960173720235260845048379965     
     5857043645057422797055649147967146372098012687289618410262260648593137     
     8079813534052311910235723828018038112462643478015676260422410873158286     
     7777007550290834284233697475300202706860919804109052240665456658519323     
     4934129629353000746354379549580438205325561816992261030353086576364413     
     3886702893993187
