     3352761763626301751418405196210449624096788015479953474256100493403156     
     6841416791672541885807271677547506821590407854073083426092539995782605     
     9149890030157994734096877533178426306245308133296547913572814047576194     
     8090108948779769364080943099023758293615859802424895456433748496438581     
     0787355687123310286652830995252381460487160038460447336113339867047627     
     8039952526101030207523854846912056649207592252862672828145401307660359     
     3627429963415719610167822728297856956041524143699134271234869627493989     
     4935304370035215685043164425650035333390292412190555364622163191157232     
     7083230596180519313190069372574647660729800484143227819525720735225448     
     0938294323254031021852856995413764705414611187812499041068352171021057     
     2868909419759797288025418372764283192786043582349939646207774496430109     
     2788989762773075867603890019116257430487542551515252104998933381856672     
     6255961451336695843156351113298948154229059707586332006929817513826359     
     1434418585051334935937422534583066989200820288984060324921518134440316     
     5721316622596073094191259080495406396851357362935257463551424455928343     
     46541631717468864732759102008781607676270992344496334626360225777474
