     2714547710407554891629691180248290092625210056882732281024088850567518     
     6505983560126299905839914230142169748865512705976577367379893994514414     
     2269240787863949653886861792941845165721663703303290919754151903462245     
     3858265673997803804984295277476105720705447081222473151808551972535006     
     3252891182346879697227955113032317388169014191368276109931496562464742     
     2963504498857147145495702816674972286815616502414178735783754751633514     
     0072004799656797365129857217019023301658361667540883968136437356344291     
     0188830670314797483403372619235471718073461070262955200113701025444141     
     8021046015656069412473021672899194263310093041689640345739143516725660     
     0233441243449316430609107485216103576856153914125922084994357896710123     
     3843685653899144043540842131109220486133070696536544878961148642418873     
     4506428095849839386500509938632705199657781331835743262957755710751965     
     6128453989678136447309715078530772518323888107834154013810112380428327     
     4650299234381589884116246107334384633604010042312670159763149096064088     
     9781317087411385017461904577783559601567065930392969611205488277624010     
     4906301716267339831923918371098863498667495255660974847135192226673277     
     2606095678859933018321058403939574021353819216813075093597946413796239     
     8619385368722518947670443225877933406564050778687799928063952282437131     
     3335211773133201081452699027494699179073972410925132206713514128681547     
     1058701118477208889648530993173185500423734114979450166867704670505483     
     0724304466069415083965440781969652870968131955547936428427810299721541     
     0761952966011934325630680540615758350651886302404470683017722104598115     
     9642785701870589696774073142735656890671357764556543107833603955331863     
     5811140231914259157392879149005080676210527226751040954109887747154261     
     3922058795225726118131030487313870313703479164527965844413250751729734     
     7076404403775033377051413578090627577935945597297347927851628218998313     
     420591216670799618846254866168703375118687787834139113
