     5210245124709995940668371710689155304114246736395005918440934871675161     
     6594765178457342316812794026142321102102856980633981958833647885800182     
     2580574880866228083235062935692154906566722378931914784225849713135011     
     3840405544338744118746376128258445437119566158427227547341445095195881     
     4967735015316393146321167796603537228359546604143631943022766651474103     
     5379152784877002030727929369685609002615981721238579168059869240030973     
     8071122142465127512871668763834236103769619449021666386411326095089595     
     6973176111338297277561759399063722548079842760676846026810449866824824     
     9440119930867098471530927848340269587635982583225084570031517982810208     
     7390726043885366657865500727499066474026519886126557711644754402181320     
     3826979272096388621181242868730021803745290183001429626228865544185496     
     7466147478175139629250363223938090515015903241099475089871824465514929     
     8243463844438501630057706778341896292583639783762386632168859370859573     
     0262251224407092180982214377667057855549427027215167921889934865895446     
     8110996662760877882511352801709809300598526097940814255795238826449723     
     5601158397165158938486851403064670598400437417152180782104254487533867     
     5371694071873602770604494792178152539155684350212803766899907333364678     
     7434176089219847565376623888535711910941354538467153022962619773996874     
     0527565107029549717235094700706636584197014303990284717827712139765812     
     2226668017025159761568743614665373621168156163389476954785286356435754     
     6684266027247317303474524425735188636031923026015975671247680014452951     
     1298941485721664091773659690787499394419565382463804160970116311624873     
     1672013192387496270831345008042793300794168152320490757321139046396181     
     0938852185243000116587781611187766488646453988398724244946037178284237     
     7438084596271454843442924285282774782015303027301418804737368445722565     
     8761658294436987223947125328172800841259430993206078243641905455942528     
     188844659118568750365467092830198614697904103189073
