     5822908598858455629385503656310527629824768968397523205530454442384930     
     6655011159396426283679225654573612113559782203999920161563187289465397     
     5863244663331426264846037182614317689428150875067466905935901999400382     
     5483192268780796202896030230765472062274232486628170162075624815240392     
     2076297488033213145547648437741010748144185739601492757466789369384260     
     8350830947143323924553075605651971801990956418131835012369079552340691     
     3932725924077469288925882763460819982562331623459329568693897621061969     
     6163472032118985790432213425138377585191911284113016080821899966341449     
     5604357667635848746328712015012836440136536239782162586832848909826924     
     9497179955827942741687722496751828662554637350891916894550562293034995     
     7672665521517697427480677566973833885316236026575990459367231556635939     
     2165860245623807415627679575737448434089920051009204355160667325192701     
     0950245510269887737716711107987685198919676201672959700377578533746430     
     9702393977850703237940205883537874985672588089967072264865861887744727     
     7947552482562707494484990268023393785830755850541668414924489215133270     
     4104182411113769107537503435740674639902432704538181810558705738920442     
     1826447173971378356358778205170435285815055738136121422046789904421055     
     7763976153388375198223904666682791738560441841183632860457813233173218     
     2096512214482283143277644079921471637538584997050639582489165733508102     
     8377910042439139275384249207350541423277168313921500312486987692309999     
     0758968728752302739226889599251546142215579952747247811697790759432207     
     1279039033392232715899534423549848201391792606231866618169971801079056     
     0484648955718460646128632773038651129899369842450945251455212216602613     
     9705176529080903548586638962881166498287392276141130435475978550926304     
     4865857512572575380489365350512006891513990836357130833952452798286554     
     1611813409615581848021845688385144844682352906056390758723847173556108     
     7835599838888901045239127838965956863202944847828726510743931267314021     
     9371016660060608454588414594618941236420248760259596802145006726065175     
     4802402753848259584657219493624381156498971935376389583525332569959284     
     72578783278629897970290060950064845263537458936356961791
