     1084562871796915046031627031949497331745492311290812320668978511725622     
     2451241572622585552247425578364885515323294201949286642633474720161694     
     4249756415914080879795856748070238977279131223429676104238172514199223     
     3259415162379208792493684538521375512204986767204828492432843940357048     
     9542501558289279333030396677296305390006722902864625975194055602716772     
     8937968869889765907261422745170499593783810745783187725280725440728039     
     3641901497057594646117608315927623936941416871633176566749487537932184     
     1485998985031892102085372642484658972674924305201575039346938896667138     
     5349473520707667953491735472562624849021487610965513246804655511574072     
     7966854795883892504646710886186505048299392325607887913729628356938666     
     8933383729254104607406086446249433722317396721781
