     6223457454882125193526043539866026737867407626921891038088313764541234     
     4410469241981525640684027922688586384859912860165299070926196389186168     
     3125443921179654704526607359243367757721526615983259109147898318054814     
     1343736183247779649704850288352859783575175963241605184545807558059452     
     1509730568119648986912642297281009754921174786721410405600598866129261     
     0944316381481376625838911286423837436660895898597281578294718405089193     
     4165932773317503510890696146634501703218472869432531985767821623028776     
     6613718966135438294081913310227234503788274524492434874285533516335474     
     6247557998995865345066347744634300483732268207429211211517114539708389     
     9557364171084040284062010118110643029069939944467557341708985992987092     
     7144472627827331830361312803896644201075392899204883453222024245943323     
     6694871159733711868765204968131543243383153512781360946034777484546701     
     1507648885922001719351005039753758661397121391941654125720112790688717     
     0124292540313791429227109280053154164224535013293995369495088166221960     
     0380545005458482129754645512806242055493693557049574862860771330283693     
     5940427109394095508525234433888335895519697999359137115792560568695777     
     9965546409412943781286742126323797724113323753365809226983455780777024     
     8338746601880159573743424775879639343159674767119408779851718311234334     
     06990541634804266154076730014391969299548201502069
