     6465144902717330912167746829729822028603519618902627184994323813354240     
     5834540221878599632891239147541360050728896313858633449339694838989137     
     7460300726163192082705564541162580502829286227058183725888783336546227     
     1099974978141621363991455164367345888299841966526801322307480987352050     
     3193179151669027541928322311411060319180789466836263358132538576433611     
     4150644799314790792135064568457695507538031229859157501623357799320398     
     5181987606014957367947088031639262983496496404861162056994890280933884     
     0539834688780017192194010884588036964612153335199379754202568151775554     
     5721895586341144538083906870388361120790618301366433787846637444326979     
     4582682147550288435413301122291044203264974219577237664379083144418308     
     8174569408390840491203465185182118573513055982904288692795698304327320     
     1487502884669540343578026766357954022142796176117064677341358449019274     
     5587712390529827079298373811811278653172719201759169421666107016845743     
     5197350232634504347986337631635792022871700600303323844187907669914219     
     9232301079851703025814975631748127275677663234610618254262022667433403     
     9808454396610147712116176243404400183856203048167352538975783063039432     
     1318479394605276161228146704069010637198637884390722687900507110025933     
     4434069808049160298555391855699471300018361773563767257889679611217192     
     9124840104843690804104642785151383554066381399889780971349874476447804     
     0502655107922934267591076538375361165239260692975403409841752151810223     
     8032074041567227148499612276785132307861968012992701646859758663790672     
     5287284381655069155799625081728025031494651235458213447752032583370967     
     7228883973028390403328108508479486699850405458418346325592551343921798     
     0305068689476934312574724455562991238278369630486235337256670980042217     
     9468802250163150764819975330957634509665219641289817542696391545429369     
     3280440812272855040842670112691526871488154421827816389402864794518310     
     2727977524998303883504095482889542889915640053646015326161143974330484     
     8470150148869557663069546205211292705151342578295262164814129239065222     
     6885467241155459903391234224610921
