     1777288316667974819861611874682960062364432666155573243651793424536788     
     5089488493947085374062577051023234411562507025543132664665248982030683     
     0769973854199522043712732326747389593226625149867844067823119487668242     
     0091710033353971339609197335066916622164857879355282089995084507112930     
     9838890963731712258819616409188856751252973371492593321170763213686545     
     2409787041196417332113175904323840894586192104142255771314307201349774     
     3214997741623936961609417743786227119638168558154455313532523631982865     
     4909644036231650111061039067900316563034911325792542718083683492041238     
     1718825340728578360999963359080037427247217385876077081234545965650880     
     2296379216690245948550528437595828225359520910493152662524625264937497     
     8174096235840790447024162861073348062412849341975255294561537032860206     
     7587271553474395308739139123001845711565796237409754372737903925874712     
     9438930089817832388857223567373039527262559459549563931148646175920232     
     5022195012805552139474806693461705200610075618644128651717639342493
