     1327314305441662079287729757828438792598176451410975386662932255214742     
     0592401369127835147840076745199498972192051748555528025680350882510031     
     8715412938799852332931104800294149189258658189079641697483439656537405     
     7456536322481543966806213613851191985424214003535131770531142930594881     
     8332181498664971343001554666987109715139776378370649902164492953179478     
     6035840638681569968253610745923708929896042631858901716457318896183914     
     5857325202923150398311113261732362700507692608349641570745145093223267     
     0871864237343106286262253201925108497341462906730831274456596943620451     
     1806199588142086676119253302001950864299711540344844550038219916177478     
     6865826633276357343811675319588600188388266576599778266615711916420698     
     8601647371882214278430987076973062054025219400718344322955755805132870     
     9216047743166364344368399761909714392922823614155338390742959052492898     
     7494970188453896687013210084532047753368669340009214151812321248090644     
     5670882287232242966692644337627726764921904160005127509564028051175859     
     6251261463997021763334818706745139802578420040458909481164026983912078     
     9349177521561066027779947713198351960074499983271328387239587492520637     
     3893274396057436663225691889271504865458389780947841514350876925349960     
     3984955020287130372885136738163947060331536802345565207694770182266932     
     6202697560978357698836855997790562463370164222432241606752951384289174     
     9611483807071865637317801073544040771984266593196445411487816181905849     
     3661772717257719459844858131718644185933618036637763175688241825298096     
     0260869937175357096838908693610954270672700856910770530961281605041359     
     4292760332735541068452443279973451839268633059311707545972684608558323     
     0479278578472500784885948815131465085036872818350791072516870756554496     
     5949727544821071958126407970213751145581002984288222995436576204965756     
     8897935738022837831683196760746097700757429986468586426258720921066585     
     5117856359301575836212964756694541690041640299664013222236109713504287     
     8509126969526427499227924401591190977145601465210440480544617581470432     
     8897439627345736515105036680
