     3040741307362745913237119011646431559962929421395523912270360400301028     
     5238845384997694488112475990162441863806367338188948679195571384056499     
     5703849707497769552881760183904348680636195841580741658311865028117112     
     2597876243397119376307864709820597562043615924081232523209279466050342     
     2804126996605732239171168106151740248929068229624510965071529144075180     
     7782550594455353004016526645306719472609188254077590374104801717122760     
     4039401317949559154925141051741977529246074359186809427622675825051908     
     5666519245057930610422838815875473333449041129220625113400682383002807     
     8983410718674236606837422037674414681113519614504220608443825194002345     
     6637035062051108727436021382019207416544674166075265465054840983391517     
     8037687372845083554645885634231745589006029197133994577945140461197595     
     6805066222167759361874924943180218974348151625491232395166792251627493     
     7655688417028457681942769171236000855030078440736634224532970472557969     
     3499240552603502462784299885492835011611300040936582236488528568953301     
     6231218031794414340745543125006822629007749040273416008416995433630716     
     2671492731724970862948483420274749721855186423687616979220985646875145     
     5714280673995895496974949481681880318850465762503355429077608212152991     
     6718933949026283269853610653446550443898712589677969425133764709411219     
     5960898486952585111722777091905246101524044748955772774080029424170051     
     9277420474713620645246112025288222909575205826557959540764479165928406     
     7107233072116706082228126990132107982672619047848730410882444292779492     
     6510322208098105680923488317428088113255049302687813969490646033917754     
     9928560191513073743146190982545116061687601104124054692493733017061829     
     3036990706108352410334636522384906535168724302602925766609358484807936     
     2764189709645577911211666989122451397226010712468656123672533399062046     
     5018165684436225844689911441643789030346563123864144294595916302895386     
     6888036491686145437806950016812937884939932695767505210876533471531545     
     8706736549730
