     3893929243627720262658130965374967716322362063426092785540053761293076     
     9171713830551773916548458390820303825262840110021626886325398558490321     
     7344281527130234124678987138701166292630159503229811134361819177905803     
     1116399290745371390295054081638361478023539593472514810246701681081499     
     4724464752385718591037834711410495768849158796055583080360226989502387     
     1038900304546702733183482812408643016675622700842531048701705976114028     
     3993233697694337878560973287440139840716372087832454720697397154735016     
     2086226185909366634974576699023906602573435162471671913667002554105597     
     1442666137889654053334941116080206743828652143813169999988263793183248     
     3012734096978434892662973588452936319686305921588675486719081155275658     
     1773779460062954300877463693480219483589158862753844616924413115220572     
     3820956047653168192080645499331251504474526633998792141681379769719449     
     2559975814612084393325733922359229953461628125316232731522605260894876     
     6131146700465451731100890644637029511926880802455038965791672408523588     
     2349483068975821062540400562803579626550940993791149580288493764720030     
     8693080635061046516523339140067147862112471974315250728563847395615192     
     06501742610985439764869169083019
