     3355411420695315660216096545392178533925105194803176511046008214142066     
     3653442215807622425505000784056022582383160063033120186082457765715891     
     3818985498959714120962643165907164150503029927526720167405451296232299     
     6291761623073467809139160240976237357359396497190780877918691059958042     
     5605532189710363662350657505218990733006956293832151219180539631351549     
     6237013276518099464435147390559280266555549318975179262145698188461749     
     5580707951305407596340047046258322828066018500630221635792921689807028     
     0676623851174387855586683736440432112498536932407612836480083957622434     
     3691917027647370512917897555136981467921578410246388160741866318676596     
     0644086956980226515486488550277055116145219444243077207429429572641443     
     2419429522953873485938461796019526008001737711002662256446256671379174     
     4551257468990866892049521290394173784762802128556859826573567713932910     
     0300980008952653125842530680674490254705079619358988736615856259657122     
     4461273082205338847618132712590862217901719910836058770841034590930639     
     0211964330317705153471359268670855330189115166692553766665194171638790     
     8987359916054017041190042882278781107068399845832009645533363777522624     
     6633185798194945779254745603910299538823153838488857292839999210469709     
     6887809534147521651708248435519966718165016211012162634584075778519283     
     2781410437700168653361669797358295879424097115144898249457430159867723     
     2738284223343181837472935094480981864091436449588466177867973731711392     
     1406765273424239998009592884563206014405038605108152894788683156607316     
     6786430329053916923733102492680683062448359380330020368348124629964164     
     2236638538005825068491991282981671928220071348509795263148888763781186     
     7278768616662539438178624038172800396229469299500351139346953986085418     
     0344055489880866293970062983692675998876876880902064317402811654609010     
     7580381560714203790368631411426602424621834010536211351764304707429009     
     8270429146155000559397357915004178252961614290890932504748416801620437     
