     2414035633444748714978400722421030837269889207419249296211130122933129     
     2756011201417445266273724930195685357103636583388219102210502760298095     
     6006748251600206437638718751481618680663192433221122199784692821208874     
     1721308285982175202724772385954898459319985445893348911090481979689477     
     0309770450602866860901026347952418335741476300250933016699074354448987     
     4846915871976591907458149632778965954953127447652248578239086500420159     
     3891747646020895814756362797908170160302535168497429658163716532422717     
     3405360897217111922585937257224856630519562294900282978958903131109243     
     5934873674633302308972289031453388003161410434709781234295332102205738     
     4705600583216124844702495607664510495792289078051589807170780545482708     
     2059741932563427138172176724760432664533817085506528588003130074857717     
     4477752641898410228248973280889503593614908694071130743521914294361248     
     8827560112345598114122278737559896460017013813147998153347141361359393     
     4652284062708837926822814936990875439019051949933086833076639616731096     
     7304041887162969663175276924679751936053604430471940560824629933801741     
     4051453025449940092149169737824712404560217335811626984512947267515957     
     7716774122490680857736641749428056989760289010282101135213446141865486     
     4920098585936474034780578387108022994560650721948618673539286025683673     
     3151010384957038031626844159908076053367582772569270561856091368166805     
     3516465788399092822454127883843459926641264620585368849679708547759592     
     9297854391246688984086380907937150349875866996202089846526867250229922     
     4155341628771771563755766651855822639971382645100138354008702129972631     
     0954037233174552544206313160607244664824808094539676321609940143526451     
     3103730666958438295741003412441977661283914311088836886836450466329923     
     9923758386847691437096158968847961989869368850833112064185
