     2322034088977142272465775685915774161811633332641769898627062679627763     
     3870630007710056101004251983038143813917459539264909476853349921997176     
     2668321624295751918391882211525666843467492766088317742127519630720351     
     9707892044609675626510002995039637816958397460661176624103295875975650     
     8321234732858113859720678945556165421150344551381789550473008224379232     
     4463911471679803044410709744611292901746339184447492786455399802304111     
     4405026280594939964722707880683359787725248381266925338470416096886142     
     0360582359460920094191754838671469638547123834077682307131878485057496     
     0233810703430202982897425621714674956487355107779410941914942493661252     
     6854468484771054363504443778864084509217129341633132675917809051018380     
     0685820888569425760473969097984211306681492926176512988707569618798932     
     7856210650891313409109119418013435653284176166408638632880421267936843     
     7989248814555596178381075923109449315651223735488064799164674458046431     
     5906395654132845538584318442628013253200324412727964229444632322458849     
     1683154252844471962398903230258356065111437428247789969868161607504485     
     6231679096531742272699670309153802727959369262033234218801001447230074     
     6079655193498852897406274646409847675328534028452553277930133654980204     
     0625621406045642327260469720396978689997481935155944902580405656186548     
     3468050142912325032263575100526716468872628631230255732906860992937413     
     0623650036146570962555116485699371632330279412795384712507628885023979     
     2412173413630910385003636086072014364873989751351146348841598574583529     
     153037301464575845313552111358396122130124026999917007934986537
