     1978645060501178022580090009218523220989384641375127774536346631803900     
     3624454427051736303991803279064490315420829969887630759125801168299763     
     5573903478468811442117792501953659024149205900955942102321842189220391     
     1393302775338047436976966201791580480707095978052847419268928321509472     
     4364718263230214246202346781118522877881382584333365002257333253066940     
     7884160626712424495551445746142553460025787037891918157322070582691102     
     1363642782762515182869281162463089767234292517527689468387681751751772     
     3861048543138130859883475229078149302574392491945271718203195074025905     
     6701981088502384548460151036271892107825057623043959977510453007026599     
     2633090839920842101155997305766690629639430147706125941969052515641076     
     7821155383287442170392424372995970085266886920526085418359668055070386     
     1956232222000994574336849433417062086099267303868586902565778448270586     
     3343031522663984331449684701407822871018544465507773584350553594363184     
     7489626065903270248480416065737742256126567121930879829308479767179972     
     8047947471791975854694781229276996833142267965232251025834223083854169     
     33594216390575253758411680825862920
