     1190397854400659179129847816223092755682435595304294132417703336918408     
     9218855327890096438704261019964942865278610592946669057247428738011199     
     4054332844409793415828673539775410695208077456558581058954609392483928     
     8161850743101394736161267825368763836780863921536281134657434848221939     
     0218639496759410245134926762505501737904887990667945569796283303379061     
     1446259223050932065800497560302876897511323461997257457754275275036367     
     1019853049224713521277039080443969428438501922685308223188903356799284     
     5570722351348270483327508136554360861721333868362469894831885462707248     
     3358033249727414134436000335322106342299606070594899517809483796776703     
     8072738533046951727478260850090141279264722969906949885860982199612073     
     1226104952733182369737378166341680623102082524741483755675742035285399     
     4932957411385799765773057578757688130614190773364542595136950098468836     
     7833723664032188853052350361406659841930911521747510707894750552334018     
     9857660170205324756053987377340526528225925810161551290603986158381027     
     1374619070559237553897193649002574403676441013433188228901980002844513     
     7757236694521261566167380933914888413806644392949792527215165652315943     
     2474057057731055078091748290268550602357510823546518145725730895407339     
     1366474970007406612335037582489361162843605836660205434340583130449182     
     9911405426105236441641389336160208280616728031398671132718398524109783     
     7372137245217612971286086743268138276847930161044781975602470109312415     
     7967258885709944546212252357035005778986342071185838341684324950305542     
     8089073721672665531374833814265359512860292488965703760643631301574362     
     60315885403326176461565848973754616807975535309
