     2628245449346531704316829536112607574922337223829573348396979503490722     
     3689590860848311484030922831518574172096420678535592070036586843814490     
     5555844561362418137679915454477689688017240152174719394782422747340109     
     1389033683265595274802305996556816827859656849780526007784843861612484     
     9197245773973452904724862857140468367498399405812145965241272335988586     
     8710616745686756939072291674199498984258138963861122093336376169736503     
     7381422776114499652161649422945975851054008972488324681016916424274806     
     8098700926283424783330096297705143348828307119270990500461265292968659     
     7993119066875449345070749674404001302423764535765259395855655382048483     
     1315978527752106997599577774660955557705931706510609823483261697999558     
     9474639039014393818629176657633294899947038597257728310249865561981316     
     1323475256069277800973695774899161699328460706707918384286750182895388     
     1586269857850653434366020238769447697283068966266013297294894628906095     
     2912492919810356284339165294782552606014066776561016558637798054512716     
     9707393333185305931176595663112176060751825407734040026856264392986690     
     2989115206261072653321207615624818132620421127951425083609397444863289     
     5090480570086939276742368448640802564575730449962717956647338631091001     
     9245627903181487371085829303095798272496621448176853116366991521276224     
     5824786888467103188655884572747114889210319463143260025703049200390520     
     4066258788051931545091531853580406052232962963399020253429680371401413     
     4462843672481195008697079332974826855093289918311231466669130860248002     
     5853626500278668301288402386941317902116435184715026181008870047445969     
     3794140973882250796885198454677260232828589021692941562735771742223776     
     5001760697794343826748870160274668869246122620846093317610909639710420     
     1546491618707071144965876123962647948690410206448465281201383698949026     
     4852214812615875805569464500701162830036199132126332952208021612140256     
     5085262489579555921077918340823872603140134813321501511540178208856121     
     2527685342127581042870815971035120313934747404582879323024095014175635     
     3768316766042847
