     2124587091422874991705336902653459091407855457137057631835969769280386     
     4782541766262967892092513255150689522911137903983374096248701136082947     
     9771817442301225939724167665836664134660711458495340355027319170241440     
     3117730333024867955249500095158499688017608571055762852483177148360596     
     0967399983219514863696346328062093101901482648491456990350212245893129     
     4053949766191352778709460815139124036544948914402011950931399104282958     
     3443497018828729562346629495149728475738803994949811607655209045620048     
     6086288898924391888744372557965866915805950686924040611424371115592891     
     5600260021656220600004535780111714488970021323538797136702816808743563     
     4032075659843915694373926853211478532769358057860896910765167841184073     
     1631806841200800386349363031759399425568957736285268199613672213938902     
     2497951162467272156180539409889399174290488921902017302249462150257516     
     3190691407811494881120153810495625825682145285908088132975546409257442     
     5026438663117758980845946458920015135282923925382369044271572852188299     
     5858258759477163452767292750814964264597730352569267601803433717201762     
     2666253777939365765328422023286140380911208546213967196804595150597328     
     28945587829880091509763523299807945522179145416832530364884684261397
