     6502475236309154288082175621939076086318960027693043425176900894360874     
     9876439223592285196379952613308859410371037362709841190218549602866913     
     5665883329073083715090984757743816988709115536233216886510031700245007     
     4265444067189191515345299861243098511971939246484709833753285221539224     
     4811292002508609397191340364087305561451376541254457083099321138179084     
     8281579829158082358669920751748922592137835861568831183038471646809535     
     8142044224937743181002732141745893058816319259533112951118896714845378     
     0272776488871132515376461959741842975993266289783210449792316088530677     
     2083410607172754830165721394902967845952430179073455951801673492966772     
     1587954408704854255934493502029352241372870080245387012440063075438657     
     3433399874494382378278893349712168693391477099333042500745532084565361     
     8379582478854930667089403502783942506477403552812265854800208549020946     
     8503556539395067406382838707697473580745075927847941393629553071934530     
     2379053700525910171373805740582238649662071378679257701529915034719690     
     1453698047007021529478958445165509252471653545030708165507854264916608     
     9894443640035533513726543242721500411494388822247460689948355991101513     
     2082173488390912967165928762125853332912245092870995730857234962066040     
     5763645636521386085363733305947907434030984859450421487098752394220031     
     5880135285860594719660209350261205113214077881621534467959467475113927     
     1460831359450622434876970780794184998746497130302443486869242485216880     
     3464926304139287230734674537466428725422638838105595741731049298019644     
     75560779881956043070405727983601862333759285679424748707522
