     2614101718911514204857613544573153748813775437781382033512401921565224     
     5282430882421106447657680858114750374726730438390200566189512621119029     
     3331825377936936075028139312546894323364293066706594672180105294205178     
     4445316083803803136023243911334035072015670642388709315362516055878438     
     4468764492882218617433705958968733164988797550138637140027784237467045     
     2082606581487622767895255180468970488870989288376057559825877097228547     
     0209634174064330432247522238308960862442018365226941697071408659340234     
     5656327730374419169705473438197527237597845292121219902793062039737223     
     5627224761203685832770701420426217952186951873532735342266149140108196     
     4963533166583937945568862560483912833511420855915456218580710115807403     
     4971389324075888269830030233106650889327807116181208090558818375437038     
     4399662273940284877703058942300596107122544250516910561317307715427698     
     4851805449995087211322423944725056376618399467590701826033339949143811     
     7172351048093324980187626419272626303704009736598059264342137586021880     
     9930642632931967097972800618605202098201903813107670984266108581571230     
     4644241476911204711720432655092270563549883767732597578797144986568172     
     3031420375164521827301151955986252105875766307020493769187074286699267     
     3432835510060230112703370927534073878735474254839157709279912922902268     
     1654926502998094712562514052041990875972792045721043331313268109225566     
     9032948679992142930899928211593416037359983620776987283540733939136255     
     1154725781916257970128883636883716975442538573322407339260411321136747     
     1130077828884274647865488605869436965393967894834125578646323519230237     
     103154131980781227614126124339949155
