     1660330338622250936962785645245855477606315062008502692565857551096596     
     9009956291752094726330494519809105676114447799785119534090313808991951     
     9759108400484095416117834648672952845913498927528167983424361553151138     
     2871686707799233005123268408422293333647583112422334802498035091978409     
     0597246427480106889996368270928210428875052309743383976221749938117270     
     5372385448268866524353455411272320757936420637188776874951362081353803     
     5632703124460272189608944902278595032201382789670153308080741184751479     
     1070994750252754572891077921431955497712734405742441835798366106952997     
     3312610594250928317390973271432733405319762871595607574529580332987638     
     2005947643383997489566310380043907463005307248137702986899770822389876     
     8521969691019547699517078430986756032509338682892225151758599781055686     
     3696627039239104411355157502610956348332437337769719194415770072413477     
     7794646160784141778161133401958055887955712495117652347812600406826287     
     4469457083017339411218262188913346903748607588559715652000869469385436     
     4392381176950739360908313029446466826950865086052543250293555078160442     
     7312073192000007856216117855814393544387523550288125613922410239792425     
     9695759942391732929227872647267578957857277270669086604378938997097331     
     7802551182921825506590513214890437377437818050434495618589987794903169     
     0314141993237840520321624334982706271119559575543989360882350230341313     
     5074321804250111423538998083116182463657275596799033938575793698011274     
     537457841661797406482661926114615015323473230404238086529888
