     3444334730931081003988741594285615343298624604672907822920593745070238     
     1068772695506454256487591050400527467603322445243647988203769207622246     
     8779146310584027966631090189277685419572717908764821429326175198232710     
     7642026580594167696534722742545049645796870812977200076246179906590303     
     4173269578159967923199728536750800559928453480806382943941858852559981     
     2422644361552813488718522613172299827650116297829399867445887010318141     
     9268979400169901994642216806113017214484111880877333055360925677292547     
     7573772882692285624468036520098677763837424235481301902728930839496921     
     5870488696189336609299759721517514025501625973594302218805499993099572     
     5595312111209255737581127211049766617087652687605434077686156615302804     
     7221426427429697236516259493575568417191119601844734416138650251441687     
     0296455529378027338036524313972052854242021568214636821793074375945751     
     3722350735288210709662405496337371540441013444112061964378877977540732     
     0833770153605816578141282892535002595557200364506492670167145072682876     
     8210402995804992032894376632638787592193974240697731462417342609311281     
     3331117064297373474850946738192421094692055974066861530460018159158701     
     6350586791290544589827230483506166379140081135920276141625933476828461     
     2565771296621865315396703987992963690071180890730253531635500467117840     
     0195617638079207154035431579923627507365706023681323558696173422357562     
     4017690360671164251634053790411289966790170623497132743331503276083335     
     9348656741794825127098033391429558391240667191463548019414778034636861     
     6686315693921196054436515785340107814627779646843297878617507198264530     
     6456832512127793798933507873868445163980447920513437547641583778596026     
     1307272088633472218565561581993833683113802860396996704560692007739234     
     2508807492705405748707942450791497689499068289721372672370656416029923     
     9336996856654605074641096072049262266328572279480799783114652954012109     
     44930675482964391010652349529256594693184486853
