     1690649011332487538370997082975953661280470300118627907198335136321473     
     6838968150598583380330978848065281025600393529739019321317274685820866     
     0020543239931598129347277024452488640921918051167020547482276530232851     
     5685108589957620997161273684216599271533105107837500826954400648363887     
     2588027784795533242331240782033349195431462744624707372916211141457057     
     5342824586346429522886489588054858933057780376274950787968819746037510     
     3384068615241743485959244541005964228953469969360470422425467254071306     
     7740397705033674633774768355266693654102866683002634629393642174938630     
     4632611188046395644480630219374428286185033229102275372452519959618601     
     7697481783677239350946712470452895236938523575590413005738009285121760     
     0909113008328713589768120582229692344318687633908678414301188034814049     
     9552611209114415441035752130676241747260773878068212609412399242495504     
     7347328880161872472609669570487102021403609505576505767128279860784096     
     3675447015634441013717782832607565522831671210813622465093368603034459     
     0097850710903971777382226193895351357271172783429843361283978233853577     
     3435459302363880357700869414702600905713301898358314038646349780553164     
     2330656012344516444812804417673346797677121291529909036014180045625403     
     2462882811769654453609078180847337374256598093134087078754962243356196     
     5491663132791924988843048300635514273412723398727409196045068628093522     
     9556027044340171266107132217631872822522122704677557817252655832814043     
     7694405689709376641534279712137584114752372028433924559241619263780248     
     5566553415809795465040501143347411207823151123857053234731787125614083     
     0164290927516438923990691562696871046703112799160081969639981820523487     
     1009561720024050266173964321829840403666185272830346447500226707650976     
     4689477799586075818391522336341003755923663590225623110739138742874405     
     6275393644789563955381919455268359353256516138349104578313917247941353     
     7983200163500926205734984194934753065428657644550548918670293168398622     
     3627259192141390821209136524693553747386038471308176456133890466585413     
     0224444525193024547559470180837394294521650351276716912633292105026116     
     6514957284193056985557185572471234057585682708663097347589
