     1752206468105163835016953784477328947257536262930484196274983614806981     
     4153877837859216883151598735284480254452076349342320749588796540663503     
     5116846598218707788260115651836812539758663378608786466011583519568947     
     9312487421847499820524549877987579813052535231863325311517041979490064     
     9530934236621659916127029599502837731495918003525189140325449403023460     
     6960615835539742436498709277644803018881388678379317697420292981037765     
     2072376319888419147258686357896879908829110243679266341004723147773315     
     5461078229515390467593124631471260977505785011326084635829496444884263     
     1737099837718437618223312617055834958717609822639442165451106119138613     
     8463673905460848694345613573127580250058005927635899376011262278925156     
     3177408713692952308153756803214797244301832671529315287660520213986565     
     5356325889782637035682779211258188347009956277220122871118377612609253     
     8425887761768589540902059358932999179713332022624321009304875273151469     
     0529256018973108819216264909269883235847112660478563150519551990647994     
     8470600790945010726478234142761730780109318076246986013751000098826286     
     0941283118895478146235336657708206829727905652196513793295674600931567     
     5973806396533366430330055060426330892590789525106677785753151739430383     
     2260476075222146003167657799401561835911526332790528789883060281832769     
     7706372738593129616950216532920852492147984651739055730700839062494160     
     9200311701282567006957555896075125242172727663097098066583802572946627     
     5733427789245461887739286955351307615494082039497805569479311037747922     
     3554711101295286121023640117042144914311337124047073657950029387654635     
     8799017834156921234938472292360424549948723744938360585129605829971275     
     4597060119981757446599457812123258477022613103876911899892538353247370     
     016061282290131040877118088
