     2871269090577062216848439680113799248603075540921899107806121100403675     
     5280161079565991421972947909589734599761236244485722357381444043190076     
     7977939752131785830854825353071822804579170545718882180322330812520248     
     2193788143809872234936802973731254640362335702881737103878820620956453     
     0075349576291909192147074998369501475447242411333230424458484840038868     
     5532068238270025911378537047070220391310672302838452079471267723911536     
     1088347195077907414034664526250272040718954160354983248333372125533882     
     9508617631475764908562923552943705802769254479712608793201209793102078     
     8004112668058856688801262784995065091230118608670944642205127721374997     
     936632358278029926843780702541778991055480098065488789
