     6211594391292783655285996445757171686392813289807333798350371992955717     
     3211378931661670355846046652325146345014836232376417822622157201868949     
     9813891890577343868135769514228675922210779111106845845237824730486043     
     4535148453191598276801851881381342431540688960774126549333040275899579     
     0532018812729851147663434005573830019803532239467728348079010645965228     
     4807089775290470353053065863553905948711588905815328296835376253691966     
     4916288921200415868942646408255282588085870137041741619089111312801070     
     7829374858250280265503557410321136792474220138351990465964926409183726     
     9248542295993422204422748816673421900831453833784177752243813019532043     
     9292900428053024514338284217491681186026626367201778417518322728874280     
     1241772007187110690982842453967204384825400168722852216684087333499158     
     3160121931296621203854113294005392133300023051956564896685968852157525     
     8452159716389264079068769086551056996473866757867033197467098759777248     
     2544617026921685247526500135637177227864605302962829904345620413461468     
     7843741619792076733073551883811878134997405241342583533203403231976752     
     4402813444959687392271756369335099461451232412640829449519992168697148     
     2532698636498585973497366048574881470898553674703010925112704107802489     
     5686425067044377629773250330512261466787057957495595419679227237377132     
     4680659096678832735013774030858105405026168131092938918264916437390221     
     5564368255824104176831890309123976471379862853542992039151160493919660     
     0628536532544074120501800521236221261332839299368049947005906705574767     
     1360192852624575058769904981353242027278853879769354963001371519690322     
     5213205348797455916964965821979930647206618646282310179755090192500689     
     9139217696955812667468968934646774250121294284174478259803398743835057     
     5466274831387655533480988859103598956166048067139234673594823018338218     
     2728216788077987118839269139294455407244836883330440967243928474024674     
     35607320561911164493228415541780520054203943392450123884492008
