     9195951596712898278742754798554207503656728420344698000684898922208464     
     7709483292734602951009756929758093584992558101694376215387227627790087     
     9053969835413422029519392151624575345189950384585945203807084813849824     
     3558884838724039294775827871778058050348975762862487599288284288431885     
     0806192874285364733957302934672693755465602709981335928611841666511049     
     5819772938923372276232735892175707559690992269639238630671015266146883     
     7553436398091056447522218182700584834914541480132352083847310307107924     
     5127864564773122057860563921433926378068537829180797992758579489468918     
     4149340796037902078719780839919648766762443474639587080625992634993650     
     5622845305553999419950427981302844471944219661653633405124935887537724     
     7632828962107951120349194308408895942306911767921344060198414481840608     
     3123383365773414132379169922733152343152938826821782194115110746567641     
     3877262889326788919357978330780397187750928999070120555200426720442307     
     1656101558878447092980949816038852633996558886621519489216613576769716     
     8483050875133784907038784657260993507181371138345730906018121653408070     
     2100115886524004458466182638599738031517185705265892674983512979650991     
     4385868984570645375990146446247251530185337913895495946402246777849446     
     3201698643459974754787099691756999801766934183995183700564382955923332     
     2187508468455761615885468197123236234433818547742094740121901431827086     
     4491440522185594349953964677114252243690610544625309321886611205356140     
     6588565670933233853367951922541483332461563129250703145373041818759627     
     5745887196345219723207615069004014051514526100883582813594096298192
