     1507498313641926377335015847016380541367029421646126041085543779273630     
     0471483657608150414175605014642237992706453774404244381803627888502626     
     9562855154768513064269602915903085737989466139467892272027104033592736     
     9902928647445287617614759471708215268973089941279098352615935241374982     
     3317427819647074905708910823442627792071556315183023734116012692121222     
     7831889414530625158435637045366641140072830737293678713507865625454635     
     7761349866449676456246247806239107956035870296181172662494666440759005     
     4014621012022806352368962439255255303293720256042886180998478393174142     
     4503316456773645880708118801544024022966503088134172653494659769835898     
     4040798550985407537541200229837350568424676220646597509984018148190763     
     2123836809467822592604595820701449950335437320569089913851397191075151     
     3037275287226376855699034171954785045444598446674417550485808698940426     
     5374792211372679399560634133201789963213242612335995285773209
