     8677149656403110212746955057720411933273919832161967592605140165896030     
     6457028729891170053169880760991376732341175120813796614459145765354232     
     7308636739099189355876502934922931428168042322575128420448345921612435     
     2541284984165499020200401294248335413899994796154230363512981687937827     
     8500668385577330595646258914456777144706335887538218619978308372625625     
     4268907110180202166580348276414786461960570530025886368310941860780223     
     4564053790742471601659255370947440883111193616943990135686190247441882     
     0659466359578187364879675940929189140704560974533906356062463315733405     
     5678901634234553952145705877673684452208474799468226457819929101367050     
     8389256384358421401588979099337936304623507002046095660589556131550895     
     9861002982600719026247113609791903925842225487811352517893329449733268     
     5483228515429722899198576446191687540079756359922267947515693339532641     
     9617658588911477318911520361575900022367505408412856863338637612269639     
     5473871261334431222262772613172829937375966148901789675699584581791411     
     1053281679356990883995884137390451826727364934279260569998681173793633     
     1212431328331360195281148990172211726117679614088167572944489034764029     
     3372554809286209340719200282252884056233977776767696640734868263174315     
     7965015880672082864745787331863261729779916674836290434310893143971284     
     3945906666325215656621752258539418790333359233183080697312687375885346     
     2052068365009226452820349016629812465578300355516433875981489721020016     
     3951620949016118782513912721683312664716521387160175123829634421234355     
     2660777793219053657231397137633642425980018550831188697693166435849744     
     1266703808754607413691524692512815536586644222359596379517167967339806     
     7206786447407873272344353962065523233809594853794893495886628619982539     
     5698341002968356463315599327412293695398471052708989902877442760775496     
     2750279520419334562179331754896469993725759442473052090425573848955805     
     0614483721237174569254065042122702900029755720538169714604385564447184     
     7987189320791965888653262553246103079307015028749777439294732249547245     
     7970726046537965730113261656667165673084712042686043428163075192771251     
     314146801014907426
