     3636244954986121755571182645165088308803630385882404546024009280272774     
     1656536381191631213195317265256484947206258454883587909205555857362559     
     7328014814820837067899866348547788520265305820863453077006725054570592     
     1151900496035991079027036223553094586780940396026558509950321261087924     
     1328756449399649264945967875794149946273474156804854804019410320788857     
     9650832865670033893496079003596787289934382277802758158593295373238208     
     7125619016420135159529179163842453068568112002277136644735526971082706     
     3778944428206263792646013513147359772546580623080286727078346887673204     
     1451503433154966061957187299043687999881938614998273545625677834161350     
     8302886802922390738442366697684934757967888486210376792788846648170801     
     7267127123458345760076541258487243081105189980032490239108052722273590     
     1777017299438442767415521284363597893053219068062975634450811154840419     
     4559145468347020540546283038256518013791517984826929633649227493017427     
     6358492636586370399227124235885058287520343754368161397792701339395297     
     0960022041383544442717433776122261579252918282448483004197995805613680     
     4100019411926464910640530513399179496488569085920272833448115881024065     
     6395428999568625263163555762773411542023934147574159219984438087866004     
     57938578106548146004205497291084851574792833617178348825632
