     3708251465143903236737312891938387983478132051671999126105970541837365     
     5156502452159514290332245991778314350817669102552505498382349298149444     
     5163783614396913470767102142445014638283068199375944037330626556425632     
     6733048928901890960065271525191107826313159993450231256793209367132889     
     3349006416578267356221119232468269371804554008401726373914706126296858     
     0729361026709706102450500865548531681705150306319281301790327292492496     
     0724504358342489059880905073394337309892395560818299073238649334283653     
     5176494253032953955100154877247765815530054624723134423264335180945319     
     9820617036500843402563924944892469262736759342067069304668554479323112     
     3804367082987787916030723839040310712809996732925552672534457740038416     
     1022079273066244468348884004244927843559407108196471838880318960325747     
     2669468659240063953954780173344793621623218253636954091047724503338388     
     3010706050426933979299114137686592231922618194378083920067720695624699     
     175320277
