     1879218578126483196394496311809838258846199538089626719947546928210427     
     0374546433075078326195203863570436034992206985802634508145692726026218     
     5617005176043957809167686103304438173071273870428034708819635897760156     
     4131272837198145670382203483333029185975732388483234342690793037241086     
     0684058185895783343793607111152745731841338947664973236168807705921300     
     7579007969167863002682996252316664013557064160936508399883409676267946     
     5134866640997063114595347581248297160931975089394238481038594572117897     
     9925356973685305485559700753152498675479179542019068093413508369332743     
     1705892659921567441452465005707523685557809486061395736009493140953835     
     0756739785265101585759
