     1421375087054450179742520539942830263174414263257839843020614043330005     
     2668619108204785836819127062449879724438808431172270207829274157123055     
     3119990702666079968600298969466122764749027932228630560735175793949030     
     9534799875567649684037784972466117948827265723044541093037283227244380     
     5975889937154609502877416879546758963708424452953862937688885982425230     
     3105957639174544401262410698461479299008905362584166483242180480578314     
     7854556697887947953359437366163543490623653836693987955447253934171314     
     8673480690010156527931404043777960724425352349249772960333068725423977     
     4625030031443448240303399725852518032674022931572192515824586876075289     
     5073418671875449747917673110820682754426164578321827014231367600325151     
     7407849689350630365301041123201050728988592580741791947806477521688920     
     9656014258144478573199733259588072333974212617662888520954992069324409     
     6034856151611577162308988299951441687162216801609034804317941340784790     
     9626848580925911221001533012086931101102393038516799655931088365497824     
     9680282466439318566302862809592375895608393618590327654406251360862826     
     7028924960751251888041258578809134055684487601372831858326249260423550     
     5993886357180824543230970128997353813259195207888167651694034951354683     
     2329709013187856283952599074107401240751789347358913653803629364203919     
     5803939504656622724281901471802427931862914112141833698974406279095320     
     3192962094313820241441953404753583402299670430835556092073451273584541     
     1926623313369521630552313649106914923691440655091255707234597322080638     
     9883840722467009188099585080921726335689043076148961642952969116494133     
     9117574318761194348504469705025142033988162486238195080332453451720186     
     2394946423871071944723060734855945890769793561224076490331239248478031     
     8041180114068589112115985556501564059590414674960603903068020873257126     
     0193179066059292095595834654905039972899907983852979888377106044002607     
     0568201683803128206845415938397262424179445226591822777047071371895390     
     3
