     9234757381502171310113210900408275398212444727027978260880011351547565     
     9193615932904808083611108551521667063728674861616596000086072068378424     
     8378972264346345495316468749694645995256955399045271179522559952728120     
     7375170029792153582033043743199953189400071504669985938634153174254469     
     0042035868193980339150260025038139088248254969624352401927122498168122     
     8530506166232178554324387044292293718865710843142702114059851047722223     
     3637416012171457054237697708674042597547099047659348741449668442143102     
     2619413406820309919956496609838973877936476000091567630102811454946502     
     4117737215241533185819633836416828265875722626839715534900233503686933     
     7667154517295644612571517006278893511063901160932002591684183911117709     
     0054419400654497044771018307029361596723886861601581439050931019106263     
     674611554
