     1302525627477710474602925222198811064762223572340878156425870930124446     
     6019815155841208429448285511817630159114064626842306739956947056015856     
     8751151273217018939914889434294180276298425367898106249238496511119558     
     0646198922473651583612683590721316635487010130152598700980561041435149     
     6442580421478029297289180500203560110033965140998082183061840877421906     
     2290066664631381989591774213426434634632532032176401477546801879595999     
     5797231332879327065273910616013688769567769709928626548671421010971552     
     9948298722942044444764327600001229227040962184260302230374472122430720     
     0816902572007465084104784282609125800237898269560339802418162326633496     
     5829408348243435119740255836979291957926734035051768581401519040392356     
     6757551227507784904074146161675356243167005002684224274866572270283774     
     5058499713319358250692384552935164198746426433429531779849592853441555     
     8303787314822470450535282358274502488856937680154732306735098849684831     
     4122386751049556608683689906681062480881256392098757086601189333150488     
     9965967666548944342232926299504591330169259739919993813664037651586372     
     3407568771355499042844657111097903182015485184364784583344872752684431     
     8077424553932908092914780480078789108726661187535064909292620037186900     
     6704030824699475967817973919695609822297010707404564720145339687566315     
     4609743452609882999987231208536390506193277026041421302599668751934239     
     3180309307343105010190167010617094494949944447980005961605842282587858     
     7226516264619697797444119068275414175609557113774693364910302505775943     
     6365215681283841567659301425594602420571691028684566943826604528890098     
     5909477319174549097509687588260138162818629255345784102436822810604841     
     8679529883123784161085755366401556964427451903968368992232670197019338     
     2301094092463027946317812478896823174030492295423151778759766198310893     
     9238464877383069185799264672229340609731613002497101929996187397447801     
     6317757448897631177
