     1521500437028119193146626640217453815649406203932938650783519272056155     
     3980114476359500513398080979140174498334376792297782001970779616243519     
     7039573341696595840594769841099148188919969301626024008683620390488288     
     7813297986273284360087963094458756368102518460698146507355747910225805     
     0414020499941290335270655634126712654337515666850714328127488571513528     
     1440717636534502255998695205913307339192785672796028945892490552528601     
     3856092447552161927135275778167955751194066563311770704857757871855794     
     5155114975910742442934705465037799763182667038547005029017210897406007     
     1771754810883009350253366558109031421713187624288946616946311924059390     
     5169573988892032314719953191919129354237269429363361106856389646219065     
     8690724367715848948075505211336124704092616218929962675233484510086001     
     9880594813865309694611262661921872022047906024831963270247011397559079     
     9229065579487368357818971659296295954057560112199157178992055170750461     
     6479606966926901699451420764009291382919034704710009843788542543131644     
     4149130203601111754121038061936326186000110957684138065044683277324254     
     5490131528583069689168107491730244852532554997691569785250467438696535     
     7158727380427819625313675045241709046681139087680063560427220495103297     
     3934138463230021528874497403130698583669581892753038761805292853431331     
     9374756067817749031511327144905511877654481524883321567709970231437933     
     3830256858869237089457987316360585082345306153603910079554068934156094     
     02273890
