     5538682486509304578971927573751843017022189350281288679573285931276764     
     0776600747895360364501484763482188491113250173855579439035849877267888     
     9078778538783260974189441369373585809088755620235602990115784484688350     
     4544856581679374516586680032001827863111646685832620920571836907723824     
     7552508157994248255588492704282337643917358879433189821790798579648803     
     5444086542673940015446611387306754247318684853956652217948551758023684     
     8152699413711415852511217213300456644085882232546542912221520122084389     
     7912088475224285979753414775114923613626134758028098991912213800553805     
     8722776814706212107281058882998453838672114073676750947162638529420635     
     97192616876902834673584311276259182235158567313209316363351016793
