     5836138829056030619170416910608231874798668000021343393197163305003028     
     0185205299621569550267928062184898829866939734796777513955223895293099     
     6736102575149115367877688287505118890804444409460967702210411599237737     
     6645867362103278993570125827364584485473447486680962605892208656056976     
     3086967531871754498559242373100918321233287296788839293490660343688685     
     2332974480205205205391906031437175919643292955782170861438945549216014     
     0756595431298900185912229603519807696697638463367833986650122339410078     
     9168121218883398459531132008158292818191637945497599967215678718774698     
     0959458778966949964552720074614457601673892606215234003834426252593493     
     8112116738817662183
