     1847038575819637043975493736453421108456440720484916198365915471000692     
     4817959483377839011855415945944921118898836643594623912785158734452863     
     5838795308140095977783113252321332987847655091400923190290078015810701     
     0563839513621687946283777165414091348499960453798835792015967924153503     
     2381445720578554949399668648680857214869388843823320003734891534123119     
     1887417680987090689735418148576277479656220522724670640866112959347084     
     2264140705213537656212097686870450479861433034565187548712895165239475     
     2785088822994702769043801136574456997471231503144432371613572277964804     
     7961873000134699298807975372520603274143473601648379585920165566318690     
     0281824833115430039958231584081733567995336581893021616367462057421438     
     8354020253492432120558228143641946380505751671240420567234332112370110     
     3924257064573435285604464866154981919918389791858360088070706465502780     
     2392052393558273958020737401956621540493343740123091881941179529560752     
     4321476479665700183777226706119486027079767414522064477018429439537102     
     1844905605781154456745200207233000543556314016617975268800686091329098     
     7576677596850471243544998748801455194320419663634189284422326646429634     
     3681248012932318893897465720753525959527554651821854492840556113838952     
     0083418770635969423146764085034288005333751671966018406695533233710185     
     2250469292236103638680845925683267944526139116467572576508581149559651     
     0568807303987865760478638450766099120268448689550004391581775984793858     
     8564565766050874008344857562670416327388774539318728348143210953630374     
     4854769144889949443948701441216534726386316903335068440507604208491215     
     1127182024873348565250378925390133397494316733449310882218860880501850     
     3594266527455156931965977121299458565491203411874012948488116148439748     
     4624056130511070698459281943432345027536253362006944700651412681419030     
     0660426754643681476313184911280891016536489907527226588269806386778996     
     4680538953804340665397156887791951853979302739715401612734744142695297     
     9337171004964886593823092902145557125177905638063550217467222048887284     
     7082658466182607276442463010713633144046742752082522610999149720260824     
     77600269334525313
